Insider Trading,Relationship,Date,Transaction,Cost,Shares,Value ($),Shares Total,SEC Form 4
Lawrence Sandra AJ,Director,2022-06-03,Sale,70.01,400,"28,003",480,Jun 03 04:28 PM
Lawrence Sandra AJ,Director,2022-06-02,Sale,69.98,400,"27,992",880,Jun 03 04:28 PM
Lawrence Sandra AJ,Director,2022-05-26,Sale,69.79,400,"27,917","1,280",May 27 05:10 PM
Lawrence Sandra AJ,Director,2022-05-25,Sale,69.48,500,"34,742","1,680",May 25 04:35 PM
Lawrence Sandra AJ,Director,2022-05-23,Sale,68.22,500,"34,112","2,180",May 25 04:35 PM
Lawrence Sandra AJ,Director,2022-05-18,Sale,67.18,657,"44,137","2,680",May 20 04:16 PM
KING CHARLES L,SVP & CHIEF TECHNOLOGY OFFICER,2022-03-10,Sale,63.26,"1,200","75,915","9,727",Mar 10 06:30 PM
KING CHARLES L,SVP & CHIEF TECHNOLOGY OFFICER,2022-03-01,Option Exercise,0.0,"1,130",0,"11,258",Mar 03 05:49 PM
Humphrey Heather A,"SVP - GEN COUNSEL, CORP SEC",2022-03-01,Option Exercise,0.0,"3,029",0,"61,758",Mar 03 05:43 PM
GREENWOOD GREG A,EVP & CHIEF STRATEGY OFFICER,2022-03-01,Option Exercise,0.0,"3,754",0,"40,483",Mar 03 05:38 PM
Caisley Charles A.,SVP - PA & CHIEF CO,2022-03-01,Option Exercise,0.0,"1,298",0,"26,031",Mar 03 05:30 PM
BUSSER STEVEN P,VP & CHIEF ACCOUNTING OFFICER,2022-03-01,Option Exercise,0.0,"1,058",0,"17,181",Mar 03 05:24 PM
Bryant Kevin E.,EVP - CHIEF OPERATING OFFICER,2022-03-01,Option Exercise,0.0,"3,754",0,"46,953",Mar 03 05:17 PM
Andrews Kirkland B,EVP - Chief Financial Officer,2022-02-22,Option Exercise,0.0,"16,692",0,"38,783",Feb 23 06:01 PM
WILDER C JOHN,Director,2021-12-17,Buy,67.55,"6,290","424,905","2,657,473",Dec 17 05:30 PM
WILDER C JOHN,Director,2021-12-16,Buy,68.13,"6,745","459,560","2,651,183",Dec 17 05:30 PM
WILDER C JOHN,Director,2021-12-15,Buy,67.64,"6,775","458,286","2,644,438",Dec 17 05:30 PM
WILDER C JOHN,Director,2021-12-14,Buy,67.41,"6,806","458,823","2,637,663",Dec 14 06:07 PM
WILDER C JOHN,Director,2021-12-13,Buy,67.62,"6,806","460,192","2,630,857",Dec 14 06:07 PM
WILDER C JOHN,Director,2021-12-10,Buy,66.96,"7,000","468,744","2,624,051",Dec 14 06:07 PM
WILDER C JOHN,Director,2021-12-09,Buy,66.59,"6,755","449,783","2,617,051",Dec 09 05:16 PM
WILDER C JOHN,Director,2021-12-08,Buy,66.95,"6,775","453,612","2,610,296",Dec 09 05:16 PM
WILDER C JOHN,Director,2021-12-07,Buy,66.73,"6,806","454,156","2,603,521",Dec 07 05:28 PM
WILDER C JOHN,Director,2021-12-06,Buy,66.69,"6,903","460,340","2,596,715",Dec 07 05:28 PM
WILDER C JOHN,Director,2021-12-03,Buy,64.53,"7,168","462,560","2,589,812",Dec 07 05:28 PM
WILDER C JOHN,Director,2021-12-02,Buy,64.03,"7,219","462,265","2,582,644",Dec 02 05:34 PM
WILDER C JOHN,Director,2021-12-01,Buy,64.05,"7,146","457,718","2,575,425",Dec 02 05:34 PM
WILDER C JOHN,Director,2021-11-30,Buy,64.22,"7,049","452,677","2,568,279",Dec 02 05:34 PM
WILDER C JOHN,Director,2021-11-29,Buy,65.1,"7,058","459,447","2,561,230",Nov 29 04:58 PM
WILDER C JOHN,Director,2021-11-26,Buy,64.82,"7,058","457,521","2,554,172",Nov 29 04:58 PM
WILDER C JOHN,Director,2021-11-24,Buy,65.66,"6,929","454,942","2,547,114",Nov 29 04:58 PM
WILDER C JOHN,Director,2021-11-23,Buy,66.38,"6,877","456,488","2,540,185",Nov 23 06:28 PM
WILDER C JOHN,Director,2021-11-22,Buy,66.26,"6,835","452,917","2,533,308",Nov 23 06:28 PM
WILDER C JOHN,Director,2021-11-19,Buy,65.61,"7,085","464,862","2,526,473",Nov 23 06:28 PM
WILDER C JOHN,Director,2021-11-18,Buy,64.82,"7,036","456,080","2,519,388",Nov 18 05:10 PM
WILDER C JOHN,Director,2021-11-17,Buy,65.61,"7,014","460,154","2,512,352",Nov 18 05:10 PM
WILDER C JOHN,Director,2021-11-16,Buy,65.57,"6,961","456,449","2,505,338",Nov 16 04:55 PM
WILDER C JOHN,Director,2021-11-15,Buy,65.32,"7,070","461,783","2,498,377",Nov 16 04:55 PM
WILDER C JOHN,Director,2021-11-12,Buy,64.63,"7,085","457,914","2,491,307",Nov 16 04:55 PM
WILDER C JOHN,Director,2021-11-11,Buy,64.38,"7,090","456,463","2,484,222",Nov 12 07:46 AM
WILDER C JOHN,Director,2021-11-10,Buy,64.6,"7,085","457,680","2,477,132",Nov 12 07:46 AM
WILDER C JOHN,Director,2021-11-09,Buy,64.06,"7,146","457,748","2,470,047",Nov 09 05:41 PM
WILDER C JOHN,Director,2021-11-08,Buy,63.63,"7,058","449,097","2,462,901",Nov 09 05:41 PM
WILDER C JOHN,Director,2021-11-05,Buy,64.56,"7,180","463,575","2,455,843",Nov 09 05:41 PM
WILDER C JOHN,Director,2021-10-06,Buy,62.96,"19,930","1,254,741","2,448,663",Oct 06 06:02 PM
WILDER C JOHN,Director,2021-10-05,Buy,62.85,"19,942","1,253,430","2,428,733",Oct 06 06:02 PM
WILDER C JOHN,Director,2021-10-04,Buy,62.4,"20,225","1,262,102","2,408,691",Oct 04 05:23 PM
WILDER C JOHN,Director,2021-10-01,Buy,62.11,"20,030","1,244,111","2,388,466",Oct 04 05:23 PM
WILDER C JOHN,Director,2021-09-30,Buy,62.78,"19,763","1,240,769","2,368,436",Oct 04 05:23 PM
WILDER C JOHN,Director,2021-09-29,Buy,63.08,"19,868","1,253,210","2,348,673",Sep 29 05:12 PM
WILDER C JOHN,Director,2021-09-28,Buy,62.76,"19,778","1,241,360","2,328,805",Sep 29 05:12 PM
WILDER C JOHN,Director,2021-09-24,Buy,63.52,"19,740","1,253,978","2,309,027",Sep 27 08:00 AM
Campbell David A,President and CEO,2021-09-23,Buy,63.66,"7,850","499,699","71,904",Sep 23 04:16 PM
Andrews Kirkland B,EVP - Chief Financial Officer,2021-09-23,Buy,63.67,"7,875","501,392","22,091",Sep 23 04:17 PM
WILDER C JOHN,Director,2021-09-23,Buy,63.7,"19,840","1,263,820","2,289,287",Sep 27 08:00 AM
