Insider Trading,Relationship,Date,Transaction,Cost,Shares,Value ($),Shares Total,SEC Form 4
LILLY ENDOWMENT INC,10% Owner,2022-07-28,Sale,332.85,"89,458","29,776,514","103,875,441",Jul 29 11:43 AM
LILLY ENDOWMENT INC,10% Owner,2022-07-26,Sale,332.52,"1,601","532,371","103,964,899",Jul 27 10:26 AM
LILLY ENDOWMENT INC,10% Owner,2022-07-15,Sale,332.76,"17,310","5,760,013","103,966,500",Jul 18 01:50 PM
LILLY ENDOWMENT INC,10% Owner,2022-07-06,Sale,330.28,"177,243","58,539,296","103,983,810",Jul 07 12:03 PM
LILLY ENDOWMENT INC,10% Owner,2022-06-28,Sale,329.01,900,"296,109","104,161,053",Jun 29 11:31 AM
LILLY ENDOWMENT INC,10% Owner,2022-06-27,Sale,329.05,"41,857","13,772,837","104,161,953",Jun 28 01:54 PM
LILLY ENDOWMENT INC,10% Owner,2022-06-24,Sale,324.31,"215,000","69,726,324","104,203,810",Jun 27 01:45 PM
LILLY ENDOWMENT INC,10% Owner,2022-06-23,Sale,311.05,"205,000","63,764,750","104,418,810",Jun 24 01:36 PM
LILLY ENDOWMENT INC,10% Owner,2022-06-22,Sale,306.84,"210,000","64,435,611","104,623,810",Jun 23 02:50 PM
Rau Diogo,SVP & CIDO,2022-06-01,Option Exercise,0.0,"7,560",0,"7,560",Jun 02 06:41 PM
Zakrowski Donald A,Chief Accounting Officer,2022-06-01,Sale,313.44,"1,000","313,440","6,274",Jun 02 06:43 PM
LILLY ENDOWMENT INC,10% Owner,2022-05-27,Sale,318.98,"200,000","63,796,661","104,833,810",May 31 02:44 PM
LILLY ENDOWMENT INC,10% Owner,2022-05-26,Sale,311.27,"178,390","55,526,821","105,033,810",May 27 10:58 AM
LILLY ENDOWMENT INC,10% Owner,2022-05-25,Sale,308.95,"41,610","12,855,267","105,212,200",May 26 11:40 AM
LILLY ENDOWMENT INC,10% Owner,2022-05-24,Sale,305.98,"100,000","30,597,961","105,253,810",May 25 11:37 AM
LILLY ENDOWMENT INC,10% Owner,2022-05-23,Sale,302.73,"118,856","35,981,664","105,353,810",May 24 12:51 PM
LILLY ENDOWMENT INC,10% Owner,2022-05-18,Sale,302.0,700,"211,400","105,472,666",May 19 10:08 AM
LILLY ENDOWMENT INC,10% Owner,2022-05-17,Sale,302.26,"19,683","5,949,343","105,473,366",May 18 01:11 PM
LILLY ENDOWMENT INC,10% Owner,2022-05-16,Sale,302.53,"80,761","24,432,993","105,493,049",May 17 11:03 AM
LILLY ENDOWMENT INC,10% Owner,2022-04-08,Sale,310.79,"139,045","43,213,795","105,573,810",Apr 11 02:26 PM
LILLY ENDOWMENT INC,10% Owner,2022-04-07,Sale,309.82,"70,955","21,982,985","105,712,855",Apr 08 03:20 PM
LILLY ENDOWMENT INC,10% Owner,2022-04-06,Sale,300.92,"51,851","15,603,021","105,783,810",Apr 07 12:44 PM
LILLY ENDOWMENT INC,10% Owner,2022-04-05,Sale,293.86,"113,756","33,428,339","105,835,661",Apr 06 02:35 PM
LILLY ENDOWMENT INC,10% Owner,2022-04-04,Sale,293.15,"39,393","11,548,137","105,949,417",Apr 05 02:31 PM
LILLY ENDOWMENT INC,10% Owner,2022-04-01,Sale,292.38,"165,376","48,352,781","105,988,810",Apr 04 02:34 PM
LILLY ENDOWMENT INC,10% Owner,2022-03-30,Sale,292.03,"2,500","730,075","106,154,186",Mar 31 12:51 PM
LILLY ENDOWMENT INC,10% Owner,2022-03-29,Sale,292.39,"4,341","1,269,254","106,156,686",Mar 30 04:37 PM
LILLY ENDOWMENT INC,10% Owner,2022-03-28,Sale,292.15,"7,538","2,202,264","106,161,027",Mar 29 02:14 PM
LILLY ENDOWMENT INC,10% Owner,2022-03-21,Sale,292.43,"35,245","10,306,604","106,168,565",Mar 22 03:41 PM
LILLY ENDOWMENT INC,10% Owner,2022-03-18,Sale,288.18,"210,000","60,518,363","106,203,810",Mar 21 01:12 PM
Jonsson Patrik,"SVP&Pres, LLY Imm, LLY USA&CCO",2022-03-17,Sale,277.2,673,"186,556","31,362",Mar 17 04:12 PM
LILLY ENDOWMENT INC,10% Owner,2022-03-17,Sale,283.8,"220,000","62,435,453","106,413,810",Mar 18 11:48 AM
LILLY ENDOWMENT INC,10% Owner,2022-03-15,Sale,274.96,"220,075","60,511,869","106,633,810",Mar 16 11:44 AM
LILLY ENDOWMENT INC,10% Owner,2022-03-14,Sale,269.39,"173,085","46,626,915","106,853,885",Mar 15 02:13 PM
LILLY ENDOWMENT INC,10% Owner,2022-03-11,Sale,269.05,"21,840","5,875,986","107,026,970",Mar 14 03:02 PM
LILLY ENDOWMENT INC,10% Owner,2022-03-10,Sale,266.45,"184,982","49,287,539","107,048,810",Mar 11 12:04 PM
LILLY ENDOWMENT INC,10% Owner,2022-03-09,Sale,266.52,"20,018","5,335,148","107,233,792",Mar 10 12:39 PM
LILLY ENDOWMENT INC,10% Owner,2022-03-04,Sale,262.24,"210,000","55,070,947","107,253,810",Mar 07 01:27 PM
Hakim Anat,"SVP, GC & Secretary",2022-03-01,Option Exercise,0.0,"7,929",0,"12,364",Mar 03 06:36 PM
Runge Marschall S,Director,2022-03-01,Buy,246.78,202,"49,850","15,436",Mar 07 05:06 PM
Jonsson Patrik,"SVP&Pres, LLY Imm, LLY USA&CCO",2022-03-01,Sale,247.56,675,"167,103","32,035",Mar 03 06:30 PM
Zakrowski Donald A,Chief Accounting Officer,2022-02-25,Sale,243.84,"1,660","404,774","7,274",Feb 28 04:38 PM
Van Naarden Jacob,"SVP, CEO LoxoONC, Pres LlyONC",2022-02-16,Option Exercise,0.0,"5,461",0,"10,153",Feb 17 04:44 PM
Yuffa Ilya,"SVP & President, LLY Int'l",2022-02-16,Sale,242.58,"1,000","242,580","11,624",Feb 17 04:40 PM
Yuffa Ilya,"SVP & President, LLY Int'l",2022-02-15,Sale,237.45,"1,000","237,450","12,624",Feb 17 04:40 PM
White Anne E.,SVP & Pres-Lilly Neuroscience,2022-02-01,Option Exercise,0.0,"9,368",0,"43,208",Feb 03 05:09 PM
Pusey Leigh Ann,"SVP, Corp. Affairs & Comm.",2022-02-01,Option Exercise,0.0,"4,416",0,"22,945",Feb 03 05:04 PM
Norton Johna,"Senior VP, Global Quality",2022-02-01,Option Exercise,0.0,"2,676",0,"28,140",Feb 03 04:59 PM
Skovronsky Daniel,"SVP, CS&MO & Pres. LRL",2022-02-01,Option Exercise,0.0,"18,735",0,"64,415",Feb 03 04:50 PM
Fry Stephen F,"SVP, HR & Diversity",2022-02-01,Option Exercise,0.0,"10,170",0,"144,846",Feb 03 04:55 PM
Ricks David A,President & CEO,2022-02-01,Option Exercise,0.0,"56,205",0,"424,949",Feb 03 04:46 PM
LILLY ENDOWMENT INC,10% Owner,2021-12-30,Sale,279.55,"3,614","1,010,276","107,463,810",Jan 03 10:01 AM
LILLY ENDOWMENT INC,10% Owner,2021-12-27,Sale,279.53,"3,570","997,925","107,467,424",Dec 28 11:25 AM
LILLY ENDOWMENT INC,10% Owner,2021-12-16,Sale,280.2,"177,616","49,768,773","107,470,994",Dec 17 04:19 PM
LILLY ENDOWMENT INC,10% Owner,2021-12-15,Sale,271.9,"205,000","55,739,338","107,648,610",Dec 16 04:59 PM
LILLY ENDOWMENT INC,10% Owner,2021-11-04,Sale,268.82,"195,000","52,419,318","107,853,610",Nov 05 11:19 AM
LILLY ENDOWMENT INC,10% Owner,2021-10-28,Sale,253.24,"178,631","45,236,369","108,048,610",Oct 29 02:27 PM
LILLY ENDOWMENT INC,10% Owner,2021-10-27,Sale,252.33,"21,369","5,391,997","108,227,241",Oct 28 01:13 PM
LILLY ENDOWMENT INC,10% Owner,2021-08-18,Sale,274.31,"15,430","4,232,603","108,248,610",Aug 19 11:35 AM
LILLY ENDOWMENT INC,10% Owner,2021-08-17,Sale,274.08,"3,060","838,698","108,264,040",Aug 18 01:20 PM
LILLY ENDOWMENT INC,10% Owner,2021-08-09,Sale,267.5,"104,711","28,010,135","108,267,100",Aug 10 03:48 PM
LILLY ENDOWMENT INC,10% Owner,2021-08-06,Sale,264.05,"7,597","2,005,965","108,371,811",Aug 09 12:58 PM
LILLY ENDOWMENT INC,10% Owner,2021-08-05,Sale,264.26,"132,692","35,065,320","108,379,408",Aug 06 12:57 PM
LILLY ENDOWMENT INC,10% Owner,2021-08-04,Sale,265.15,"13,458","3,568,360","108,512,100",Aug 05 03:52 PM
LILLY ENDOWMENT INC,10% Owner,2021-08-03,Sale,256.12,"236,542","60,582,474","108,525,558",Aug 04 03:15 PM
LILLY ENDOWMENT INC,10% Owner,2021-07-21,Sale,237.0,"86,111","20,408,307","108,762,100",Jul 22 10:47 AM
LILLY ENDOWMENT INC,10% Owner,2021-07-20,Sale,237.06,"15,610","3,700,429","108,848,211",Jul 21 11:12 AM
LILLY ENDOWMENT INC,10% Owner,2021-07-14,Sale,237.02,"10,780","2,555,119","108,863,821",Jul 15 02:03 PM
LILLY ENDOWMENT INC,10% Owner,2021-07-12,Sale,237.09,"3,238","767,694","108,874,601",Jul 13 03:08 PM
LILLY ENDOWMENT INC,10% Owner,2021-07-09,Sale,237.39,"109,261","25,937,091","108,877,839",Jul 12 12:58 PM
LILLY ENDOWMENT INC,10% Owner,2021-07-06,Sale,235.09,"210,000","49,369,047","108,987,100",Jul 07 09:17 AM
LILLY ENDOWMENT INC,10% Owner,2021-07-02,Sale,232.94,"202,102","47,077,749","109,197,100",Jul 06 01:05 PM
