Date,Open,High,Low,Close,Volume,Dividends,Stock Splits
1988-06-22,0.0,2.7925666602882178,2.7190780639648438,2.7190780639648438,18200,0.0,0
1988-06-23,0.0,2.6455885943244484,2.4986114501953125,2.4986114501953125,51100,0.0,0
1988-06-24,0.0,2.5721004009246826,2.5721004009246826,2.5721004009246826,11800,0.0,0
1988-06-27,0.0,2.5721000222598804,2.4986114501953125,2.4986114501953125,13200,0.0,0
1988-06-28,0.0,2.4986108988523483,2.3516337871551514,2.3516337871551514,16200,0.0,0
1988-06-29,0.0,2.498610814412435,2.4251222610473633,2.4251222610473633,8900,0.0,0
1988-06-30,0.0,2.645588983808245,2.5721004009246826,2.5721004009246826,47300,0.0,0
1988-07-01,0.0,2.866055130958557,2.7925665378570557,2.7925665378570557,29100,0.0,0
1988-07-05,0.0,2.8660552566115918,2.7190780639648438,2.7190780639648438,14000,0.0,0
1988-07-06,0.0,2.7190772096316023,2.6455886363983154,2.6455886363983154,20000,0.0,0
1988-07-07,0.0,2.7190772096316023,2.6455886363983154,2.6455886363983154,6900,0.0,0
1988-07-08,0.0,2.645588983808245,2.5721004009246826,2.5721004009246826,9300,0.0,0
1988-07-11,0.0,2.645588983808245,2.5721004009246826,2.5721004009246826,31400,0.0,0
1988-07-12,0.0,2.7190775666918072,2.5721004009246826,2.5721004009246826,3600,0.0,0
1988-07-13,0.0,2.7190772096316023,2.6455886363983154,2.6455886363983154,2800,0.0,0
1988-07-14,0.0,2.7190775666918072,2.5721004009246826,2.5721004009246826,26400,0.0,0
1988-07-15,0.0,2.7190775666918072,2.5721004009246826,2.5721004009246826,13000,0.0,0
1988-07-18,0.0,2.6455885943244484,2.4986114501953125,2.4986114501953125,10500,0.0,0
1988-07-19,0.0,2.5720993677775064,2.4251222610473633,2.4251222610473633,7500,0.0,0
1988-07-20,0.0,2.4251229378484913,2.2781457901000977,2.2781457901000977,31400,0.0,0
1988-07-21,0.0,2.42512234300375,2.3516337871551514,2.3516337871551514,13200,0.0,0
1988-07-22,0.0,2.4251229378484913,2.2781457901000977,2.2781457901000977,21100,0.0,0
1988-07-25,0.0,2.4251229378484913,2.2781457901000977,2.2781457901000977,2000,0.0,0
1988-07-26,0.0,2.3516343639742945,2.2781457901000977,2.2781457901000977,26900,0.0,0
1988-07-27,0.0,2.3516343639742945,2.2781457901000977,2.2781457901000977,1900,0.0,0
1988-07-28,0.0,2.3516343639742945,2.2781457901000977,2.2781457901000977,10300,0.0,0
1988-07-29,0.0,2.3516343639742945,2.2781457901000977,2.2781457901000977,14200,0.0,0
1988-08-01,0.0,2.42512234300375,2.3516337871551514,2.3516337871551514,19700,0.0,0
1988-08-02,0.0,2.4251229378484913,2.2781457901000977,2.2781457901000977,17500,0.0,0
1988-08-03,0.0,2.351634979248047,2.204657793045044,2.204657793045044,33600,0.0,0
1988-08-04,0.0,2.278145494132206,2.1311683654785156,2.1311683654785156,1300,0.0,0
1988-08-05,0.0,2.2781463861465454,2.204657793045044,2.204657793045044,2900,0.0,0
1988-08-08,0.0,2.2781463861465454,2.204657793045044,2.204657793045044,9400,0.0,0
1988-08-09,0.0,2.131168706076486,2.057680130004883,2.057680130004883,26000,0.0,0
1988-08-10,0.0,1.9841910233864417,1.9107024669647217,1.9107024669647217,41100,0.0,0
1988-08-11,0.0,2.057679741470902,1.9841911792755127,1.9841911792755127,8900,0.0,0
1988-08-12,0.0,2.057679741470902,1.9841911792755127,1.9841911792755127,2000,0.0,0
1988-08-15,0.0,1.9841910233864417,1.9107024669647217,1.9107024669647217,12500,0.0,0
1988-08-16,0.0,1.9841911125183105,1.8372139930725098,1.8372139930725098,13700,0.0,0
1988-08-17,0.0,1.6902371428229592,1.616748571395874,1.616748571395874,43200,0.0,0
1988-08-18,0.0,1.6902371428229592,1.616748571395874,1.616748571395874,15500,0.0,0
1988-08-19,0.0,1.6902371428229592,1.616748571395874,1.616748571395874,13400,0.0,0
1988-08-22,0.0,1.6167485486893427,1.5432599782943726,1.5432599782943726,12400,0.0,0
1988-08-23,0.0,1.6902371428229592,1.616748571395874,1.616748571395874,21500,0.0,0
1988-08-24,0.0,1.6167485486893427,1.5432599782943726,1.5432599782943726,5500,0.0,0
1988-08-25,0.0,1.6167485486893427,1.5432599782943726,1.5432599782943726,800,0.0,0
1988-08-26,0.0,1.6902374029159546,1.6902374029159546,1.6902374029159546,14500,0.0,0
1988-08-29,0.0,1.6902371428229592,1.616748571395874,1.616748571395874,3900,0.0,0
1988-08-30,0.0,1.6902371428229592,1.616748571395874,1.616748571395874,1000,0.0,0
1988-08-31,0.0,1.6902371428229592,1.616748571395874,1.616748571395874,6200,0.0,0
1988-09-01,1.616748571395874,1.616748571395874,1.616748571395874,1.616748571395874,0,0.0,0
1988-09-02,0.0,1.6902371428229592,1.616748571395874,1.616748571395874,400,0.0,0
1988-09-06,0.0,1.6902371428229592,1.616748571395874,1.616748571395874,7300,0.0,0
1988-09-07,0.0,1.4697718620300293,1.3962832689285278,1.3962832689285278,16400,0.0,0
1988-09-08,0.0,1.7637259856514307,1.6902374029159546,1.6902374029159546,102000,0.0,0
1988-09-09,0.0,1.9107024669647217,1.9107024669647217,1.9107024669647217,143900,0.0,0
1988-09-12,0.0,1.91070255279541,1.8372139930725098,1.8372139930725098,10300,0.0,0
1988-09-13,0.0,1.7637259856514307,1.6902374029159546,1.6902374029159546,15500,0.0,0
1988-09-14,0.0,1.8372152000665665,1.7637265920639038,1.7637265920639038,18700,0.0,0
1988-09-15,0.0,1.7637265920639038,1.7637265920639038,1.7637265920639038,11100,0.0,0
1988-09-16,0.0,1.8372139930725098,1.8372139930725098,1.8372139930725098,11500,0.0,0
1988-09-19,0.0,1.8372152000665665,1.7637265920639038,1.7637265920639038,13100,0.0,0
1988-09-20,0.0,1.8372152000665665,1.7637265920639038,1.7637265920639038,7000,0.0,0
1988-09-21,0.0,1.8372152000665665,1.7637265920639038,1.7637265920639038,6700,0.0,0
1988-09-22,0.0,1.7637259856514307,1.6902374029159546,1.6902374029159546,9900,0.0,0
1988-09-23,0.0,1.7637259856514307,1.6902374029159546,1.6902374029159546,5900,0.0,0
1988-09-26,0.0,1.7637259856514307,1.6902374029159546,1.6902374029159546,2300,0.0,0
1988-09-27,0.0,1.7637257142500444,1.616748571395874,1.616748571395874,12400,0.0,0
1988-09-28,0.0,1.7637257142500444,1.616748571395874,1.616748571395874,2500,0.0,0
1988-09-29,0.0,1.6902371428229592,1.616748571395874,1.616748571395874,5600,0.0,0
1988-09-30,0.0,1.6167485486893427,1.5432599782943726,1.5432599782943726,17600,0.0,0
1988-10-03,0.0,1.6167491793632507,1.4697719812393188,1.4697719812393188,15500,0.0,0
1988-10-04,0.0,1.6167485486893427,1.5432599782943726,1.5432599782943726,2900,0.0,0
1988-10-05,0.0,1.6167491793632507,1.4697719812393188,1.4697719812393188,8600,0.0,0
1988-10-06,0.0,1.5432599782943726,1.5432599782943726,1.5432599782943726,19800,0.0,0
1988-10-07,0.0,1.5432605803012849,1.4697719812393188,1.4697719812393188,19100,0.0,0
1988-10-10,0.0,1.4697718620300293,1.3962832689285278,1.3962832689285278,25600,0.0,0
1988-10-11,0.0,1.4697718620300293,1.3962832689285278,1.3962832689285278,69700,0.0,0
1988-10-12,0.0,1.4697718620300293,1.3962832689285278,1.3962832689285278,7100,0.0,0
1988-10-13,0.0,1.3962828914324443,1.3227943181991577,1.3227943181991577,22500,0.0,0
1988-10-14,0.0,1.4697718620300293,1.3962832689285278,1.3962832689285278,12700,0.0,0
1988-10-17,0.0,1.3962828914324443,1.3227943181991577,1.3227943181991577,17200,0.0,0
1988-10-18,0.0,1.3962828914324443,1.3227943181991577,1.3227943181991577,7100,0.0,0
1988-10-19,0.0,1.3227943181991577,1.3227943181991577,1.3227943181991577,11100,0.0,0
1988-10-20,0.0,1.4697718620300293,1.3962832689285278,1.3962832689285278,13000,0.0,0
1988-10-21,0.0,1.3962832689285278,1.3962832689285278,1.3962832689285278,11400,0.0,0
1988-10-24,0.0,1.3962828914324443,1.3227943181991577,1.3227943181991577,18300,0.0,0
1988-10-25,0.0,1.3962828914324443,1.3227943181991577,1.3227943181991577,28700,0.0,0
1988-10-26,0.0,1.3962828914324443,1.3227943181991577,1.3227943181991577,5800,0.0,0
1988-10-27,0.0,1.3962828914324443,1.3227943181991577,1.3227943181991577,11200,0.0,0
1988-10-28,0.0,1.3962832689285278,1.3962832689285278,1.3962832689285278,26800,0.0,0
1988-10-31,0.0,1.6167485486893427,1.5432599782943726,1.5432599782943726,50000,0.0,0
1988-11-01,0.0,1.8372152000665665,1.7637265920639038,1.7637265920639038,69000,0.0,0
1988-11-02,0.0,1.8372152000665665,1.7637265920639038,1.7637265920639038,47500,0.0,0
1988-11-03,0.0,1.9841910233864417,1.9107024669647217,1.9107024669647217,39400,0.0,0
1988-11-04,0.0,1.9841910233864417,1.9107024669647217,1.9107024669647217,32000,0.0,0
1988-11-07,0.0,1.8372139930725098,1.8372139930725098,1.8372139930725098,33800,0.0,0
1988-11-08,0.0,1.7637265920639038,1.7637265920639038,1.7637265920639038,23500,0.0,0
1988-11-09,0.0,1.7637259856514307,1.6902374029159546,1.6902374029159546,36000,0.0,0
1988-11-10,0.0,1.6902371428229592,1.616748571395874,1.616748571395874,19200,0.0,0
1988-11-11,0.0,1.6167485486893427,1.5432599782943726,1.5432599782943726,44400,0.0,0
1988-11-14,0.0,1.6167485486893427,1.5432599782943726,1.5432599782943726,14600,0.0,0
1988-11-15,0.0,1.6167485486893427,1.5432599782943726,1.5432599782943726,31000,0.0,0
1988-11-16,0.0,1.6902371428229592,1.616748571395874,1.616748571395874,31400,0.0,0
1988-11-17,0.0,1.616748571395874,1.616748571395874,1.616748571395874,19100,0.0,0
1988-11-18,0.0,1.6167485486893427,1.5432599782943726,1.5432599782943726,10800,0.0,0
1988-11-21,0.0,1.5432599782943726,1.5432599782943726,1.5432599782943726,13100,0.0,0
1988-11-22,1.5432599782943726,1.5432599782943726,1.5432599782943726,1.5432599782943726,0,0.0,0
1988-11-23,0.0,1.5432599782943726,1.5432599782943726,1.5432599782943726,2000,0.0,0
1988-11-25,0.0,1.5432599782943726,1.5432599782943726,1.5432599782943726,500,0.0,0
1988-11-28,1.5432599782943726,1.5432599782943726,1.5432599782943726,1.5432599782943726,0,0.0,0
1988-11-29,0.0,1.5432605803012849,1.4697719812393188,1.4697719812393188,5900,0.0,0
1988-11-30,0.0,1.5432599782943726,1.5432599782943726,1.5432599782943726,15200,0.0,0
1988-12-01,0.0,1.5432599782943726,1.5432599782943726,1.5432599782943726,16600,0.0,0
1988-12-02,0.0,1.5432605803012849,1.4697719812393188,1.4697719812393188,3600,0.0,0
1988-12-05,1.4697719812393188,1.4697719812393188,1.4697719812393188,1.4697719812393188,0,0.0,0
1988-12-06,1.4697719812393188,1.4697719812393188,1.4697719812393188,1.4697719812393188,0,0.0,0
1988-12-07,0.0,1.5432605803012849,1.4697719812393188,1.4697719812393188,3600,0.0,0
1988-12-08,0.0,1.5432605803012849,1.4697719812393188,1.4697719812393188,3400,0.0,0
1988-12-09,0.0,1.5432604551315308,1.3962832689285278,1.3962832689285278,9300,0.0,0
1988-12-12,0.0,1.4697718620300293,1.3962832689285278,1.3962832689285278,600,0.0,0
1988-12-13,0.0,1.4697718620300293,1.3962832689285278,1.3962832689285278,3300,0.0,0
1988-12-14,0.0,1.3962828914324443,1.3227943181991577,1.3227943181991577,13500,0.0,0
1988-12-15,0.0,1.3962828914324443,1.3227943181991577,1.3227943181991577,9700,0.0,0
1988-12-16,0.0,1.3962832689285278,1.3962832689285278,1.3962832689285278,14400,0.0,0
1988-12-19,0.0,1.3962828914324443,1.3227943181991577,1.3227943181991577,7600,0.0,0
1988-12-20,0.0,1.3962828914324443,1.3227943181991577,1.3227943181991577,9800,0.0,0
1988-12-21,0.0,1.3962828914324443,1.3227943181991577,1.3227943181991577,9100,0.0,0
1988-12-22,0.0,1.3962828914324443,1.3227943181991577,1.3227943181991577,9000,0.0,0
1988-12-23,0.0,1.4697718620300293,1.3962832689285278,1.3962832689285278,8800,0.0,0
1988-12-27,0.0,1.4697718620300293,1.3962832689285278,1.3962832689285278,7600,0.0,0
1988-12-28,0.0,1.4697719812393188,1.4697719812393188,1.4697719812393188,12100,0.0,0
1988-12-29,0.0,1.5432605803012849,1.4697719812393188,1.4697719812393188,22000,0.0,0
1988-12-30,0.0,1.4697718620300293,1.3962832689285278,1.3962832689285278,12300,0.0,0
1989-01-03,0.0,1.4697718620300293,1.3962832689285278,1.3962832689285278,600,0.0,0
1989-01-04,0.0,1.4697718620300293,1.3962832689285278,1.3962832689285278,10700,0.0,0
1989-01-05,0.0,1.5432605803012849,1.4697719812393188,1.4697719812393188,7300,0.0,0
1989-01-06,0.0,1.5432605803012849,1.4697719812393188,1.4697719812393188,9500,0.0,0
1989-01-09,0.0,1.5432605803012849,1.4697719812393188,1.4697719812393188,5500,0.0,0
1989-01-10,0.0,1.6902371428229592,1.616748571395874,1.616748571395874,46500,0.0,0
1989-01-11,0.0,1.91070255279541,1.8372139930725098,1.8372139930725098,44900,0.0,0
1989-01-12,0.0,1.91070255279541,1.8372139930725098,1.8372139930725098,37000,0.0,0
1989-01-13,0.0,1.8372152000665665,1.7637265920639038,1.7637265920639038,24200,0.0,0
1989-01-16,0.0,1.7637265920639038,1.7637265920639038,1.7637265920639038,14000,0.0,0
1989-01-17,0.0,1.7637259856514307,1.6902374029159546,1.6902374029159546,13300,0.0,0
1989-01-18,0.0,1.7637259856514307,1.6902374029159546,1.6902374029159546,6000,0.0,0
1989-01-19,0.0,1.7637259856514307,1.6902374029159546,1.6902374029159546,7500,0.0,0
1989-01-20,0.0,1.8372152000665665,1.7637265920639038,1.7637265920639038,6700,0.0,0
1989-01-23,0.0,1.8372152000665665,1.7637265920639038,1.7637265920639038,4400,0.0,0
1989-01-24,0.0,1.7637265920639038,1.7637265920639038,1.7637265920639038,500,0.0,0
1989-01-25,0.0,1.7637259856514307,1.6902374029159546,1.6902374029159546,3400,0.0,0
1989-01-26,0.0,1.7637265920639038,1.7637265920639038,1.7637265920639038,11300,0.0,0
1989-01-27,0.0,1.8372152000665665,1.7637265920639038,1.7637265920639038,8200,0.0,0
1989-01-30,0.0,1.9107038080692291,1.7637265920639038,1.7637265920639038,42900,0.0,0
1989-01-31,0.0,1.8372152000665665,1.7637265920639038,1.7637265920639038,6500,0.0,0
1989-02-01,0.0,1.91070255279541,1.8372139930725098,1.8372139930725098,7700,0.0,0
1989-02-02,0.0,1.91070255279541,1.8372139930725098,1.8372139930725098,5200,0.0,0
1989-02-03,0.0,1.91070255279541,1.8372139930725098,1.8372139930725098,10100,0.0,0
1989-02-06,0.0,1.91070255279541,1.8372139930725098,1.8372139930725098,1200,0.0,0
1989-02-07,0.0,1.8372139930725098,1.8372139930725098,1.8372139930725098,17700,0.0,0
1989-02-08,0.0,1.8372152000665665,1.7637265920639038,1.7637265920639038,16400,0.0,0
1989-02-09,0.0,1.837214568386907,1.6902374029159546,1.6902374029159546,12900,0.0,0
1989-02-10,0.0,1.6902371428229592,1.616748571395874,1.616748571395874,15000,0.0,0
1989-02-13,0.0,1.5432599782943726,1.5432599782943726,1.5432599782943726,20400,0.0,0
1989-02-14,0.0,1.5432599782943726,1.5432599782943726,1.5432599782943726,26500,0.0,0
1989-02-15,0.0,1.5432599782943726,1.5432599782943726,1.5432599782943726,600,0.0,0
1989-02-16,0.0,1.5432599782943726,1.5432599782943726,1.5432599782943726,4000,0.0,0
1989-02-17,0.0,1.5432599782943726,1.5432599782943726,1.5432599782943726,100,0.0,0
1989-02-21,0.0,1.5432599782943726,1.5432599782943726,1.5432599782943726,7200,0.0,0
1989-02-22,0.0,1.5432599782943726,1.5432599782943726,1.5432599782943726,6200,0.0,0
1989-02-23,0.0,1.5432599782943726,1.5432599782943726,1.5432599782943726,3000,0.0,0
1989-02-24,0.0,1.5432605803012849,1.4697719812393188,1.4697719812393188,2200,0.0,0
1989-02-27,0.0,1.4697718620300293,1.3962832689285278,1.3962832689285278,12700,0.0,0
1989-02-28,0.0,1.3962832689285278,1.3962832689285278,1.3962832689285278,15400,0.0,0
1989-03-01,0.0,1.3962832689285278,1.3962832689285278,1.3962832689285278,8300,0.0,0
1989-03-02,0.0,1.3962832689285278,1.3962832689285278,1.3962832689285278,5300,0.0,0
1989-03-03,0.0,1.5432605803012849,1.4697719812393188,1.4697719812393188,19100,0.0,0
1989-03-06,0.0,1.5432605803012849,1.4697719812393188,1.4697719812393188,1300,0.0,0
1989-03-07,0.0,1.4697718620300293,1.3962832689285278,1.3962832689285278,11600,0.0,0
1989-03-08,0.0,1.4697718620300293,1.3962832689285278,1.3962832689285278,11800,0.0,0
1989-03-09,0.0,1.4697718620300293,1.3962832689285278,1.3962832689285278,600,0.0,0
1989-03-10,0.0,1.4697718620300293,1.3962832689285278,1.3962832689285278,9000,0.0,0
1989-03-13,0.0,1.3962832689285278,1.3962832689285278,1.3962832689285278,6700,0.0,0
1989-03-14,0.0,1.3962828914324443,1.3227943181991577,1.3227943181991577,11100,0.0,0
1989-03-15,0.0,1.3962828914324443,1.3227943181991577,1.3227943181991577,2800,0.0,0
1989-03-16,0.0,1.4697719812393188,1.4697719812393188,1.4697719812393188,19000,0.0,0
1989-03-17,0.0,1.5432605803012849,1.4697719812393188,1.4697719812393188,8700,0.0,0
1989-03-20,0.0,1.4697718620300293,1.3962832689285278,1.3962832689285278,12400,0.0,0
1989-03-21,0.0,1.5432605803012849,1.4697719812393188,1.4697719812393188,22000,0.0,0
1989-03-22,0.0,1.6902371190843128,1.5432599782943726,1.5432599782943726,27700,0.0,0
1989-03-23,0.0,1.8372139930725098,1.8372139930725098,1.8372139930725098,47000,0.0,0
1989-03-27,0.0,1.8372139930725098,1.8372139930725098,1.8372139930725098,39100,0.0,0
1989-03-28,0.0,1.7637259856514307,1.6902374029159546,1.6902374029159546,9900,0.0,0
1989-03-29,0.0,1.7637259856514307,1.6902374029159546,1.6902374029159546,6700,0.0,0
1989-03-30,0.0,1.7637259856514307,1.6902374029159546,1.6902374029159546,16500,0.0,0
1989-03-31,0.0,1.7637259856514307,1.6902374029159546,1.6902374029159546,12000,0.0,0
1989-04-03,0.0,1.7637259856514307,1.6902374029159546,1.6902374029159546,2000,0.0,0
1989-04-04,0.0,1.7637259856514307,1.6902374029159546,1.6902374029159546,5900,0.0,0
1989-04-05,0.0,1.6902371428229592,1.616748571395874,1.616748571395874,4700,0.0,0
1989-04-06,0.0,1.6902371428229592,1.616748571395874,1.616748571395874,8000,0.0,0
1989-04-07,0.0,1.6902371190843128,1.5432599782943726,1.5432599782943726,3200,0.0,0
1989-04-10,1.5432599782943726,1.5432599782943726,1.5432599782943726,1.5432599782943726,0,0.0,0
1989-04-11,0.0,1.7637257142500444,1.616748571395874,1.616748571395874,10800,0.0,0
1989-04-12,0.0,1.7637257142500444,1.616748571395874,1.616748571395874,4500,0.0,0
1989-04-13,0.0,1.8372152000665665,1.7637265920639038,1.7637265920639038,27200,0.0,0
1989-04-14,0.0,1.8372152000665665,1.7637265920639038,1.7637265920639038,22100,0.0,0
1989-04-17,0.0,1.7637259856514307,1.6902374029159546,1.6902374029159546,14000,0.0,0
1989-04-18,0.0,1.7637259856514307,1.6902374029159546,1.6902374029159546,6500,0.0,0
1989-04-19,0.0,1.7637259856514307,1.6902374029159546,1.6902374029159546,8600,0.0,0
1989-04-20,0.0,1.7637259856514307,1.6902374029159546,1.6902374029159546,11500,0.0,0
1989-04-21,0.0,1.7637259856514307,1.6902374029159546,1.6902374029159546,7700,0.0,0
1989-04-24,0.0,1.7637257142500444,1.616748571395874,1.616748571395874,8300,0.0,0
1989-04-25,0.0,1.6902371428229592,1.616748571395874,1.616748571395874,7400,0.0,0
1989-04-26,0.0,1.6167485486893427,1.5432599782943726,1.5432599782943726,11700,0.0,0
1989-04-27,0.0,1.6167485486893427,1.5432599782943726,1.5432599782943726,2400,0.0,0
1989-04-28,0.0,1.6167485486893427,1.5432599782943726,1.5432599782943726,11100,0.0,0
1989-05-01,0.0,1.5432605803012849,1.4697719812393188,1.4697719812393188,8300,0.0,0
1989-05-02,0.0,1.5432605803012849,1.4697719812393188,1.4697719812393188,1000,0.0,0
1989-05-03,0.0,1.4697719812393188,1.4697719812393188,1.4697719812393188,10000,0.0,0
1989-05-04,0.0,1.5432605803012849,1.4697719812393188,1.4697719812393188,6400,0.0,0
1989-05-05,0.0,1.5432605803012849,1.4697719812393188,1.4697719812393188,6300,0.0,0
1989-05-08,0.0,1.4697719812393188,1.4697719812393188,1.4697719812393188,400,0.0,0
1989-05-09,0.0,1.4697719812393188,1.4697719812393188,1.4697719812393188,1100,0.0,0
1989-05-10,0.0,1.4697718620300293,1.3962832689285278,1.3962832689285278,1100,0.0,0
1989-05-11,0.0,1.4697718620300293,1.3962832689285278,1.3962832689285278,1200,0.0,0
1989-05-12,0.0,1.4697718620300293,1.3962832689285278,1.3962832689285278,3900,0.0,0
1989-05-15,0.0,1.4697718620300293,1.3962832689285278,1.3962832689285278,2800,0.0,0
1989-05-16,0.0,1.4697718620300293,1.3962832689285278,1.3962832689285278,1000,0.0,0
1989-05-17,0.0,1.4697718620300293,1.3962832689285278,1.3962832689285278,9300,0.0,0
1989-05-18,0.0,1.3962832689285278,1.3962832689285278,1.3962832689285278,19100,0.0,0
1989-05-19,0.0,1.3962832689285278,1.3962832689285278,1.3962832689285278,8700,0.0,0
1989-05-22,0.0,1.4697718620300293,1.3962832689285278,1.3962832689285278,2000,0.0,0
1989-05-23,0.0,1.4697718620300293,1.3962832689285278,1.3962832689285278,1700,0.0,0
1989-05-24,0.0,1.4697719812393188,1.4697719812393188,1.4697719812393188,5200,0.0,0
1989-05-25,0.0,1.4697719812393188,1.4697719812393188,1.4697719812393188,4000,0.0,0
1989-05-26,0.0,1.4697719812393188,1.4697719812393188,1.4697719812393188,3000,0.0,0
1989-05-30,0.0,1.4697718620300293,1.3962832689285278,1.3962832689285278,8200,0.0,0
1989-05-31,0.0,1.4697718620300293,1.3962832689285278,1.3962832689285278,10200,0.0,0
1989-06-01,0.0,1.4697718620300293,1.3962832689285278,1.3962832689285278,4300,0.0,0
1989-06-02,0.0,1.3962828914324443,1.3227943181991577,1.3227943181991577,14200,0.0,0
1989-06-05,0.0,1.3962828914324443,1.3227943181991577,1.3227943181991577,1000,0.0,0
1989-06-06,0.0,1.3962828914324443,1.3227943181991577,1.3227943181991577,1500,0.0,0
1989-06-07,0.0,1.3227943181991577,1.3227943181991577,1.3227943181991577,6600,0.0,0
1989-06-08,0.0,1.3227943181991577,1.3227943181991577,1.3227943181991577,2200,0.0,0
1989-06-09,0.0,1.3227942971622242,1.2493057250976562,1.2493057250976562,6400,0.0,0
1989-06-12,0.0,1.3227942971622242,1.2493057250976562,1.2493057250976562,1700,0.0,0
1989-06-13,0.0,1.3227942971622242,1.2493057250976562,1.2493057250976562,4100,0.0,0
1989-06-14,0.0,1.3962828692267923,1.2493057250976562,1.2493057250976562,4200,0.0,0
1989-06-15,0.0,1.3227942971622242,1.2493057250976562,1.2493057250976562,13800,0.0,0
1989-06-16,0.0,1.3227942971622242,1.2493057250976562,1.2493057250976562,1000,0.0,0
1989-06-19,0.0,1.3227942971622242,1.2493057250976562,1.2493057250976562,14300,0.0,0
1989-06-20,0.0,1.3227942971622242,1.2493057250976562,1.2493057250976562,4500,0.0,0
1989-06-21,0.0,1.1758174896240234,1.102328896522522,1.102328896522522,26200,0.0,0
1989-06-22,0.0,1.1758174896240234,1.102328896522522,1.102328896522522,2400,0.0,0
1989-06-23,0.0,1.1758174896240234,1.102328896522522,1.102328896522522,6300,0.0,0
1989-06-26,0.0,1.1758174896240234,1.102328896522522,1.102328896522522,100,0.0,0
1989-06-27,1.102328896522522,1.102328896522522,1.102328896522522,1.102328896522522,0,0.0,0
1989-06-28,1.102328896522522,1.102328896522522,1.102328896522522,1.102328896522522,0,0.0,0
1989-06-29,0.0,1.1758174896240234,1.102328896522522,1.102328896522522,1700,0.0,0
1989-06-30,0.0,1.1758174896240234,1.102328896522522,1.102328896522522,4500,0.0,0
1989-07-03,0.0,1.1758174896240234,1.102328896522522,1.102328896522522,1000,0.0,0
1989-07-05,0.0,1.1758174896240234,1.102328896522522,1.102328896522522,7100,0.0,0
1989-07-06,1.102328896522522,1.102328896522522,1.102328896522522,1.102328896522522,0,0.0,0
1989-07-07,0.0,1.1758174896240234,1.102328896522522,1.102328896522522,6500,0.0,0
1989-07-10,0.0,1.1758174896240234,1.102328896522522,1.102328896522522,3600,0.0,0
1989-07-11,0.0,1.1758174896240234,1.102328896522522,1.102328896522522,1100,0.0,0
1989-07-12,0.0,1.1758174896240234,1.102328896522522,1.102328896522522,900,0.0,0
1989-07-13,0.0,1.2493054494261742,1.1758168935775757,1.1758168935775757,6300,0.0,0
1989-07-14,0.0,1.2493054494261742,1.1758168935775757,1.1758168935775757,5000,0.0,0
1989-07-17,0.0,1.2493054494261742,1.1758168935775757,1.1758168935775757,19000,0.0,0
1989-07-18,0.0,1.2493054494261742,1.1758168935775757,1.1758168935775757,5000,0.0,0
1989-07-19,0.0,1.249306082725525,1.102328896522522,1.102328896522522,14000,0.0,0
1989-07-20,0.0,1.1758174896240234,1.102328896522522,1.102328896522522,2200,0.0,0
1989-07-21,0.0,1.1758172171456474,1.0288400650024414,1.0288400650024414,7200,0.0,0
1989-07-24,0.0,1.1758172171456474,1.0288400650024414,1.0288400650024414,3800,0.0,0
1989-07-25,0.0,1.2493057932172504,1.0288400650024414,1.0288400650024414,1500,0.0,0
1989-07-26,0.0,1.249306082725525,1.102328896522522,1.102328896522522,3800,0.0,0
1989-07-27,0.0,1.249306082725525,1.102328896522522,1.102328896522522,1000,0.0,0
1989-07-28,0.0,1.249306082725525,1.102328896522522,1.102328896522522,3200,0.0,0
1989-07-31,0.0,1.1758174896240234,1.102328896522522,1.102328896522522,5900,0.0,0
1989-08-01,0.0,1.1758174896240234,1.102328896522522,1.102328896522522,2500,0.0,0
1989-08-02,0.0,1.1758174896240234,1.102328896522522,1.102328896522522,3900,0.0,0
1989-08-03,0.0,1.1758174896240234,1.102328896522522,1.102328896522522,3300,0.0,0
1989-08-04,0.0,1.1758174896240234,1.102328896522522,1.102328896522522,2800,0.0,0
1989-08-07,0.0,1.1758174896240234,1.102328896522522,1.102328896522522,5000,0.0,0
1989-08-08,0.0,1.1758168935775757,1.1758168935775757,1.1758168935775757,24900,0.0,0
1989-08-09,0.0,1.1758174896240234,1.102328896522522,1.102328896522522,16000,0.0,0
1989-08-10,0.0,1.1758174896240234,1.102328896522522,1.102328896522522,3000,0.0,0
1989-08-11,0.0,1.1758174896240234,1.102328896522522,1.102328896522522,1500,0.0,0
1989-08-14,0.0,1.1758174896240234,1.102328896522522,1.102328896522522,12800,0.0,0
1989-08-15,0.0,1.102328896522522,1.102328896522522,1.102328896522522,9500,0.0,0
1989-08-16,0.0,1.1758172171456474,1.0288400650024414,1.0288400650024414,6200,0.0,0
1989-08-17,0.0,1.1023286410740445,1.0288400650024414,1.0288400650024414,9000,0.0,0
1989-08-18,0.0,0.9553512334823608,0.9553512334823608,0.9553512334823608,29300,0.0,0
1989-08-21,0.0,1.0288400650024414,1.0288400650024414,1.0288400650024414,14400,0.0,0
1989-08-22,0.0,1.1023286410740445,1.0288400650024414,1.0288400650024414,45300,0.0,0
1989-08-23,0.0,1.1023286410740445,1.0288400650024414,1.0288400650024414,37700,0.0,0
1989-08-24,0.0,1.102328346325801,0.9553512334823608,0.9553512334823608,63500,0.0,0
1989-08-25,0.0,1.1023286410740445,1.0288400650024414,1.0288400650024414,11400,0.0,0
1989-08-28,0.0,1.1023286410740445,1.0288400650024414,1.0288400650024414,11900,0.0,0
1989-08-29,0.0,1.1023286410740445,1.0288400650024414,1.0288400650024414,2000,0.0,0
1989-08-30,0.0,1.1023286410740445,1.0288400650024414,1.0288400650024414,8200,0.0,0
1989-08-31,0.0,1.1023286410740445,1.0288400650024414,1.0288400650024414,5500,0.0,0
1989-09-01,0.0,1.1023286410740445,1.0288400650024414,1.0288400650024414,1700,0.0,0
1989-09-05,0.0,1.1758172171456474,1.0288400650024414,1.0288400650024414,12800,0.0,0
1989-09-06,0.0,1.1758172171456474,1.0288400650024414,1.0288400650024414,9700,0.0,0
1989-09-07,0.0,1.1023286410740445,1.0288400650024414,1.0288400650024414,9000,0.0,0
1989-09-08,0.0,1.1758174896240234,1.102328896522522,1.102328896522522,4500,0.0,0
1989-09-11,0.0,1.1758174896240234,1.102328896522522,1.102328896522522,9600,0.0,0
1989-09-12,0.0,1.102328896522522,1.102328896522522,1.102328896522522,10400,0.0,0
1989-09-13,0.0,1.1023286410740445,1.0288400650024414,1.0288400650024414,8600,0.0,0
1989-09-14,0.0,1.1023286410740445,1.0288400650024414,1.0288400650024414,3900,0.0,0
1989-09-15,0.0,1.1023286410740445,1.0288400650024414,1.0288400650024414,8400,0.0,0
1989-09-18,0.0,1.1023286410740445,1.0288400650024414,1.0288400650024414,600,0.0,0
1989-09-19,0.0,1.0288397899040809,0.9553512334823608,0.9553512334823608,14900,0.0,0
1989-09-20,0.0,1.0288397899040809,0.9553512334823608,0.9553512334823608,6400,0.0,0
1989-09-21,0.0,0.9553519040346146,0.8818632960319519,0.8818632960319519,31800,0.0,0
1989-09-22,0.0,0.9553519040346146,0.8818632960319519,0.8818632960319519,14000,0.0,0
1989-09-25,0.0,0.9553512334823608,0.9553512334823608,0.9553512334823608,6900,0.0,0
1989-09-26,0.0,0.9553512334823608,0.9553512334823608,0.9553512334823608,1000,0.0,0
1989-09-27,0.0,0.9553512334823608,0.9553512334823608,0.9553512334823608,22000,0.0,0
1989-09-28,0.0,1.0288397899040809,0.9553512334823608,0.9553512334823608,18000,0.0,0
1989-09-29,0.0,1.3227940052747726,1.1758168935775757,1.1758168935775757,31500,0.0,0
1989-10-02,0.0,1.4697718620300293,1.3962832689285278,1.3962832689285278,54100,0.0,0
1989-10-03,0.0,1.5432605803012849,1.4697719812393188,1.4697719812393188,34500,0.0,0
1989-10-04,0.0,1.3962828914324443,1.3227943181991577,1.3227943181991577,69200,0.0,0
1989-10-05,0.0,1.3962828914324443,1.3227943181991577,1.3227943181991577,10700,0.0,0
1989-10-06,0.0,1.5432605803012849,1.4697719812393188,1.4697719812393188,76900,0.0,0
1989-10-09,0.0,1.3962832689285278,1.3962832689285278,1.3962832689285278,72200,0.0,0
1989-10-10,0.0,1.3227942971622242,1.2493057250976562,1.2493057250976562,63400,0.0,0
1989-10-11,0.0,1.3227942971622242,1.2493057250976562,1.2493057250976562,22200,0.0,0
1989-10-12,0.0,1.3227942971622242,1.2493057250976562,1.2493057250976562,3000,0.0,0
1989-10-13,0.0,1.2493054494261742,1.1758168935775757,1.1758168935775757,19900,0.0,0
1989-10-16,0.0,1.1758174896240234,1.102328896522522,1.102328896522522,3400,0.0,0
1989-10-17,0.0,1.3227940052747726,1.1758168935775757,1.1758168935775757,5800,0.0,0
1989-10-18,0.0,1.3227940052747726,1.1758168935775757,1.1758168935775757,6100,0.0,0
1989-10-19,0.0,1.3227942971622242,1.2493057250976562,1.2493057250976562,1300,0.0,0
1989-10-20,0.0,1.3227940052747726,1.1758168935775757,1.1758168935775757,1700,0.0,0
1989-10-23,0.0,1.2493054494261742,1.1758168935775757,1.1758168935775757,1300,0.0,0
1989-10-24,0.0,1.2493054494261742,1.1758168935775757,1.1758168935775757,500,0.0,0
1989-10-25,0.0,1.2493054494261742,1.1758168935775757,1.1758168935775757,1000,0.0,0
1989-10-26,1.1758168935775757,1.1758168935775757,1.1758168935775757,1.1758168935775757,0,0.0,0
1989-10-27,0.0,1.249306082725525,1.102328896522522,1.102328896522522,6000,0.0,0
1989-10-30,0.0,1.1758174896240234,1.102328896522522,1.102328896522522,1000,0.0,0
1989-10-31,0.0,1.249306082725525,1.102328896522522,1.102328896522522,1000,0.0,0
1989-11-01,0.0,1.1758174896240234,1.102328896522522,1.102328896522522,100,0.0,0
1989-11-02,0.0,1.1758174896240234,1.102328896522522,1.102328896522522,400,0.0,0
1989-11-03,1.102328896522522,1.102328896522522,1.102328896522522,1.102328896522522,0,0.0,0
1989-11-06,0.0,1.1758174896240234,1.102328896522522,1.102328896522522,1000,0.0,0
1989-11-07,0.0,1.1758174896240234,1.102328896522522,1.102328896522522,3000,0.0,0
1989-11-08,0.0,1.1758174896240234,1.102328896522522,1.102328896522522,1100,0.0,0
1989-11-09,0.0,1.1023286410740445,1.0288400650024414,1.0288400650024414,2000,0.0,0
1989-11-10,0.0,1.1023286410740445,1.0288400650024414,1.0288400650024414,5700,0.0,0
1989-11-13,1.0288400650024414,1.0288400650024414,1.0288400650024414,1.0288400650024414,0,0.0,0
1989-11-14,1.0288400650024414,1.0288400650024414,1.0288400650024414,1.0288400650024414,0,0.0,0
1989-11-15,0.0,1.1023286410740445,1.0288400650024414,1.0288400650024414,1200,0.0,0
1989-11-16,0.0,1.1023286410740445,1.0288400650024414,1.0288400650024414,3100,0.0,0
1989-11-17,0.0,1.1023286410740445,1.0288400650024414,1.0288400650024414,300,0.0,0
1989-11-20,0.0,1.1758174896240234,1.102328896522522,1.102328896522522,1000,0.0,0
1989-11-21,0.0,1.1758174896240234,1.102328896522522,1.102328896522522,10100,0.0,0
1989-11-22,0.0,1.1758174896240234,1.102328896522522,1.102328896522522,3400,0.0,0
1989-11-24,1.102328896522522,1.102328896522522,1.102328896522522,1.102328896522522,0,0.0,0
1989-11-27,0.0,1.1758174896240234,1.102328896522522,1.102328896522522,14100,0.0,0
1989-11-28,0.0,1.1758174896240234,1.102328896522522,1.102328896522522,200,0.0,0
1989-11-29,0.0,1.2493054494261742,1.1758168935775757,1.1758168935775757,6500,0.0,0
1989-11-30,0.0,1.2493054494261742,1.1758168935775757,1.1758168935775757,4100,0.0,0
1989-12-01,1.1758168935775757,1.1758168935775757,1.1758168935775757,1.1758168935775757,0,0.0,0
1989-12-04,0.0,1.2493054494261742,1.1758168935775757,1.1758168935775757,9800,0.0,0
1989-12-05,0.0,1.2493054494261742,1.1758168935775757,1.1758168935775757,12800,0.0,0
1989-12-06,0.0,1.2493054494261742,1.1758168935775757,1.1758168935775757,400,0.0,0
1989-12-07,0.0,1.2493054494261742,1.1758168935775757,1.1758168935775757,5300,0.0,0
1989-12-08,0.0,1.2493054494261742,1.1758168935775757,1.1758168935775757,2200,0.0,0
1989-12-11,1.1758168935775757,1.1758168935775757,1.1758168935775757,1.1758168935775757,0,0.0,0
1989-12-12,0.0,1.2493054494261742,1.1758168935775757,1.1758168935775757,4400,0.0,0
1989-12-13,0.0,1.2493054494261742,1.1758168935775757,1.1758168935775757,2900,0.0,0
1989-12-14,0.0,1.2493054494261742,1.1758168935775757,1.1758168935775757,7000,0.0,0
1989-12-15,0.0,1.1758174896240234,1.102328896522522,1.102328896522522,2100,0.0,0
1989-12-18,0.0,1.1023286410740445,1.0288400650024414,1.0288400650024414,7100,0.0,0
1989-12-19,0.0,1.102328896522522,1.102328896522522,1.102328896522522,4000,0.0,0
1989-12-20,0.0,1.0288400650024414,1.0288400650024414,1.0288400650024414,4500,0.0,0
1989-12-21,0.0,1.0288397899040809,0.9553512334823608,0.9553512334823608,18300,0.0,0
1989-12-22,0.0,0.9553519040346146,0.8818632960319519,0.8818632960319519,36000,0.0,0
1989-12-26,0.0,0.9553519040346146,0.8818632960319519,0.8818632960319519,1000,0.0,0
1989-12-27,0.0,0.9553519040346146,0.8818632960319519,0.8818632960319519,3000,0.0,0
1989-12-28,0.0,0.9553519040346146,0.8818632960319519,0.8818632960319519,4200,0.0,0
1989-12-29,0.0,1.0288405120372772,0.8818632960319519,0.8818632960319519,6500,0.0,0
1990-01-02,0.8818632960319519,0.8818632960319519,0.8818632960319519,0.8818632960319519,0,0.0,0
1990-01-03,0.0,1.0288405120372772,0.8818632960319519,0.8818632960319519,14000,0.0,0
1990-01-04,0.0,0.9553519040346146,0.8818632960319519,0.8818632960319519,4000,0.0,0
1990-01-05,0.0,1.0288397899040809,0.9553512334823608,0.9553512334823608,6000,0.0,0
1990-01-08,0.0,1.0288397899040809,0.9553512334823608,0.9553512334823608,6000,0.0,0
1990-01-09,0.0,1.0288405120372772,0.8818632960319519,0.8818632960319519,4000,0.0,0
1990-01-10,0.0,1.0288405120372772,0.8818632960319519,0.8818632960319519,3000,0.0,0
1990-01-11,0.0,1.0288405120372772,0.8818632960319519,0.8818632960319519,1000,0.0,0
1990-01-12,0.0,1.0288405120372772,0.8818632960319519,0.8818632960319519,1200,0.0,0
1990-01-15,0.0,0.9553512334823608,0.9553512334823608,0.9553512334823608,2500,0.0,0
1990-01-16,0.0,0.9553519040346146,0.8818632960319519,0.8818632960319519,3500,0.0,0
1990-01-17,0.0,1.0288397899040809,0.9553512334823608,0.9553512334823608,27500,0.0,0
1990-01-18,0.0,1.0288397899040809,0.9553512334823608,0.9553512334823608,11600,0.0,0
1990-01-19,0.0,1.0288397899040809,0.9553512334823608,0.9553512334823608,1500,0.0,0
1990-01-22,0.9553512334823608,0.9553512334823608,0.9553512334823608,0.9553512334823608,0,0.0,0
1990-01-23,0.0,1.0288397899040809,0.9553512334823608,0.9553512334823608,2000,0.0,0
1990-01-24,0.0,1.0288405120372772,0.8818632960319519,0.8818632960319519,11200,0.0,0
1990-01-25,0.0,1.0288405120372772,0.8818632960319519,0.8818632960319519,4100,0.0,0
1990-01-26,0.0,1.0288405120372772,0.8818632960319519,0.8818632960319519,1000,0.0,0
1990-01-29,0.0,0.9553519040346146,0.8818632960319519,0.8818632960319519,3500,0.0,0
1990-01-30,0.0,0.8818628571250222,0.808374285697937,0.808374285697937,12700,0.0,0
1990-01-31,0.808374285697937,0.808374285697937,0.808374285697937,0.808374285697937,0,0.0,0
1990-02-01,0.0,0.9553514285521074,0.808374285697937,0.808374285697937,1000,0.0,0
1990-02-02,0.808374285697937,0.808374285697937,0.808374285697937,0.808374285697937,0,0.0,0
1990-02-05,0.0,0.9553519040346146,0.8818632960319519,0.8818632960319519,500,0.0,0
1990-02-06,0.0,0.9553514285521074,0.808374285697937,0.808374285697937,5800,0.0,0
1990-02-07,0.0,0.8818628571250222,0.808374285697937,0.808374285697937,6500,0.0,0
1990-02-08,0.0,0.8818628571250222,0.808374285697937,0.808374285697937,3100,0.0,0
1990-02-09,0.0,0.8818628571250222,0.808374285697937,0.808374285697937,3000,0.0,0
1990-02-12,0.0,0.8818628571250222,0.808374285697937,0.808374285697937,200,0.0,0
1990-02-13,0.0,0.8818628571250222,0.808374285697937,0.808374285697937,8100,0.0,0
1990-02-14,0.808374285697937,0.808374285697937,0.808374285697937,0.808374285697937,0,0.0,0
1990-02-15,0.0,0.8818628571250222,0.808374285697937,0.808374285697937,12500,0.0,0
1990-02-16,0.0,0.8818628571250222,0.808374285697937,0.808374285697937,3100,0.0,0
1990-02-20,0.0,0.8818628571250222,0.808374285697937,0.808374285697937,1600,0.0,0
1990-02-21,0.808374285697937,0.808374285697937,0.808374285697937,0.808374285697937,0,0.0,0
1990-02-22,0.0,0.8818628571250222,0.808374285697937,0.808374285697937,2000,0.0,0
1990-02-23,0.0,0.8818628571250222,0.808374285697937,0.808374285697937,100,0.0,0
1990-02-26,0.808374285697937,0.808374285697937,0.808374285697937,0.808374285697937,0,0.0,0
1990-02-27,0.0,0.8818632960319519,0.8818632960319519,0.8818632960319519,1000,0.0,0
1990-02-28,0.0,0.9553519040346146,0.8818632960319519,0.8818632960319519,3000,0.0,0
1990-03-01,0.8818632960319519,0.8818632960319519,0.8818632960319519,0.8818632960319519,0,0.0,0
1990-03-02,0.8818632960319519,0.8818632960319519,0.8818632960319519,0.8818632960319519,0,0.0,0
1990-03-05,0.0,0.9553519040346146,0.8818632960319519,0.8818632960319519,2000,0.0,0
1990-03-06,0.0,0.9553519040346146,0.8818632960319519,0.8818632960319519,4200,0.0,0
1990-03-07,0.0,0.9553519040346146,0.8818632960319519,0.8818632960319519,800,0.0,0
1990-03-08,0.0,0.9553519040346146,0.8818632960319519,0.8818632960319519,200,0.0,0
1990-03-09,0.0,0.9553519040346146,0.8818632960319519,0.8818632960319519,22000,0.0,0
1990-03-12,0.0,1.0288397899040809,0.9553512334823608,0.9553512334823608,12300,0.0,0
1990-03-13,0.0,1.0288400650024414,1.0288400650024414,1.0288400650024414,11000,0.0,0
1990-03-14,0.0,1.2493054494261742,1.1758168935775757,1.1758168935775757,12900,0.0,0
1990-03-15,0.0,1.2493054494261742,1.1758168935775757,1.1758168935775757,1500,0.0,0
1990-03-16,0.0,1.2493054494261742,1.1758168935775757,1.1758168935775757,1600,0.0,0
1990-03-19,0.0,1.3227942971622242,1.2493057250976562,1.2493057250976562,14500,0.0,0
1990-03-20,0.0,1.3227942971622242,1.2493057250976562,1.2493057250976562,15000,0.0,0
1990-03-21,0.0,1.2493057250976562,1.2493057250976562,1.2493057250976562,4300,0.0,0
1990-03-22,0.0,1.2493054494261742,1.1758168935775757,1.1758168935775757,33100,0.0,0
1990-03-23,0.0,1.1758174896240234,1.102328896522522,1.102328896522522,9600,0.0,0
1990-03-26,0.0,1.1758168935775757,1.1758168935775757,1.1758168935775757,2700,0.0,0
1990-03-27,0.0,1.2493054494261742,1.1758168935775757,1.1758168935775757,8500,0.0,0
1990-03-28,0.0,1.3227940052747726,1.1758168935775757,1.1758168935775757,19400,0.0,0
1990-03-29,0.0,1.3227942971622242,1.2493057250976562,1.2493057250976562,5300,0.0,0
1990-03-30,0.0,1.469771464665731,1.3227943181991577,1.3227943181991577,17500,0.0,0
1990-04-02,0.0,1.3962828914324443,1.3227943181991577,1.3227943181991577,5700,0.0,0
1990-04-03,0.0,1.4697718620300293,1.3962832689285278,1.3962832689285278,6700,0.0,0
1990-04-04,0.0,1.4697718620300293,1.3962832689285278,1.3962832689285278,17700,0.0,0
1990-04-05,0.0,1.5432599782943726,1.5432599782943726,1.5432599782943726,32800,0.0,0
1990-04-06,0.0,1.5432605803012849,1.4697719812393188,1.4697719812393188,13600,0.0,0
1990-04-09,0.0,1.4697718620300293,1.3962832689285278,1.3962832689285278,10900,0.0,0
1990-04-10,0.0,1.4697718620300293,1.3962832689285278,1.3962832689285278,7700,0.0,0
1990-04-11,0.0,1.4697718620300293,1.3962832689285278,1.3962832689285278,7500,0.0,0
1990-04-12,0.0,1.469771464665731,1.3227943181991577,1.3227943181991577,9000,0.0,0
1990-04-16,0.0,1.3227942971622242,1.2493057250976562,1.2493057250976562,10700,0.0,0
1990-04-17,0.0,1.3227942971622242,1.2493057250976562,1.2493057250976562,4200,0.0,0
1990-04-18,0.0,1.2493054494261742,1.1758168935775757,1.1758168935775757,6800,0.0,0
1990-04-19,0.0,1.3227940052747726,1.1758168935775757,1.1758168935775757,4500,0.0,0
1990-04-20,0.0,1.2493054494261742,1.1758168935775757,1.1758168935775757,20600,0.0,0
1990-04-23,0.0,1.1758174896240234,1.102328896522522,1.102328896522522,11600,0.0,0
1990-04-24,0.0,1.1758174896240234,1.102328896522522,1.102328896522522,3300,0.0,0
1990-04-25,0.0,1.1758174896240234,1.102328896522522,1.102328896522522,1000,0.0,0
1990-04-26,0.0,1.1758174896240234,1.102328896522522,1.102328896522522,2000,0.0,0
1990-04-27,0.0,1.1758174896240234,1.102328896522522,1.102328896522522,2100,0.0,0
1990-04-30,0.0,1.1758174896240234,1.102328896522522,1.102328896522522,16400,0.0,0
1990-05-01,0.0,1.1023286410740445,1.0288400650024414,1.0288400650024414,1000,0.0,0
1990-05-02,1.0288400650024414,1.0288400650024414,1.0288400650024414,1.0288400650024414,0,0.0,0
1990-05-03,1.0288400650024414,1.0288400650024414,1.0288400650024414,1.0288400650024414,0,0.0,0
1990-05-04,0.0,1.1023286410740445,1.0288400650024414,1.0288400650024414,400,0.0,0
1990-05-07,0.0,1.1758174896240234,1.102328896522522,1.102328896522522,7700,0.0,0
1990-05-08,0.0,1.1758174896240234,1.102328896522522,1.102328896522522,3800,0.0,0
1990-05-09,0.0,1.1758174896240234,1.102328896522522,1.102328896522522,1500,0.0,0
1990-05-10,0.0,1.1758174896240234,1.102328896522522,1.102328896522522,10000,0.0,0
1990-05-11,0.0,1.1758174896240234,1.102328896522522,1.102328896522522,6000,0.0,0
1990-05-14,0.0,1.1758174896240234,1.102328896522522,1.102328896522522,11700,0.0,0
1990-05-15,0.0,1.1758168935775757,1.1758168935775757,1.1758168935775757,1000,0.0,0
1990-05-16,0.0,1.1758174896240234,1.102328896522522,1.102328896522522,3000,0.0,0
1990-05-17,0.0,1.1758174896240234,1.102328896522522,1.102328896522522,7500,0.0,0
1990-05-18,0.0,1.1758174896240234,1.102328896522522,1.102328896522522,8200,0.0,0
1990-05-21,0.0,1.249306082725525,1.102328896522522,1.102328896522522,400,0.0,0
1990-05-22,0.0,1.249306082725525,1.102328896522522,1.102328896522522,1500,0.0,0
1990-05-23,0.0,1.1758174896240234,1.102328896522522,1.102328896522522,3300,0.0,0
1990-05-24,0.0,1.2493054494261742,1.1758168935775757,1.1758168935775757,8500,0.0,0
1990-05-25,0.0,1.1758168935775757,1.1758168935775757,1.1758168935775757,5500,0.0,0
1990-05-29,0.0,1.1758174896240234,1.102328896522522,1.102328896522522,23600,0.0,0
1990-05-30,0.0,1.1758174896240234,1.102328896522522,1.102328896522522,13100,0.0,0
1990-05-31,0.0,1.1758174896240234,1.102328896522522,1.102328896522522,600,0.0,0
1990-06-01,0.0,1.3227940052747726,1.1758168935775757,1.1758168935775757,16700,0.0,0
1990-06-04,0.0,1.3227942971622242,1.2493057250976562,1.2493057250976562,38600,0.0,0
1990-06-05,0.0,1.4697718620300293,1.3962832689285278,1.3962832689285278,37800,0.0,0
1990-06-06,0.0,1.8372152000665665,1.7637265920639038,1.7637265920639038,107200,0.0,0
1990-06-07,0.0,1.7637259856514307,1.6902374029159546,1.6902374029159546,145200,0.0,0
1990-06-08,0.0,1.7637259856514307,1.6902374029159546,1.6902374029159546,38400,0.0,0
1990-06-11,0.0,1.7637265920639038,1.7637265920639038,1.7637265920639038,70900,0.0,0
1990-06-12,0.0,1.9841910233864417,1.9107024669647217,1.9107024669647217,95600,0.0,0
1990-06-13,0.0,2.057679741470902,1.9841911792755127,1.9841911792755127,117300,0.0,0
1990-06-14,0.0,2.057680130004883,2.057680130004883,2.057680130004883,43400,0.0,0
1990-06-15,0.0,2.057680130004883,2.057680130004883,2.057680130004883,142300,0.0,0
1990-06-18,0.0,2.1311683654785156,2.1311683654785156,2.1311683654785156,151800,0.0,0
1990-06-19,0.0,1.9841910233864417,1.9107024669647217,1.9107024669647217,120700,0.0,0
1990-06-20,0.0,1.9841910233864417,1.9107024669647217,1.9107024669647217,80400,0.0,0
1990-06-21,0.0,1.91070255279541,1.8372139930725098,1.8372139930725098,45800,0.0,0
1990-06-22,0.0,1.91070255279541,1.8372139930725098,1.8372139930725098,41800,0.0,0
1990-06-25,0.0,1.9841910233864417,1.9107024669647217,1.9107024669647217,48900,0.0,0
1990-06-26,0.0,1.9841910233864417,1.9107024669647217,1.9107024669647217,16100,0.0,0
1990-06-27,0.0,2.131168706076486,2.057680130004883,2.057680130004883,46600,0.0,0
1990-06-28,0.0,2.204656929805361,2.1311683654785156,2.1311683654785156,56800,0.0,0
1990-06-29,0.0,2.3516343639742945,2.2781457901000977,2.2781457901000977,64100,0.0,0
1990-07-02,0.0,2.2781463861465454,2.204657793045044,2.204657793045044,27200,0.0,0
1990-07-03,0.0,2.2781463861465454,2.204657793045044,2.204657793045044,20500,0.0,0
1990-07-05,0.0,2.204656929805361,2.1311683654785156,2.1311683654785156,6400,0.0,0
1990-07-06,0.0,2.204656929805361,2.1311683654785156,2.1311683654785156,9000,0.0,0
1990-07-09,0.0,2.3516343639742945,2.2781457901000977,2.2781457901000977,55000,0.0,0
1990-07-10,0.0,2.2781463861465454,2.204657793045044,2.204657793045044,38300,0.0,0
1990-07-11,0.0,2.3516343639742945,2.2781457901000977,2.2781457901000977,17900,0.0,0
1990-07-12,0.0,2.42512234300375,2.3516337871551514,2.3516337871551514,27100,0.0,0
1990-07-13,0.0,3.1600091457366943,3.1600091457366943,3.1600091457366943,193000,0.0,0
1990-07-16,0.0,3.086519566977896,3.013031005859375,3.013031005859375,152300,0.0,0
1990-07-17,0.0,2.7190780639648438,2.7190780639648438,2.7190780639648438,124100,0.0,0
1990-07-18,0.0,2.7190772096316023,2.6455886363983154,2.6455886363983154,46600,0.0,0
1990-07-19,0.0,2.5721004009246826,2.5721004009246826,2.5721004009246826,27500,0.0,0
1990-07-20,0.0,2.7190772096316023,2.6455886363983154,2.6455886363983154,65600,0.0,0
1990-07-23,0.0,2.7190780639648438,2.7190780639648438,2.7190780639648438,48800,0.0,0
1990-07-24,0.0,3.2334977305212687,3.1600091457366943,3.1600091457366943,54900,0.0,0
1990-07-25,0.0,3.4539633885673853,3.380474805831909,3.380474805831909,80200,0.0,0
1990-07-26,0.0,3.4539633885673853,3.380474805831909,3.380474805831909,35400,0.0,0
1990-07-27,0.0,3.674430400133133,3.5274531841278076,3.5274531841278076,96600,0.0,0
1990-07-30,0.0,3.6009417921304703,3.5274531841278076,3.5274531841278076,150600,0.0,0
1990-07-31,0.0,3.5274531841278076,3.5274531841278076,3.5274531841278076,19400,0.0,0
1990-08-01,0.0,3.4539623260498047,3.4539623260498047,3.4539623260498047,49100,0.0,0
1990-08-02,0.0,3.1600081280964174,3.013031005859375,3.013031005859375,35000,0.0,0
1990-08-03,0.0,3.0130325615406037,2.9395439624786377,2.9395439624786377,80000,0.0,0
1990-08-06,0.0,2.9395433572622442,2.8660547733306885,2.8660547733306885,17200,0.0,0
1990-08-07,0.0,2.9395433572622442,2.8660547733306885,2.8660547733306885,14900,0.0,0
1990-08-08,0.0,3.0130319411938005,2.8660547733306885,2.8660547733306885,17700,0.0,0
1990-08-09,0.0,3.086519566977896,3.013031005859375,3.013031005859375,20700,0.0,0
1990-08-10,0.0,3.306986315305843,3.1600091457366943,3.1600091457366943,44800,0.0,0
1990-08-13,0.0,3.2334977305212687,3.1600091457366943,3.1600091457366943,8500,0.0,0
1990-08-14,0.0,3.3069857142188335,3.233497142791748,3.233497142791748,16600,0.0,0
1990-08-15,0.0,3.3069857142188335,3.233497142791748,3.233497142791748,19100,0.0,0
1990-08-16,0.0,3.1600085269837153,3.086519956588745,3.086519956588745,29700,0.0,0
1990-08-17,0.0,2.9395433572622442,2.8660547733306885,2.8660547733306885,32100,0.0,0
1990-08-20,0.0,2.9395433572622442,2.8660547733306885,2.8660547733306885,31000,0.0,0
1990-08-21,0.0,2.866055130958557,2.7925665378570557,2.7925665378570557,30100,0.0,0
1990-08-22,0.0,2.7925666602882178,2.7190780639648438,2.7190780639648438,18000,0.0,0
1990-08-23,0.0,2.5721000222598804,2.4986114501953125,2.4986114501953125,26700,0.0,0
1990-08-24,0.0,2.498610814412435,2.4251222610473633,2.4251222610473633,34900,0.0,0
1990-08-27,0.0,2.5721000222598804,2.4986114501953125,2.4986114501953125,12400,0.0,0
1990-08-28,0.0,2.645588983808245,2.5721004009246826,2.5721004009246826,14900,0.0,0
1990-08-29,0.0,2.7925657828648887,2.6455886363983154,2.6455886363983154,35800,0.0,0
1990-08-30,0.0,2.7190772096316023,2.6455886363983154,2.6455886363983154,11600,0.0,0
1990-08-31,0.0,2.7925666602882178,2.7190780639648438,2.7190780639648438,30000,0.0,0
1990-09-04,0.0,2.7190775666918072,2.5721004009246826,2.5721004009246826,21000,0.0,0
1990-09-05,0.0,2.7190772096316023,2.6455886363983154,2.6455886363983154,7300,0.0,0
1990-09-06,0.0,2.645588983808245,2.5721004009246826,2.5721004009246826,2500,0.0,0
1990-09-07,0.0,2.645588983808245,2.5721004009246826,2.5721004009246826,4500,0.0,0
1990-09-10,0.0,2.645588983808245,2.5721004009246826,2.5721004009246826,2300,0.0,0
1990-09-11,0.0,2.645588983808245,2.5721004009246826,2.5721004009246826,13200,0.0,0
1990-09-12,0.0,2.6455886363983154,2.6455886363983154,2.6455886363983154,8400,0.0,0
1990-09-13,0.0,2.645588983808245,2.5721004009246826,2.5721004009246826,3900,0.0,0
1990-09-14,0.0,2.645588983808245,2.5721004009246826,2.5721004009246826,18900,0.0,0
1990-09-17,0.0,2.645588983808245,2.5721004009246826,2.5721004009246826,300,0.0,0
1990-09-18,0.0,2.7190772096316023,2.6455886363983154,2.6455886363983154,23600,0.0,0
1990-09-19,0.0,2.7925657828648887,2.6455886363983154,2.6455886363983154,9900,0.0,0
1990-09-20,0.0,2.7925657828648887,2.6455886363983154,2.6455886363983154,12100,0.0,0
1990-09-21,0.0,2.9395437240600586,2.7925665378570557,2.7925665378570557,32800,0.0,0
1990-09-24,0.0,2.866055130958557,2.7925665378570557,2.7925665378570557,4100,0.0,0
1990-09-25,0.0,3.086519566977896,3.013031005859375,3.013031005859375,18300,0.0,0
1990-09-26,0.0,3.0130325615406037,2.9395439624786377,2.9395439624786377,15500,0.0,0
1990-09-27,0.0,2.866055130958557,2.7925665378570557,2.7925665378570557,30000,0.0,0
1990-09-28,0.0,2.9395437240600586,2.7925665378570557,2.7925665378570557,25900,0.0,0
1990-10-01,0.0,3.2334970973786854,3.086519956588745,3.086519956588745,21300,0.0,0
1990-10-02,0.0,3.0130325615406037,2.9395439624786377,2.9395439624786377,16400,0.0,0
1990-10-03,0.0,2.9395437240600586,2.7925665378570557,2.7925665378570557,37400,0.0,0
1990-10-04,0.0,2.9395433572622442,2.8660547733306885,2.8660547733306885,5000,0.0,0
1990-10-05,0.0,3.086519566977896,3.013031005859375,3.013031005859375,18300,0.0,0
1990-10-08,0.0,3.0130325615406037,2.9395439624786377,2.9395439624786377,2300,0.0,0
1990-10-09,0.0,3.0130319411938005,2.8660547733306885,2.8660547733306885,8900,0.0,0
1990-10-10,0.0,2.9395433572622442,2.8660547733306885,2.8660547733306885,3900,0.0,0
1990-10-11,0.0,2.866055130958557,2.7925665378570557,2.7925665378570557,18600,0.0,0
1990-10-12,0.0,2.866055130958557,2.7925665378570557,2.7925665378570557,1000,0.0,0
1990-10-15,0.0,2.7925666602882178,2.7190780639648438,2.7190780639648438,36000,0.0,0
1990-10-16,0.0,2.7925666602882178,2.7190780639648438,2.7190780639648438,11100,0.0,0
1990-10-17,0.0,2.866055130958557,2.7925665378570557,2.7925665378570557,42300,0.0,0
1990-10-18,0.0,2.866055130958557,2.7925665378570557,2.7925665378570557,3300,0.0,0
1990-10-19,0.0,2.866055130958557,2.7925665378570557,2.7925665378570557,10600,0.0,0
1990-10-22,0.0,2.866055130958557,2.7925665378570557,2.7925665378570557,3500,0.0,0
1990-10-23,0.0,3.1600085269837153,3.086519956588745,3.086519956588745,67200,0.0,0
1990-10-24,0.0,3.086519566977896,3.013031005859375,3.013031005859375,4100,0.0,0
1990-10-25,0.0,3.086519566977896,3.013031005859375,3.013031005859375,3000,0.0,0
1990-10-26,0.0,3.086519566977896,3.013031005859375,3.013031005859375,1000,0.0,0
1990-10-29,0.0,3.086519566977896,3.013031005859375,3.013031005859375,1400,0.0,0
1990-10-30,0.0,3.086519566977896,3.013031005859375,3.013031005859375,3500,0.0,0
1990-10-31,0.0,3.3804732110765245,3.3069846630096436,3.3069846630096436,31700,0.0,0
1990-11-01,0.0,3.3804732110765245,3.3069846630096436,3.3069846630096436,24200,0.0,0
1990-11-02,0.0,3.3804732110765245,3.3069846630096436,3.3069846630096436,20500,0.0,0
1990-11-05,0.0,3.3804732110765245,3.3069846630096436,3.3069846630096436,1500,0.0,0
1990-11-06,0.0,3.3804732110765245,3.3069846630096436,3.3069846630096436,16400,0.0,0
1990-11-07,0.0,3.3069846630096436,3.3069846630096436,3.3069846630096436,7300,0.0,0
1990-11-08,0.0,3.3069857142188335,3.233497142791748,3.233497142791748,9000,0.0,0
1990-11-09,0.0,3.3069857142188335,3.233497142791748,3.233497142791748,25700,0.0,0
1990-11-12,0.0,3.306986315305843,3.1600091457366943,3.1600091457366943,22100,0.0,0
1990-11-13,0.0,3.2334977305212687,3.1600091457366943,3.1600091457366943,4800,0.0,0
1990-11-14,0.0,3.2334977305212687,3.1600091457366943,3.1600091457366943,10000,0.0,0
1990-11-15,0.0,3.2334977305212687,3.1600091457366943,3.1600091457366943,7400,0.0,0
1990-11-16,0.0,3.1600085269837153,3.086519956588745,3.086519956588745,15800,0.0,0
1990-11-19,3.086519956588745,3.086519956588745,3.086519956588745,3.086519956588745,0,0.0,0
1990-11-20,0.0,3.1600085269837153,3.086519956588745,3.086519956588745,6100,0.0,0
1990-11-21,0.0,3.1600085269837153,3.086519956588745,3.086519956588745,2100,0.0,0
1990-11-23,0.0,3.1600085269837153,3.086519956588745,3.086519956588745,7800,0.0,0
1990-11-26,0.0,3.1600085269837153,3.086519956588745,3.086519956588745,500,0.0,0
1990-11-27,0.0,3.086519566977896,3.013031005859375,3.013031005859375,16700,0.0,0
1990-11-28,3.013031005859375,3.013031005859375,3.013031005859375,3.013031005859375,0,0.0,0
1990-11-29,0.0,3.0865211606025698,2.9395439624786377,2.9395439624786377,3000,0.0,0
1990-11-30,0.0,3.1600085269837153,3.086519956588745,3.086519956588745,90800,0.0,0
1990-12-03,0.0,3.1600085269837153,3.086519956588745,3.086519956588745,3300,0.0,0
1990-12-04,0.0,3.1600085269837153,3.086519956588745,3.086519956588745,16900,0.0,0
1990-12-05,0.0,3.2334977305212687,3.1600091457366943,3.1600091457366943,9000,0.0,0
1990-12-06,0.0,3.2334977305212687,3.1600091457366943,3.1600091457366943,6200,0.0,0
1990-12-07,0.0,3.2334977305212687,3.1600091457366943,3.1600091457366943,7300,0.0,0
1990-12-10,0.0,3.2334977305212687,3.1600091457366943,3.1600091457366943,100,0.0,0
1990-12-11,0.0,3.306986315305843,3.1600091457366943,3.1600091457366943,12900,0.0,0
1990-12-12,0.0,3.306986315305843,3.1600091457366943,3.1600091457366943,8800,0.0,0
1990-12-13,0.0,3.2334977305212687,3.1600091457366943,3.1600091457366943,5000,0.0,0
1990-12-14,0.0,3.306986315305843,3.1600091457366943,3.1600091457366943,10800,0.0,0
1990-12-17,0.0,3.1600091457366943,3.1600091457366943,3.1600091457366943,9900,0.0,0
1990-12-18,0.0,3.1600091457366943,3.1600091457366943,3.1600091457366943,7200,0.0,0
1990-12-19,0.0,3.2334977305212687,3.1600091457366943,3.1600091457366943,7200,0.0,0
1990-12-20,0.0,3.2334977305212687,3.1600091457366943,3.1600091457366943,2200,0.0,0
1990-12-21,0.0,3.2334977305212687,3.1600091457366943,3.1600091457366943,1100,0.0,0
1990-12-24,0.0,3.2334977305212687,3.1600091457366943,3.1600091457366943,100,0.0,0
1990-12-26,0.0,3.2334977305212687,3.1600091457366943,3.1600091457366943,300,0.0,0
1990-12-27,0.0,3.2334977305212687,3.1600091457366943,3.1600091457366943,5000,0.0,0
1990-12-28,0.0,3.306986315305843,3.1600091457366943,3.1600091457366943,7500,0.0,0
1990-12-31,0.0,3.600940554038338,3.380474805831909,3.380474805831909,10900,0.0,0
1991-01-02,0.0,3.4539617591434055,3.3069846630096436,3.3069846630096436,5400,0.0,0
1991-01-03,0.0,3.4539617591434055,3.3069846630096436,3.3069846630096436,700,0.0,0
1991-01-04,0.0,3.3804732110765245,3.3069846630096436,3.3069846630096436,15200,0.0,0
1991-01-07,0.0,3.3804742856459185,3.233497142791748,3.233497142791748,10700,0.0,0
1991-01-08,0.0,3.3804742856459185,3.233497142791748,3.233497142791748,10200,0.0,0
1991-01-09,0.0,3.3804742856459185,3.233497142791748,3.233497142791748,300,0.0,0
1991-01-10,0.0,3.3804742856459185,3.233497142791748,3.233497142791748,800,0.0,0
1991-01-11,0.0,3.3804742856459185,3.233497142791748,3.233497142791748,2200,0.0,0
1991-01-14,0.0,3.3804742856459185,3.233497142791748,3.233497142791748,2200,0.0,0
1991-01-15,0.0,3.306986315305843,3.1600091457366943,3.1600091457366943,5900,0.0,0
1991-01-16,0.0,3.306986315305843,3.1600091457366943,3.1600091457366943,11400,0.0,0
1991-01-17,0.0,3.306986315305843,3.1600091457366943,3.1600091457366943,5800,0.0,0
1991-01-18,0.0,3.306986315305843,3.1600091457366943,3.1600091457366943,1000,0.0,0
1991-01-21,0.0,3.306986315305843,3.1600091457366943,3.1600091457366943,287000,0.0,0
1991-01-22,0.0,3.306986315305843,3.1600091457366943,3.1600091457366943,3000,0.0,0
1991-01-23,0.0,3.306986315305843,3.1600091457366943,3.1600091457366943,1900,0.0,0
1991-01-24,0.0,3.306986315305843,3.1600091457366943,3.1600091457366943,4700,0.0,0
1991-01-25,0.0,3.3804742856459185,3.233497142791748,3.233497142791748,30800,0.0,0
1991-01-28,0.0,3.4539617591434055,3.3069846630096436,3.3069846630096436,400,0.0,0
1991-01-29,0.0,3.4539617591434055,3.3069846630096436,3.3069846630096436,500,0.0,0
1991-01-30,0.0,3.5274519713028614,3.380474805831909,3.380474805831909,3700,0.0,0
1991-01-31,0.0,3.4539633885673853,3.380474805831909,3.380474805831909,200,0.0,0
1991-02-01,0.0,3.4539617591434055,3.3069846630096436,3.3069846630096436,7600,0.0,0
1991-02-04,0.0,3.6744278304430904,3.6009392738342285,3.6009392738342285,26300,0.0,0
1991-02-05,0.0,3.6744278304430904,3.6009392738342285,3.6009392738342285,2900,0.0,0
1991-02-06,0.0,3.674430400133133,3.5274531841278076,3.5274531841278076,7100,0.0,0
1991-02-07,0.0,3.6009417921304703,3.5274531841278076,3.5274531841278076,20900,0.0,0
1991-02-08,0.0,3.527450886178524,3.4539623260498047,3.4539623260498047,5500,0.0,0
1991-02-11,0.0,3.527450886178524,3.4539623260498047,3.4539623260498047,17000,0.0,0
1991-02-12,0.0,3.527450886178524,3.4539623260498047,3.4539623260498047,20900,0.0,0
1991-02-13,0.0,3.527450886178524,3.4539623260498047,3.4539623260498047,4300,0.0,0
1991-02-14,0.0,3.527450886178524,3.4539623260498047,3.4539623260498047,18200,0.0,0
1991-02-15,0.0,3.527450886178524,3.4539623260498047,3.4539623260498047,1200,0.0,0
1991-02-19,0.0,3.527450886178524,3.4539623260498047,3.4539623260498047,8500,0.0,0
1991-02-20,0.0,3.527450886178524,3.4539623260498047,3.4539623260498047,3100,0.0,0
1991-02-21,0.0,3.527450886178524,3.4539623260498047,3.4539623260498047,7400,0.0,0
1991-02-22,0.0,3.527450886178524,3.4539623260498047,3.4539623260498047,2900,0.0,0
1991-02-25,0.0,3.527450886178524,3.4539623260498047,3.4539623260498047,4400,0.0,0
1991-02-26,0.0,3.6009394463072435,3.4539623260498047,3.4539623260498047,15000,0.0,0
1991-02-27,0.0,3.6009394463072435,3.4539623260498047,3.4539623260498047,12900,0.0,0
1991-02-28,0.0,3.527450886178524,3.4539623260498047,3.4539623260498047,8400,0.0,0
1991-03-01,0.0,3.6744280064359627,3.4539623260498047,3.4539623260498047,7400,0.0,0
1991-03-04,0.0,3.747916387051952,3.6009392738342285,3.6009392738342285,5200,0.0,0
1991-03-05,0.0,3.9683820467728834,3.8214049339294434,3.8214049339294434,18300,0.0,0
1991-03-06,0.0,4.262337412152972,4.115360260009766,4.115360260009766,57300,0.0,0
1991-03-07,0.0,4.335825142107511,4.18884801864624,4.18884801864624,50600,0.0,0
1991-03-08,0.0,4.262337412152972,4.115360260009766,4.115360260009766,25300,0.0,0
1991-03-11,0.0,4.335825142107511,4.18884801864624,4.18884801864624,13000,0.0,0
1991-03-12,0.0,4.556292772293091,4.409315586090088,4.409315586090088,35100,0.0,0
1991-03-13,0.0,5.364667173842309,5.2176899909973145,5.2176899909973145,52500,0.0,0
1991-03-14,0.0,4.99722162882487,4.850244522094727,4.850244522094727,37800,0.0,0
1991-03-15,0.0,5.070710182189941,4.850244522094727,4.850244522094727,7400,0.0,0
1991-03-18,0.0,5.291178827700408,5.070713043212891,5.070713043212891,21600,0.0,0
1991-03-19,0.0,5.364667173842309,5.2176899909973145,5.2176899909973145,16800,0.0,0
1991-03-20,0.0,5.585132703389207,5.364666938781738,5.364666938781738,12000,0.0,0
1991-03-21,0.0,5.5116441151867175,5.364666938781738,5.364666938781738,31000,0.0,0
1991-03-22,0.0,5.364667173842309,5.2176899909973145,5.2176899909973145,7600,0.0,0
1991-03-25,0.0,5.4381544192632045,5.291177272796631,5.291177272796631,17000,0.0,0
1991-03-26,0.0,5.438155765264806,5.2176899909973145,5.2176899909973145,1800,0.0,0
1991-03-27,0.0,5.5116441151867175,5.364666938781738,5.364666938781738,20300,0.0,0
1991-03-28,0.0,5.5116441151867175,5.364666938781738,5.364666938781738,9100,0.0,0
1991-04-01,0.0,5.4381544192632045,5.291177272796631,5.291177272796631,10100,0.0,0
1991-04-02,0.0,5.4381544192632045,5.291177272796631,5.291177272796631,7600,0.0,0
1991-04-03,0.0,5.217688616584329,4.997222900390625,4.997222900390625,17800,0.0,0
1991-04-04,0.0,5.217688616584329,4.997222900390625,4.997222900390625,5700,0.0,0
1991-04-05,0.0,4.9972222740970444,4.923733711242676,4.923733711242676,12000,0.0,0
1991-04-08,0.0,5.144200044519761,4.997222900390625,4.997222900390625,70300,0.0,0
1991-04-09,0.0,5.144200044519761,4.997222900390625,4.997222900390625,13000,0.0,0
1991-04-10,0.0,5.291178827700408,5.070713043212891,5.070713043212891,6100,0.0,0
1991-04-11,0.0,5.217688616584329,4.997222900390625,4.997222900390625,10000,0.0,0
1991-04-12,0.0,5.217688616584329,4.997222900390625,4.997222900390625,900,0.0,0
1991-04-15,0.0,5.217687962660149,4.923733711242676,4.923733711242676,1500,0.0,0
1991-04-16,0.0,4.850246781569261,4.776758193969727,4.776758193969727,15100,0.0,0
1991-04-17,0.0,4.923733241856098,4.703267574310303,4.703267574310303,9100,0.0,0
1991-04-18,0.0,4.923733241856098,4.703267574310303,4.703267574310303,6800,0.0,0
1991-04-19,0.0,4.923733241856098,4.703267574310303,4.703267574310303,1600,0.0,0
1991-04-22,0.0,4.923733241856098,4.703267574310303,4.703267574310303,3500,0.0,0
1991-04-23,0.0,5.070710182189941,4.850244522094727,4.850244522094727,9700,0.0,0
1991-04-24,0.0,5.070710182189941,4.850244522094727,4.850244522094727,700,0.0,0
1991-04-25,0.0,5.070710182189941,4.850244522094727,4.850244522094727,2000,0.0,0
1991-04-26,0.0,5.070710836951412,4.923733711242676,4.923733711242676,2000,0.0,0
1991-04-29,0.0,5.438155765264806,5.2176899909973145,5.2176899909973145,26700,0.0,0
1991-04-30,0.0,5.364666550500052,5.144200801849365,5.144200801849365,4900,0.0,0
1991-05-01,0.0,5.36466742252958,5.070713043212891,5.070713043212891,0,0.0,0
1991-05-02,0.0,5.36466742252958,5.070713043212891,5.070713043212891,1100,0.0,0
1991-05-03,0.0,5.658621291591697,5.364666938781738,5.364666938781738,20000,0.0,0
1991-05-06,0.0,5.29117796761649,5.144200801849365,5.144200801849365,12000,0.0,0
1991-05-07,0.0,5.364666550500052,5.144200801849365,5.144200801849365,9500,0.0,0
1991-05-08,0.0,5.364666550500052,5.144200801849365,5.144200801849365,1500,0.0,0
1991-05-09,0.0,5.364666550500052,5.144200801849365,5.144200801849365,1000,0.0,0
1991-05-10,0.0,5.364666550500052,5.144200801849365,5.144200801849365,2000,0.0,0
1991-05-13,0.0,5.364666550500052,5.144200801849365,5.144200801849365,6000,0.0,0
1991-05-14,0.0,5.291178827700408,5.070713043212891,5.070713043212891,6500,0.0,0
1991-05-15,0.0,5.291178827700408,5.070713043212891,5.070713043212891,13800,0.0,0
1991-05-16,0.0,5.291178827700408,5.070713043212891,5.070713043212891,1000,0.0,0
1991-05-17,0.0,5.291178827700408,5.070713043212891,5.070713043212891,100,0.0,0
1991-05-20,5.070713043212891,5.070713043212891,5.070713043212891,5.070713043212891,0,0.0,0
1991-05-21,0.0,5.291178827700408,5.070713043212891,5.070713043212891,100,0.0,0
1991-05-22,0.0,5.291178827700408,5.070713043212891,5.070713043212891,6900,0.0,0
1991-05-23,0.0,5.291178827700408,5.070713043212891,5.070713043212891,4100,0.0,0
1991-05-24,0.0,5.291178827700408,5.070713043212891,5.070713043212891,300,0.0,0
1991-05-28,0.0,5.291178827700408,5.070713043212891,5.070713043212891,200,0.0,0
1991-05-29,0.0,5.438155765264806,5.2176899909973145,5.2176899909973145,4000,0.0,0
1991-05-30,0.0,5.80559772491455,5.511643409729004,5.511643409729004,10600,0.0,0
1991-05-31,0.0,5.5851333205764355,5.4381561279296875,5.4381561279296875,13500,0.0,0
1991-06-03,0.0,6.026062530807303,5.805596828460693,5.805596828460693,38200,0.0,0
1991-06-04,0.0,6.099553722143173,5.879087924957275,5.879087924957275,13600,0.0,0
1991-06-05,0.0,6.834437142718922,6.466994285583496,6.466994285583496,40900,0.0,0
1991-06-06,0.0,6.907923518286811,6.613969326019287,6.613969326019287,20000,0.0,0
1991-06-07,0.0,6.760948571291837,6.466994285583496,6.466994285583496,14400,0.0,0
1991-06-10,0.0,6.760948571291837,6.466994285583496,6.466994285583496,7200,0.0,0
1991-06-11,0.0,6.760948571291837,6.466994285583496,6.466994285583496,7800,0.0,0
1991-06-12,0.0,6.760948571291837,6.466994285583496,6.466994285583496,4500,0.0,0
1991-06-13,0.0,6.760948571291837,6.466994285583496,6.466994285583496,2700,0.0,0
1991-06-14,0.0,6.981415359870247,6.760949611663818,6.760949611663818,21400,0.0,0
1991-06-17,0.0,7.1283925253412,6.760949611663818,6.760949611663818,31000,0.0,0
1991-06-18,0.0,7.128391168450796,6.834436893463135,6.834436893463135,13700,0.0,0
1991-06-19,0.0,7.128391168450796,6.834436893463135,6.834436893463135,22000,0.0,0
1991-06-20,0.0,7.128391168450796,6.834436893463135,6.834436893463135,4000,0.0,0
1991-06-21,0.0,7.128391168450796,6.834436893463135,6.834436893463135,8800,0.0,0
1991-06-24,0.0,7.054902599703881,6.834436893463135,6.834436893463135,7100,0.0,0
1991-06-25,0.0,7.789788143307555,7.495833873748779,7.495833873748779,100100,0.0,0
1991-06-26,0.0,7.789788143307555,7.495833873748779,7.495833873748779,12500,0.0,0
1991-06-27,0.0,8.965604847875134,8.524673461914062,8.524673461914062,69100,0.0,0
1991-06-28,0.0,8.524676432651756,8.304210662841797,8.304210662841797,48500,0.0,0
1991-07-01,0.0,8.818627719221444,8.524673461914062,8.524673461914062,40300,0.0,0
1991-07-02,0.0,9.112585544586182,8.818631172180176,8.818631172180176,23500,0.0,0
1991-07-03,0.0,9.112585544586182,8.818631172180176,8.818631172180176,15700,0.0,0
1991-07-05,0.0,9.112585544586182,8.818631172180176,8.818631172180176,1500,0.0,0
1991-07-08,0.0,8.818631047787873,8.451188087463379,8.451188087463379,10000,0.0,0
1991-07-09,0.0,8.230718965883607,7.936764717102051,7.936764717102051,40200,0.0,0
1991-07-10,0.0,8.230718965883607,7.936764717102051,7.936764717102051,5300,0.0,0
1991-07-11,0.0,8.230718965883607,7.936764717102051,7.936764717102051,3500,0.0,0
1991-07-12,0.0,8.157230403688219,7.936764717102051,7.936764717102051,5400,0.0,0
1991-07-15,0.0,8.157230403688219,7.936764717102051,7.936764717102051,20900,0.0,0
1991-07-16,0.0,8.377701939763249,8.157236099243164,8.157236099243164,12500,0.0,0
1991-07-17,0.0,8.451190553269944,8.157236099243164,8.157236099243164,8500,0.0,0
1991-07-18,0.0,8.451190553269944,8.157236099243164,8.157236099243164,6200,0.0,0
1991-07-19,0.0,8.524674824305944,8.230720520019531,8.230720520019531,7000,0.0,0
1991-07-22,0.0,8.524674824305944,8.230720520019531,8.230720520019531,1700,0.0,0
1991-07-23,0.0,8.524674824305944,8.230720520019531,8.230720520019531,12700,0.0,0
1991-07-24,0.0,8.524674824305944,8.230720520019531,8.230720520019531,8000,0.0,0
1991-07-25,0.0,8.524674824305944,8.230720520019531,8.230720520019531,4900,0.0,0
1991-07-26,0.0,8.524674824305944,8.230720520019531,8.230720520019531,1900,0.0,0
1991-07-29,0.0,8.818627407676294,8.37769603729248,8.37769603729248,17800,0.0,0
1991-07-30,0.0,8.818627719221444,8.524673461914062,8.524673461914062,10000,0.0,0
1991-07-31,0.0,8.818627719221444,8.524673461914062,8.524673461914062,1000,0.0,0
1991-08-01,8.524673461914062,8.524673461914062,8.524673461914062,8.524673461914062,0,0.0,0
1991-08-02,0.0,8.965604847875134,8.524673461914062,8.524673461914062,63900,0.0,0
1991-08-05,0.0,8.965604847875134,8.524673461914062,8.524673461914062,1300,0.0,0
1991-08-06,0.0,8.67165197644915,8.230720520019531,8.230720520019531,7300,0.0,0
1991-08-07,0.0,8.67165197644915,8.230720520019531,8.230720520019531,1500,0.0,0
1991-08-08,0.0,8.671650284215023,8.37769603729248,8.37769603729248,9300,0.0,0
1991-08-09,0.0,8.671650284215023,8.37769603729248,8.37769603729248,1600,0.0,0
1991-08-12,0.0,8.671650284215023,8.37769603729248,8.37769603729248,3700,0.0,0
1991-08-13,0.0,8.671650284215023,8.37769603729248,8.37769603729248,7900,0.0,0
1991-08-14,0.0,8.671650284215023,8.37769603729248,8.37769603729248,9300,0.0,0
1991-08-15,0.0,8.671650284215023,8.37769603729248,8.37769603729248,3900,0.0,0
1991-08-16,0.0,8.671650284215023,8.37769603729248,8.37769603729248,1700,0.0,0
1991-08-19,0.0,8.671650284215023,8.37769603729248,8.37769603729248,3200,0.0,0
1991-08-20,0.0,8.671650284215023,8.37769603729248,8.37769603729248,7500,0.0,0
1991-08-21,0.0,8.671650284215023,8.37769603729248,8.37769603729248,9000,0.0,0
1991-08-22,0.0,8.671650284215023,8.37769603729248,8.37769603729248,6300,0.0,0
1991-08-23,0.0,8.671650284215023,8.37769603729248,8.37769603729248,1500,0.0,0
1991-08-26,0.0,8.671650284215023,8.37769603729248,8.37769603729248,2800,0.0,0
1991-08-27,0.0,8.671650284215023,8.37769603729248,8.37769603729248,200,0.0,0
1991-08-28,0.0,8.671650284215023,8.37769603729248,8.37769603729248,4300,0.0,0
1991-08-29,0.0,8.671650284215023,8.37769603729248,8.37769603729248,4400,0.0,0
1991-08-30,0.0,8.671650284215023,8.37769603729248,8.37769603729248,9200,0.0,0
1991-09-03,0.0,8.671650284215023,8.37769603729248,8.37769603729248,25600,0.0,0
1991-09-04,0.0,8.671650284215023,8.37769603729248,8.37769603729248,25700,0.0,0
1991-09-05,0.0,8.818627719221444,8.524673461914062,8.524673461914062,40600,0.0,0
1991-09-06,0.0,9.994443595409393,9.406535148620605,9.406535148620605,60300,0.0,0
1991-09-09,0.0,10.582354377297793,9.99444580078125,9.99444580078125,15400,0.0,0
1991-09-10,0.0,10.582354377297793,9.99444580078125,9.99444580078125,9400,0.0,0
1991-09-11,0.0,10.582354377297793,9.99444580078125,9.99444580078125,4000,0.0,0
1991-09-12,0.0,10.582353051029035,9.847467422485352,9.847467422485352,20700,0.0,0
1991-09-13,0.0,10.582353051029035,9.847467422485352,9.847467422485352,3900,0.0,0
1991-09-16,0.0,10.582353051029035,9.847467422485352,9.847467422485352,3100,0.0,0
1991-09-17,9.847467422485352,9.847467422485352,9.847467422485352,9.847467422485352,0,0.0,0
1991-09-18,0.0,10.435375925320297,9.847467422485352,9.847467422485352,3500,0.0,0
1991-09-19,0.0,10.435375925320297,9.847467422485352,9.847467422485352,800,0.0,0
1991-09-20,0.0,10.435375925320297,9.847467422485352,9.847467422485352,5200,0.0,0
1991-09-23,0.0,10.435375925320297,9.847467422485352,9.847467422485352,1500,0.0,0
1991-09-24,0.0,10.435375925320297,9.847467422485352,9.847467422485352,4800,0.0,0
1991-09-25,0.0,10.288400089039522,9.99444580078125,9.99444580078125,3100,0.0,0
1991-09-26,0.0,10.288400089039522,9.99444580078125,9.99444580078125,600,0.0,0
1991-09-27,9.99444580078125,9.99444580078125,9.99444580078125,9.99444580078125,0,0.0,0
1991-09-30,10.288400089039522,10.288400089039522,9.99444580078125,9.99444580078125,5200,0.0,0
1991-10-01,10.28840160369873,10.28840160369873,9.99444727216448,10.28840160369873,3000,0.0,0
1991-10-02,9.99444580078125,10.435377233168659,9.99444580078125,9.99444580078125,15800,0.0,0
1991-10-03,9.994448433459644,10.435379981994629,9.994448433459644,10.435379981994629,1000,0.0,0
1991-10-04,9.99444580078125,10.435377233168659,9.99444580078125,9.99444580078125,3700,0.0,0
1991-10-07,9.99444580078125,10.435377233168659,9.99444580078125,9.99444580078125,3000,0.0,0
1991-10-08,9.99444595972697,10.582354545593262,9.99444595972697,10.582354545593262,32900,0.0,0
1991-10-09,9.994448896767437,10.582357655400816,9.994448896767437,10.141426086425781,6200,0.0,0
1991-10-10,10.582359035519788,10.582359035519788,9.994450200213134,10.067938804626465,4400,0.0,0
1991-10-11,9.99444580078125,10.582354377297793,9.99444580078125,9.99444580078125,28400,0.0,0
1991-10-14,9.99444580078125,10.582354377297793,9.99444580078125,9.99444580078125,6500,0.0,0
1991-10-15,9.994447913536659,10.141425088735728,9.553516387939453,9.553516387939453,77500,0.0,0
1991-10-16,9.553516387939453,9.994447913536659,9.553516387939453,9.553516387939453,7000,0.0,0
1991-10-17,9.700491512522978,10.141422944910387,9.700491512522978,9.99444580078125,6400,0.0,0
1991-10-18,10.141426086425781,10.141426086425781,9.700494517450748,10.141426086425781,5400,0.0,0
1991-10-21,9.700491512522978,9.99444580078125,9.700491512522978,9.99444580078125,5000,0.0,0
1991-10-22,9.700489044189453,9.700489044189453,9.700489044189453,9.700489044189453,800,0.0,0
1991-10-23,9.700494517450748,10.141426086425781,9.700494517450748,10.141426086425781,500,0.0,0
1991-10-24,9.700493563138522,9.994447913536659,9.553516387939453,9.553516387939453,8700,0.0,0
1991-10-25,9.700493563138522,9.700493563138522,9.553516387939453,9.553516387939453,1500,0.0,0
1991-10-28,9.553514368393841,9.99444580078125,9.553514368393841,9.99444580078125,6500,0.0,0
1991-10-29,9.553516387939453,9.553516387939453,9.553516387939453,9.553516387939453,3000,0.0,0
1991-10-30,9.994448284770167,9.994448284770167,9.406539562136627,9.48002815246582,5700,0.0,0
1991-10-31,9.406536045359141,9.847467422485352,9.406536045359141,9.847467422485352,1200,0.0,0
1991-11-01,9.847466483712196,9.847466483712196,9.406535148620605,9.406535148620605,2600,0.0,0
1991-11-04,9.406536045359141,9.847467422485352,9.406536045359141,9.847467422485352,20500,0.0,0
1991-11-05,9.406536768353174,9.700491042364211,9.259559631347656,9.259559631347656,6500,0.0,0
1991-11-06,9.259560308148785,9.55351460364557,9.11258316040039,9.11258316040039,10600,0.0,0
1991-11-07,9.11258316040039,9.406537455897178,9.11258316040039,9.11258316040039,700,0.0,0
1991-11-08,9.11258316040039,9.55351460364557,9.11258316040039,9.11258316040039,3100,0.0,0
1991-11-11,9.112584862342247,9.553516387939453,9.112584862342247,9.553516387939453,35700,0.0,0
1991-11-12,9.259559631347656,9.259559631347656,9.259559631347656,9.259559631347656,200,0.0,0
1991-11-13,9.259559631347656,9.259559631347656,9.259559631347656,9.259559631347656,0,0.0,0
1991-11-14,9.259559631347656,9.553513905358693,9.259559631347656,9.259559631347656,400,0.0,0
1991-11-15,9.553513905358693,9.700491042364211,9.259559631347656,9.259559631347656,13600,0.0,0
1991-11-18,9.259559631347656,9.259559631347656,9.259559631347656,9.259559631347656,600,0.0,0
1991-11-19,9.700491751393965,9.700491751393965,9.11258316040039,9.11258316040039,18200,0.0,0
1991-11-20,9.553513171067879,9.847467422485352,9.112581793941668,9.847467422485352,36100,0.0,0
1991-11-21,9.847470634861997,9.847470634861997,9.406539113898027,9.773982048034668,14100,0.0,0
1991-11-22,9.847466483712196,9.847466483712196,9.406535148620605,9.406535148620605,4300,0.0,0
1991-11-25,9.627003177519768,9.700491751393965,9.11258316040039,9.11258316040039,41000,0.0,0
1991-11-26,9.406539212740386,9.553516387939453,9.259562037541317,9.553516387939453,4200,0.0,0
1991-11-27,9.553516387939453,9.553516387939453,9.259562037541317,9.553516387939453,7900,0.0,0
1991-11-29,9.553512260317802,9.553512260317802,9.259558036923409,9.406535148620605,2700,0.0,0
1991-12-02,9.259559631347656,9.553513905358693,9.112582494342137,9.259559631347656,17300,0.0,0
1991-12-03,9.112585200819858,9.553516742795013,9.112585200819858,9.48002815246582,7000,0.0,0
1991-12-04,9.259557723999023,9.99444325764974,9.259557723999023,9.700489044189453,20300,0.0,0
1991-12-05,9.700491512522978,10.435377233168659,9.700491512522978,9.99444580078125,28500,0.0,0
1991-12-06,9.99444580078125,10.582354377297793,9.99444580078125,9.99444580078125,10200,0.0,0
1991-12-09,9.99444727216448,10.58235593523298,9.99444727216448,10.28840160369873,41800,0.0,0
1991-12-10,9.994446937074052,10.582355580431349,9.994446937074052,10.361889839172363,5600,0.0,0
1991-12-11,10.141423106193542,10.582354545593262,10.141423106193542,10.582354545593262,1500,0.0,0
1991-12-12,10.141426086425781,10.582357655400816,10.141426086425781,10.141426086425781,2300,0.0,0
1991-12-13,10.141424352472479,10.508867263793945,10.141424352472479,10.508867263793945,8600,0.0,0
1991-12-16,10.141424437931606,10.58235593523298,10.141424437931606,10.28840160369873,11000,0.0,0
1991-12-17,10.141424437931606,10.58235593523298,10.141424437931606,10.28840160369873,22700,0.0,0
1991-12-18,10.14142561630464,10.582357164839623,10.14142561630464,10.435379981994629,7100,0.0,0
1991-12-19,10.141423106193542,10.582354545593262,9.99444595972697,10.582354545593262,14200,0.0,0
1991-12-20,9.99444580078125,10.582354377297793,9.99444580078125,9.99444580078125,49700,0.0,0
1991-12-23,9.994448896767437,10.582357655400816,9.847471707109092,10.141426086425781,11000,0.0,0
1991-12-24,9.847467422485352,10.435375925320297,9.847467422485352,9.847467422485352,3800,0.0,0
1991-12-26,9.84747125061465,10.435379981994629,9.84747125061465,10.435379981994629,3800,0.0,0
1991-12-27,9.84747125061465,10.435379981994629,9.84747125061465,10.435379981994629,2500,0.0,0
1991-12-30,9.84747125061465,10.435379981994629,9.84747125061465,10.435379981994629,9000,0.0,0
1991-12-31,10.435378769465855,10.435378769465855,9.847470106397356,10.28840160369873,27400,0.0,0
1992-01-02,9.847468813260397,10.582354545593262,9.847468813260397,10.582354545593262,28400,0.0,0
1992-01-03,9.99444595972697,10.876308838526409,9.99444595972697,10.582354545593262,7300,0.0,0
1992-01-06,10.876309902109998,10.876309902109998,10.361889839172363,10.361889839172363,16500,0.0,0
1992-01-07,10.72933484505916,10.72933484505916,10.06793749159661,10.141426086425781,18400,0.0,0
1992-01-08,9.994448433459644,10.582357164839623,9.994448433459644,10.435379981994629,9300,0.0,0
1992-01-09,9.99444580078125,10.435377233168659,9.99444580078125,9.99444580078125,19700,0.0,0
1992-01-10,9.99444580078125,10.435377233168659,9.553514368393841,9.99444580078125,17200,0.0,0
1992-01-13,10.141426086425781,10.141426086425781,9.553517327792402,10.141426086425781,62900,0.0,0
1992-01-14,9.847471707109092,10.141426086425781,9.847471707109092,10.141426086425781,10600,0.0,0
1992-01-15,9.847468656652115,10.141422944910387,9.847468656652115,9.99444580078125,11800,0.0,0
1992-01-16,9.994444548194089,9.994444548194089,9.847467422485352,9.847467422485352,4100,0.0,0
1992-01-17,9.847467422485352,9.847467422485352,9.847467422485352,9.847467422485352,3200,0.0,0
1992-01-20,9.847471707109092,10.141426086425781,9.847471707109092,10.141426086425781,3500,0.0,0
1992-01-21,9.847470106397356,10.28840160369873,9.847470106397356,10.28840160369873,2700,0.0,0
1992-01-22,9.847470106397356,10.28840160369873,9.847470106397356,10.28840160369873,3500,0.0,0
1992-01-23,9.847471707109092,10.141426086425781,9.700494517450748,10.141426086425781,20800,0.0,0
1992-01-24,10.141420364379883,10.141420364379883,9.700489044189453,9.700489044189453,2600,0.0,0
1992-01-27,10.141422944910387,10.141422944910387,9.700491512522978,9.99444580078125,1900,0.0,0
1992-01-28,10.141420364379883,10.141420364379883,9.700489044189453,9.700489044189453,1800,0.0,0
1992-01-29,9.700495782559805,10.067938804626465,9.700495782559805,10.067938804626465,7900,0.0,0
1992-01-30,9.700494517450748,10.141426086425781,9.700494517450748,10.141426086425781,6000,0.0,0
1992-01-31,9.700495782559805,10.141427409039796,9.700495782559805,10.067938804626465,14700,0.0,0
1992-02-03,10.141421673902824,10.288398799611562,9.847467422485352,9.847467422485352,16200,0.0,0
1992-02-04,9.847471707109092,10.141426086425781,9.847471707109092,10.141426086425781,1500,0.0,0
1992-02-05,9.847471707109092,10.141426086425781,9.847471707109092,10.141426086425781,5500,0.0,0
1992-02-06,9.847470634861997,9.847470634861997,9.773982048034668,9.773982048034668,3700,0.0,0
1992-02-07,9.700494517450748,10.141426086425781,9.700494517450748,10.141426086425781,1000,0.0,0
1992-02-10,10.141426086425781,10.141426086425781,9.700494517450748,10.141426086425781,9500,0.0,0
1992-02-11,10.141420364379883,10.288397471110025,9.700489044189453,9.700489044189453,16000,0.0,0
1992-02-12,10.141426086425781,10.288403276084127,9.994448896767437,10.141426086425781,46300,0.0,0
1992-02-13,9.847467422485352,10.288398799611562,9.847467422485352,9.847467422485352,24900,0.0,0
1992-02-14,9.847468656652115,9.99444580078125,9.700491512522978,9.99444580078125,24500,0.0,0
1992-02-18,10.141420364379883,10.141420364379883,9.700489044189453,9.700489044189453,400,0.0,0
1992-02-19,9.700489044189453,9.700489044189453,9.700489044189453,9.700489044189453,3800,0.0,0
1992-02-20,9.700493563138522,10.141425088735728,9.553516387939453,9.553516387939453,9700,0.0,0
1992-02-21,9.994447808516654,9.994447808516654,9.553516287552684,9.773982048034668,10900,0.0,0
1992-02-24,9.553512260317802,9.994443595409393,9.406535148620605,9.406535148620605,14700,0.0,0
1992-02-25,9.99444604689075,9.99444604689075,9.11258316040039,9.11258316040039,24900,0.0,0
1992-02-26,9.553516387939453,9.700493563138522,9.406539212740386,9.553516387939453,8100,0.0,0
1992-02-27,9.259557723999023,9.700489044189453,9.259557723999023,9.700489044189453,66100,0.0,0
1992-02-28,9.700491512522978,9.99444580078125,9.406537224264707,9.99444580078125,75300,0.0,0
1992-03-02,9.99444580078125,10.141422944910387,9.920957228716683,9.99444580078125,34100,0.0,0
1992-03-03,9.847467097529659,10.288398460105613,9.847467097529659,9.920955657958984,37600,0.0,0
1992-03-04,10.141420364379883,10.141420364379883,9.259557723999023,9.700489044189453,25000,0.0,0
1992-03-05,9.259557723999023,9.700489044189453,9.259557723999023,9.700489044189453,4200,0.0,0
1992-03-06,9.259557723999023,9.700489044189453,9.259557723999023,9.700489044189453,22700,0.0,0
1992-03-09,9.259561698855336,9.627004623413086,9.259561698855336,9.627004623413086,11000,0.0,0
1992-03-10,9.259557723999023,9.700489044189453,9.259557723999023,9.700489044189453,25100,0.0,0
1992-03-11,9.259559631347656,9.700491042364211,9.259559631347656,9.259559631347656,5800,0.0,0
1992-03-12,9.259559631347656,9.406536768353174,9.112582494342137,9.259559631347656,28100,0.0,0
1992-03-13,9.112584031472995,9.553515516866849,9.112584031472995,9.333049774169922,29000,0.0,0
1992-03-16,9.11258316040039,9.55351460364557,9.11258316040039,9.11258316040039,5500,0.0,0
1992-03-17,9.112582824707031,9.553514251708984,9.112582824707031,9.186071395874023,25200,0.0,0
1992-03-18,9.112580925226212,9.406535148620605,9.112580925226212,9.406535148620605,50100,0.0,0
1992-03-19,9.406537455897178,9.406537455897178,9.11258316040039,9.11258316040039,3600,0.0,0
1992-03-20,9.406535148620605,9.406535148620605,9.112580925226212,9.406535148620605,23500,0.0,0
1992-03-23,9.406536768353174,9.406536768353174,9.112582494342137,9.259559631347656,28500,0.0,0
1992-03-24,9.259559631347656,9.259559631347656,9.112582494342137,9.259559631347656,800,0.0,0
1992-03-25,9.11258316040039,9.11258316040039,9.11258316040039,9.11258316040039,1700,0.0,0
1992-03-26,9.259560308148785,9.259560308148785,9.11258316040039,9.11258316040039,10700,0.0,0
1992-03-27,9.11258316040039,9.259560308148785,9.11258316040039,9.11258316040039,15900,0.0,0
1992-03-30,9.11258316040039,9.259560308148785,9.11258316040039,9.11258316040039,18400,0.0,0
1992-03-31,9.11258316040039,9.406537455897178,9.11258316040039,9.11258316040039,5700,0.0,0
1992-04-01,9.112581976528825,9.112581976528825,8.524673461914062,8.524673461914062,35900,0.0,0
1992-04-02,8.524676565396584,8.818630929720603,8.524676565396584,8.671653747558594,13900,0.0,0
1992-04-03,8.524673461914062,8.818627719221444,8.524673461914062,8.524673461914062,14500,0.0,0
1992-04-06,8.818627407676294,8.818627407676294,8.37769603729248,8.37769603729248,3600,0.0,0
1992-04-07,8.37769949539848,8.818631047787873,8.37769949539848,8.451188087463379,103300,0.0,0
1992-04-08,8.377695432076088,8.524672544919527,7.2018785293285665,7.642809867858887,107600,0.0,0
1992-04-09,7.642809867858887,7.642809867858887,7.495832755015447,7.642809867858887,16400,0.0,0
1992-04-10,7.9367668403769445,7.9367668403769445,7.78978967666626,7.78978967666626,17000,0.0,0
1992-04-13,7.642811008528167,7.789788143307555,7.495833873748779,7.495833873748779,4300,0.0,0
1992-04-14,7.49583309173584,7.64281021118164,7.348855972290039,7.348855972290039,36500,0.0,0
1992-04-15,7.495833873748779,7.495833873748779,7.348856738969391,7.495833873748779,17900,0.0,0
1992-04-16,7.495833545055205,7.64281067338962,7.348856416720789,7.569322109222412,18900,0.0,0
1992-04-20,7.348855972290039,7.49583309173584,7.348855972290039,7.348855972290039,33800,0.0,0
1992-04-21,7.348860800266266,7.495838016271591,7.054906368255615,7.054906368255615,17500,0.0,0
1992-04-22,7.348855660886181,7.495832774103904,7.054901434450733,7.201878547668457,7800,0.0,0
1992-04-23,7.054902224196601,7.128390789031982,7.054902224196601,7.128390789031982,2200,0.0,0
1992-04-24,7.054906368255615,7.348860800266266,7.054906368255615,7.054906368255615,3300,0.0,0
1992-04-27,7.054901733398437,7.348855972290039,7.054901733398437,7.348855972290039,2500,0.0,0
1992-04-28,7.054906368255615,7.348860800266266,7.054906368255615,7.054906368255615,27600,0.0,0
1992-04-29,7.054901434450733,7.201878547668457,7.054901434450733,7.201878547668457,3700,0.0,0
1992-04-30,7.054902224196601,7.201879353867364,7.054902224196601,7.128390789031982,38500,0.0,0
1992-05-01,7.2018835842609406,7.2018835842609406,7.054906368255615,7.054906368255615,3700,0.0,0
1992-05-04,7.054901434450733,7.201878547668457,7.054901434450733,7.201878547668457,2500,0.0,0
1992-05-05,7.054906368255615,7.2018835842609406,7.054906368255615,7.054906368255615,2400,0.0,0
1992-05-06,7.201878547668457,7.201878547668457,7.054901434450733,7.201878547668457,60400,0.0,0
1992-05-07,7.128389991059595,7.348855660886181,7.128389991059595,7.201878547668457,9700,0.0,0
1992-05-08,7.348856219538936,7.936764717102051,7.348856219538936,7.936764717102051,23800,0.0,0
1992-05-11,8.083741511773626,8.083741511773626,7.642810156585973,8.010252952575684,17300,0.0,0
1992-05-12,8.010254791804723,8.230720520019531,7.642811911446708,8.230720520019531,24600,0.0,0
1992-05-13,8.23072471274986,8.23072471274986,7.936770258723079,8.157236099243164,9000,0.0,0
1992-05-14,8.083743367876325,8.230720520019531,8.083743367876325,8.230720520019531,13600,0.0,0
1992-05-15,8.52467252557928,8.52467252557928,8.083741188049316,8.083741188049316,1000,0.0,0
1992-05-18,8.083741188049316,8.083741188049316,8.083741188049316,8.083741188049316,200,0.0,0
1992-05-19,8.083741188049316,8.377695413069292,7.93676407553933,8.083741188049316,36000,0.0,0
1992-05-20,7.936764717102051,7.936764717102051,7.936764717102051,7.936764717102051,200,0.0,0
1992-05-21,7.936764666908665,8.37769603729248,7.936764666908665,8.37769603729248,200,0.0,0
1992-05-22,8.37769603729248,8.37769603729248,8.37769603729248,8.37769603729248,600,0.0,0
1992-05-26,7.936764717102051,7.936764717102051,7.936764717102051,7.936764717102051,500,0.0,0
1992-05-27,8.37769603729248,8.37769603729248,7.86327610517803,8.37769603729248,31300,0.0,0
1992-05-28,7.936764666908665,8.37769603729248,7.936764666908665,8.37769603729248,400,0.0,0
1992-05-29,8.010252649967487,8.010252649967487,6.687458634376526,7.642809867858887,93000,0.0,0
1992-06-01,7.642809850519354,8.083741188049316,7.642809850519354,8.083741188049316,3800,0.0,0
1992-06-02,7.789786980702327,7.789786980702327,7.642809867858887,7.642809867858887,7100,0.0,0
1992-06-03,7.716298406774348,8.083741188049316,7.716298406774348,8.083741188049316,400,0.0,0
1992-06-04,7.642809867858887,7.642809867858887,7.642809867858887,7.642809867858887,1100,0.0,0
1992-06-05,7.642809850519354,8.083741188049316,7.642809850519354,8.083741188049316,8000,0.0,0
1992-06-08,8.083741188049316,8.083741188049316,8.083741188049316,8.083741188049316,0,0.0,0
1992-06-09,7.642812512955576,7.78978967666626,7.348858185534207,7.78978967666626,30100,0.0,0
1992-06-10,7.348855642172007,7.642809867858887,7.348855642172007,7.642809867858887,16800,0.0,0
1992-06-11,7.348855972290039,7.789787330627441,7.348855972290039,7.348855972290039,5200,0.0,0
1992-06-12,7.348855972290039,7.49583309173584,7.348855972290039,7.348855972290039,5600,0.0,0
1992-06-15,7.348860535666208,7.936769378519504,7.348860535666208,7.863280773162842,19100,0.0,0
1992-06-16,7.936769378519504,8.083746589232828,7.863280773162842,7.863280773162842,12400,0.0,0
1992-06-17,7.789786963029342,8.083741188049316,7.642809850519354,8.083741188049316,18300,0.0,0
1992-06-18,7.642809850519354,8.083741188049316,7.642809850519354,8.083741188049316,18300,0.0,0
1992-06-19,7.642809850519354,8.083741188049316,7.642809850519354,8.083741188049316,3700,0.0,0
1992-06-22,8.083741188049316,8.083741188049316,8.083741188049316,8.083741188049316,300,0.0,0
1992-06-23,8.083741188049316,8.083741188049316,8.083741188049316,8.083741188049316,200,0.0,0
1992-06-24,7.642809867858887,7.642809867858887,7.642809867858887,7.642809867858887,5700,0.0,0
1992-06-25,7.642812512955576,8.08374400408763,7.642812512955576,7.78978967666626,20000,0.0,0
1992-06-26,7.642809850519354,8.083741188049316,7.642809850519354,8.083741188049316,3200,0.0,0
1992-06-29,7.642809867858887,7.642809867858887,7.642809867858887,7.642809867858887,7800,0.0,0
1992-06-30,7.642812512955576,7.78978967666626,7.642812512955576,7.78978967666626,15300,0.0,0
1992-07-01,7.642809867858887,8.083741206389208,7.642809867858887,7.642809867858887,28700,0.0,0
1992-07-02,8.08374400408763,8.08374400408763,7.78978967666626,7.78978967666626,1000,0.0,0
1992-07-06,7.789786980702327,7.789786980702327,7.642809867858887,7.642809867858887,5600,0.0,0
1992-07-07,7.642810468320493,8.083741841492829,7.642810468320493,7.936764717102051,7300,0.0,0
1992-07-08,7.642809867858887,7.642809867858887,7.642809867858887,7.642809867858887,9900,0.0,0
1992-07-09,7.642810468320493,7.936764717102051,7.495833343929714,7.936764717102051,5100,0.0,0
1992-07-10,7.495833873748779,7.495833873748779,7.495833873748779,7.495833873748779,5100,0.0,0
1992-07-13,7.495833873748779,7.495833873748779,7.495833873748779,7.495833873748779,500,0.0,0
1992-07-14,7.495831980024065,7.716297626495361,7.495831980024065,7.716297626495361,5500,0.0,0
1992-07-15,7.495833873748779,7.495833873748779,7.495833873748779,7.495833873748779,2600,0.0,0
1992-07-16,7.789786175319127,7.789786175319127,7.495831980024065,7.716297626495361,2800,0.0,0
1992-07-17,7.495835349244891,7.78978967666626,7.495835349244891,7.78978967666626,8700,0.0,0
1992-07-20,7.495832774103904,7.6428098873216275,7.201878547668457,7.201878547668457,5800,0.0,0
1992-07-21,7.78978967666626,7.78978967666626,7.348858185534207,7.78978967666626,2800,0.0,0
1992-07-22,7.716297626495361,7.716297626495361,7.716297626495361,7.716297626495361,2000,0.0,0
1992-07-23,7.348854882376535,7.716297626495361,7.348854882376535,7.716297626495361,48800,0.0,0
1992-07-24,7.495831980024065,7.789786175319127,7.495831980024065,7.716297626495361,56500,0.0,0
1992-07-27,7.642811008528167,7.642811008528167,7.495833873748779,7.495833873748779,6000,0.0,0
1992-07-28,7.495833873748779,7.495833873748779,7.495833873748779,7.495833873748779,5400,0.0,0
1992-07-29,7.789788143307555,7.789788143307555,7.495833873748779,7.495833873748779,78000,0.0,0
1992-07-30,7.495832755015447,7.789786980702327,7.495832755015447,7.642809867858887,80700,0.0,0
1992-07-31,7.78978967666626,7.78978967666626,7.569323931100234,7.78978967666626,60900,0.0,0
1992-08-03,7.78978967666626,8.08374400408763,7.642812512955576,7.78978967666626,11900,0.0,0
1992-08-04,7.936764093545767,8.083741206389208,7.642809867858887,7.642809867858887,21200,0.0,0
1992-08-05,8.083741841492829,8.083741841492829,7.642810468320493,7.936764717102051,7900,0.0,0
1992-08-06,7.936765278086942,7.936765278086942,7.495833873748779,7.495833873748779,19400,0.0,0
1992-08-07,7.49583309173584,7.64281021118164,7.348855972290039,7.348855972290039,31800,0.0,0
1992-08-10,7.348855642172007,7.642809867858887,7.348855642172007,7.642809867858887,6700,0.0,0
1992-08-11,7.348855642172007,7.642809867858887,7.348855642172007,7.642809867858887,600,0.0,0
1992-08-12,7.348856738969391,7.642811008528167,7.348856738969391,7.495833873748779,3600,0.0,0
1992-08-13,7.348855972290039,7.49583309173584,7.348855972290039,7.348855972290039,3900,0.0,0
1992-08-14,7.348855642172007,7.642809867858887,7.348855642172007,7.642809867858887,2500,0.0,0
1992-08-17,7.348855972290039,7.348855972290039,7.348855972290039,7.348855972290039,2000,0.0,0
1992-08-18,7.348855642172007,7.642809867858887,7.348855642172007,7.642809867858887,1900,0.0,0
1992-08-19,7.348855972290039,7.49583309173584,7.348855972290039,7.348855972290039,14900,0.0,0
1992-08-20,7.348856595483157,7.569322293347652,7.201879463573493,7.422345161437988,19800,0.0,0
1992-08-21,7.642810859302483,7.642810859302483,7.201879463573493,7.422345161437988,11200,0.0,0
1992-08-24,7.2018785293285665,7.642809867858887,7.2018785293285665,7.642809867858887,200,0.0,0
1992-08-25,7.495832774103904,7.495832774103904,7.201878547668457,7.201878547668457,4000,0.0,0
1992-08-26,7.2018785293285665,7.642809867858887,7.2018785293285665,7.642809867858887,1200,0.0,0
1992-08-27,7.201878547668457,7.201878547668457,7.201878547668457,7.201878547668457,6700,0.0,0
1992-08-28,7.201878852844238,7.348855972290039,7.054901733398437,7.348855972290039,8700,0.0,0
1992-08-31,7.054902224196601,7.348856483538126,7.054902224196601,7.128390789031982,12100,0.0,0
1992-09-01,7.054901733398437,7.348855972290039,7.054901733398437,7.348855972290039,13300,0.0,0
1992-09-02,7.054901733398437,7.348855972290039,7.054901733398437,7.348855972290039,13800,0.0,0
1992-09-03,7.054901733398437,7.348855972290039,7.054901733398437,7.348855972290039,1500,0.0,0
1992-09-04,7.054901733398437,7.348855972290039,7.054901733398437,7.348855972290039,2200,0.0,0
1992-09-08,7.054901733398437,7.348855972290039,7.054901733398437,7.348855972290039,1100,0.0,0
1992-09-09,7.054901733398437,7.348855972290039,7.054901733398437,7.348855972290039,3000,0.0,0
1992-09-10,7.348855972290039,7.348855972290039,7.348855972290039,7.348855972290039,500,0.0,0
1992-09-11,7.348855972290039,7.348855972290039,7.054901733398437,7.348855972290039,2500,0.0,0
1992-09-14,7.348858226429332,7.348858226429332,7.054903897372159,7.275369644165039,102700,0.0,0
1992-09-15,7.128390293121337,7.348855972290039,7.054901733398437,7.348855972290039,4700,0.0,0
1992-09-16,7.201878547668457,7.201878547668457,7.054901434450733,7.201878547668457,2600,0.0,0
1992-09-17,6.9079267771347705,6.9079267771347705,6.466995280721913,6.760949611663818,53100,0.0,0
1992-09-18,6.466992229885525,6.907923518286811,6.173038037618001,6.613969326019287,438900,0.0,0
1992-09-21,6.5404828570105815,6.613971428437667,6.173039999875155,6.466994285583496,38300,0.0,0
1992-09-22,6.393505714156412,6.466994285583496,6.320017142729326,6.466994285583496,45300,0.0,0
1992-09-23,6.466994285583496,6.466994285583496,6.173039999875155,6.466994285583496,75300,0.0,0
1992-09-24,6.466994285583496,6.466994285583496,6.320017142729326,6.466994285583496,55800,0.0,0
1992-09-25,6.6139709032498875,6.760948034433219,6.466993772066557,6.687459468841553,60300,0.0,0
1992-09-28,6.760946422153049,6.760946422153049,6.466992229885525,6.613969326019287,58400,0.0,0
1992-09-29,6.466992229885525,6.613969326019287,6.466992229885525,6.613969326019287,13300,0.0,0
1992-09-30,6.466992229885525,6.613969326019287,6.466992229885525,6.613969326019287,15600,0.0,0
1992-10-01,6.613972053099215,6.613972053099215,6.320017739628138,6.540483474731445,53400,0.0,0
1992-10-02,6.320017739628138,6.540483474731445,6.320017739628138,6.540483474731445,5200,0.0,0
1992-10-05,6.320017142729326,6.466994285583496,6.320017142729326,6.466994285583496,15100,0.0,0
1992-10-06,6.320017142729326,6.466994285583496,6.320017142729326,6.466994285583496,14800,0.0,0
1992-10-07,6.320017142729326,6.466994285583496,6.320017142729326,6.466994285583496,3500,0.0,0
1992-10-08,6.320017142729326,6.466994285583496,6.320017142729326,6.466994285583496,3800,0.0,0
1992-10-09,6.393505714156412,6.466994285583496,6.320017142729326,6.466994285583496,15400,0.0,0
1992-10-12,6.466994285583496,6.466994285583496,6.466994285583496,6.466994285583496,100,0.0,0
1992-10-13,6.466993291327294,6.907924652099609,6.393504731198575,6.907924652099609,120100,0.0,0
1992-10-14,6.9079267771347705,6.9079267771347705,6.687461028928341,6.760949611663818,6600,0.0,0
1992-10-15,6.760949611663818,6.760949611663818,6.613972446192865,6.760949611663818,9100,0.0,0
1992-10-16,6.466992229885525,6.613969326019287,6.466992229885525,6.613969326019287,23800,0.0,0
1992-10-19,6.613969326019287,6.613969326019287,6.466992229885525,6.613969326019287,14700,0.0,0
1992-10-20,6.613972446192865,6.760949611663818,6.466995280721913,6.760949611663818,23700,0.0,0
1992-10-21,6.466995280721913,6.760949611663818,6.466995280721913,6.760949611663818,800,0.0,0
1992-10-22,6.466995280721913,6.760949611663818,6.466995280721913,6.760949611663818,5800,0.0,0
1992-10-23,6.834436091970891,6.907924652099609,6.613970411584733,6.907924652099609,66600,0.0,0
1992-10-26,6.834436091970891,7.054901772357048,6.760947531842171,6.907924652099609,74500,0.0,0
1992-10-27,7.054901434450733,7.201878547668457,7.054901434450733,7.201878547668457,67700,0.0,0
1992-10-28,7.201879463573493,7.49583372739282,7.054902331663831,7.422345161437988,102200,0.0,0
1992-10-29,7.348856738969391,7.495833873748779,7.348856738969391,7.495833873748779,18300,0.0,0
1992-10-30,7.495832755015447,7.642809867858887,7.348855642172007,7.642809867858887,27900,0.0,0
1992-11-02,7.64281067338962,7.64281067338962,7.495833545055205,7.569322109222412,16200,0.0,0
1992-11-03,7.642812512955576,7.78978967666626,7.495835349244891,7.78978967666626,125600,0.0,0
1992-11-04,7.642809867858887,7.789786980702327,7.569321311437167,7.642809867858887,58400,0.0,0
1992-11-05,7.789787592711272,7.936764717102051,7.642810468320493,7.936764717102051,95500,0.0,0
1992-11-06,7.936764717102051,7.936764717102051,7.789787592711272,7.936764717102051,112300,0.0,0
1992-11-09,7.936764717102051,7.936764717102051,7.789787592711272,7.936764717102051,24100,0.0,0
1992-11-10,7.936769378519504,8.010257983876166,7.78979216780618,7.863280773162842,25500,0.0,0
1992-11-11,7.936769378519504,7.936769378519504,7.78979216780618,7.863280773162842,24700,0.0,0
1992-11-12,8.083741511773626,8.083741511773626,7.789787274981858,8.010252952575684,14400,0.0,0
1992-11-13,8.083741841492829,8.083741841492829,7.936764717102051,7.936764717102051,4900,0.0,0
1992-11-16,7.936764717102051,8.083741841492829,7.936764717102051,7.936764717102051,3600,0.0,0
1992-11-17,7.93676407553933,8.083741188049316,7.93676407553933,8.083741188049316,14800,0.0,0
1992-11-18,8.083741841492829,8.083741841492829,7.789787592711272,7.936764717102051,45700,0.0,0
1992-11-19,7.78978967666626,8.08374400408763,7.78978967666626,7.78978967666626,9500,0.0,0
1992-11-20,7.78979216780618,7.936769378519504,7.78979216780618,7.863280773162842,33100,0.0,0
1992-11-23,7.78978967666626,7.9367668403769445,7.78978967666626,7.78978967666626,29600,0.0,0
1992-11-24,7.9367668403769445,7.9367668403769445,7.78978967666626,7.78978967666626,29800,0.0,0
1992-11-25,7.936764717102051,8.083741841492829,7.789787592711272,7.936764717102051,17000,0.0,0
1992-11-27,7.9367668403769445,7.9367668403769445,7.78978967666626,7.78978967666626,8800,0.0,0
1992-11-30,7.936764717102051,7.936764717102051,7.936764717102051,7.936764717102051,5700,0.0,0
1992-12-01,7.789786963029342,8.083741188049316,7.789786963029342,8.083741188049316,147800,0.0,0
1992-12-02,8.083746589232828,8.083746589232828,7.863280773162842,7.863280773162842,8000,0.0,0
1992-12-03,7.936764717102051,7.936764717102051,7.863276154906661,7.936764717102051,3600,0.0,0
1992-12-04,7.936769378519504,7.936769378519504,7.78979216780618,7.863280773162842,6400,0.0,0
1992-12-07,7.936764717102051,7.936764717102051,7.789787592711272,7.936764717102051,7000,0.0,0
1992-12-08,8.08374400408763,8.08374400408763,7.78978967666626,7.78978967666626,7600,0.0,0
1992-12-09,7.789787274981858,8.083741511773626,7.789787274981858,8.010252952575684,89700,0.0,0
1992-12-10,7.93676407553933,8.230718300559305,7.93676407553933,8.083741188049316,76600,0.0,0
1992-12-11,8.230718913831208,8.37769603729248,8.083741790369936,8.37769603729248,42600,0.0,0
1992-12-14,8.23071920460668,8.524673461914062,8.08374207595299,8.524673461914062,36500,0.0,0
1992-12-15,8.08374207595299,8.524673461914062,8.08374207595299,8.524673461914062,5100,0.0,0
1992-12-16,8.52467916677664,8.52467916677664,8.083747485736469,8.157236099243164,18500,0.0,0
1992-12-17,8.083743367876325,8.377697672162737,8.083743367876325,8.230720520019531,9800,0.0,0
1992-12-18,8.23072471274986,8.377701939763249,8.083747485736469,8.157236099243164,11000,0.0,0
1992-12-21,8.083741790369936,8.37769603729248,8.083741790369936,8.37769603729248,3700,0.0,0
1992-12-22,8.37769603729248,8.37769603729248,8.083741790369936,8.37769603729248,35100,0.0,0
1992-12-23,8.377697672162737,8.377697672162737,8.083743367876325,8.230720520019531,19700,0.0,0
1992-12-24,8.37769603729248,8.37769603729248,8.37769603729248,8.37769603729248,1100,0.0,0
1992-12-28,8.37769603729248,8.524673160753752,8.230718913831208,8.37769603729248,75500,0.0,0
1992-12-29,8.524674824305944,8.524674824305944,8.230720520019531,8.230720520019531,25700,0.0,0
1992-12-30,8.524673461914062,8.524673461914062,8.37769633326037,8.524673461914062,6100,0.0,0
1992-12-31,8.524673461914062,8.524673461914062,8.23071920460668,8.524673461914062,11400,0.0,0
1993-01-04,8.377697672162737,8.524674824305944,8.230720520019531,8.230720520019531,6000,0.0,0
1993-01-05,8.23071920460668,8.524673461914062,8.23071920460668,8.524673461914062,2000,0.0,0
1993-01-06,8.230720520019531,8.524674824305944,8.230720520019531,8.230720520019531,15600,0.0,0
1993-01-07,8.230720520019531,8.377697672162737,8.230720520019531,8.230720520019531,23900,0.0,0
1993-01-08,8.524673461914062,8.524673461914062,8.23071920460668,8.524673461914062,13500,0.0,0
1993-01-11,8.230718913831208,8.37769603729248,8.230718913831208,8.37769603729248,200,0.0,0
1993-01-12,8.23072471274986,8.377701939763249,8.083747485736469,8.157236099243164,32000,0.0,0
1993-01-13,8.230718300559305,8.377695413069292,8.083741188049316,8.083741188049316,27600,0.0,0
1993-01-14,8.083741188049316,8.083741188049316,8.083741188049316,8.083741188049316,6000,0.0,0
1993-01-15,8.083741841492829,8.377696090274387,7.936764717102051,7.936764717102051,50000,0.0,0
1993-01-18,7.936764717102051,7.936764717102051,7.936764717102051,7.936764717102051,0,0.0,0
1993-01-19,7.936764717102051,8.377696090274387,7.936764717102051,7.936764717102051,6900,0.0,0
1993-01-20,8.377697672162737,8.377697672162737,7.93676621573312,8.230720520019531,7100,0.0,0
1993-01-21,8.377697672162737,8.377697672162737,7.93676621573312,8.230720520019531,6700,0.0,0
1993-01-22,8.377696090274387,8.377696090274387,7.936764717102051,7.936764717102051,4800,0.0,0
1993-01-25,8.230720520019531,8.230720520019531,8.230720520019531,8.230720520019531,1100,0.0,0
1993-01-26,8.230718965883607,8.230718965883607,7.936764717102051,7.936764717102051,16700,0.0,0
1993-01-27,8.230720520019531,8.230720520019531,7.93676621573312,8.230720520019531,3700,0.0,0
1993-01-28,8.230718300559305,8.230718300559305,7.93676407553933,8.083741188049316,20900,0.0,0
1993-01-29,7.936764717102051,7.936764717102051,7.936764717102051,7.936764717102051,3700,0.0,0
1993-02-01,7.93676407553933,8.083741188049316,7.93676407553933,8.083741188049316,6000,0.0,0
1993-02-02,7.936764717102051,7.936764717102051,7.936764717102051,7.936764717102051,8200,0.0,0
1993-02-03,7.936764717102051,7.936764717102051,7.936764717102051,7.936764717102051,0,0.0,0
1993-02-04,7.936764717102051,8.010253279297439,7.936764717102051,7.936764717102051,66200,0.0,0
1993-02-05,8.230718965883607,8.230718965883607,7.936764717102051,7.936764717102051,38100,0.0,0
1993-02-08,8.083743367876325,8.230720520019531,7.93676621573312,8.230720520019531,5900,0.0,0
1993-02-09,7.93676621573312,8.230720520019531,7.93676621573312,8.230720520019531,24800,0.0,0
1993-02-10,8.230718965883607,8.230718965883607,7.936764717102051,7.936764717102051,6400,0.0,0
1993-02-11,8.230720520019531,8.377697672162737,8.083743367876325,8.230720520019531,60200,0.0,0
1993-02-12,8.37769603729248,8.37769603729248,8.083741790369936,8.37769603729248,21500,0.0,0
1993-02-16,8.37769603729248,8.37769603729248,8.083741790369936,8.37769603729248,13300,0.0,0
1993-02-17,8.377697672162737,8.377697672162737,8.083743367876325,8.230720520019531,107000,0.0,0
1993-02-18,8.230722072905143,8.37769925277845,8.230722072905143,8.304210662841797,196400,0.0,0
1993-02-19,8.37769603729248,8.37769603729248,8.230718913831208,8.37769603729248,524800,0.0,0
1993-02-22,8.377697672162737,8.524674824305944,8.230720520019531,8.230720520019531,23800,0.0,0
1993-02-23,8.524673461914062,8.524673461914062,8.23071920460668,8.524673461914062,29600,0.0,0
1993-02-24,8.524674824305944,8.524674824305944,8.230720520019531,8.230720520019531,17900,0.0,0
1993-02-25,8.230718913831208,8.524673160753752,8.230718913831208,8.37769603729248,7100,0.0,0
1993-02-26,8.524674824305944,8.524674824305944,8.230720520019531,8.230720520019531,10700,0.0,0
1993-03-01,8.304207768933527,8.524673461914062,8.23071920460668,8.524673461914062,45500,0.0,0
1993-03-02,8.524674824305944,8.524674824305944,8.083743367876325,8.230720520019531,26800,0.0,0
1993-03-03,8.230718300559305,8.230718300559305,8.083741188049316,8.083741188049316,23400,0.0,0
1993-03-04,8.083741188049316,8.230718300559305,8.083741188049316,8.083741188049316,8300,0.0,0
1993-03-05,8.37769603729248,8.37769603729248,8.083741790369936,8.37769603729248,3500,0.0,0
1993-03-08,8.524674824305944,8.524674824305944,8.230720520019531,8.230720520019531,81300,0.0,0
1993-03-09,8.230720520019531,8.524674824305944,8.230720520019531,8.230720520019531,23100,0.0,0
1993-03-10,8.230720520019531,8.524674824305944,8.230720520019531,8.230720520019531,41800,0.0,0
1993-03-11,8.377697672162737,8.524674824305944,8.230720520019531,8.230720520019531,11300,0.0,0
1993-03-12,8.08374207595299,8.524673461914062,8.08374207595299,8.524673461914062,9600,0.0,0
1993-03-15,8.524673461914062,8.524673461914062,8.08374207595299,8.524673461914062,46200,0.0,0
1993-03-16,8.083741188049316,8.52467252557928,8.083741188049316,8.083741188049316,16600,0.0,0
1993-03-17,8.083743367876325,8.377697672162737,8.083743367876325,8.230720520019531,1200,0.0,0
1993-03-18,8.377697672162737,8.377697672162737,8.083743367876325,8.230720520019531,4600,0.0,0
1993-03-19,8.377697672162737,8.377697672162737,8.230720520019531,8.230720520019531,14000,0.0,0
1993-03-22,8.083741188049316,8.230718300559305,8.083741188049316,8.083741188049316,5600,0.0,0
1993-03-23,8.083741841492829,8.083741841492829,7.936764717102051,7.936764717102051,22000,0.0,0
1993-03-24,7.93676407553933,8.083741188049316,7.789786963029342,8.083741188049316,11700,0.0,0
1993-03-25,7.789786963029342,8.083741188049316,7.789786963029342,8.083741188049316,49800,0.0,0
1993-03-26,7.78978967666626,8.08374400408763,7.78978967666626,7.78978967666626,10800,0.0,0
1993-03-29,7.78978967666626,7.9367668403769445,7.78978967666626,7.78978967666626,111300,0.0,0
1993-03-30,7.789787592711272,8.010253279297439,7.789787592711272,7.936764717102051,20200,0.0,0
1993-03-31,8.08374400408763,8.08374400408763,7.78978967666626,7.78978967666626,14100,0.0,0
1993-04-01,8.08374400408763,8.08374400408763,7.78978967666626,7.78978967666626,11600,0.0,0
1993-04-02,8.083741841492829,8.083741841492829,7.789787592711272,7.936764717102051,39400,0.0,0
1993-04-05,8.083741841492829,8.083741841492829,7.936764717102051,7.936764717102051,39400,0.0,0
1993-04-06,8.010253279297439,8.083741841492829,7.936764717102051,7.936764717102051,6800,0.0,0
1993-04-07,8.010253279297439,8.010253279297439,7.936764717102051,7.936764717102051,8000,0.0,0
1993-04-08,7.936764717102051,8.010253279297439,7.936764717102051,7.936764717102051,113400,0.0,0
1993-04-12,8.083741841492829,8.083741841492829,7.936764717102051,7.936764717102051,38200,0.0,0
1993-04-13,7.8632758341798,8.010252952575684,7.789787274981858,8.010252952575684,7000,0.0,0
1993-04-14,7.9367668403769445,7.9367668403769445,7.78978967666626,7.78978967666626,16600,0.0,0
1993-04-15,7.78978967666626,7.863278258521602,7.78978967666626,7.78978967666626,6000,0.0,0
1993-04-16,7.789787592711272,7.936764717102051,7.789787592711272,7.936764717102051,18200,0.0,0
1993-04-19,7.936764717102051,7.936764717102051,7.789787592711272,7.936764717102051,27000,0.0,0
1993-04-20,7.78978967666626,7.78978967666626,7.78978967666626,7.78978967666626,3200,0.0,0
1993-04-21,7.78978967666626,7.863278258521602,7.78978967666626,7.78978967666626,12700,0.0,0
1993-04-22,7.9367668403769445,7.9367668403769445,7.78978967666626,7.78978967666626,5800,0.0,0
1993-04-23,7.9367668403769445,7.9367668403769445,7.78978967666626,7.78978967666626,4400,0.0,0
1993-04-26,7.9367668403769445,7.9367668403769445,7.78978967666626,7.78978967666626,2900,0.0,0
1993-04-27,7.78978967666626,7.9367668403769445,7.78978967666626,7.78978967666626,21100,0.0,0
1993-04-28,7.936763272966657,7.936763272966657,7.642809077671596,7.716297626495361,25600,0.0,0
1993-04-29,7.64281021118164,7.64281021118164,7.348855972290039,7.348855972290039,31900,0.0,0
1993-04-30,7.348855660886181,7.495832774103904,7.201878547668457,7.201878547668457,9200,0.0,0
1993-05-03,7.201878547668457,7.495832774103904,7.201878547668457,7.201878547668457,7700,0.0,0
1993-05-04,7.201878547668457,7.495832774103904,7.201878547668457,7.201878547668457,8200,0.0,0
1993-05-05,7.201881061900746,7.495835390957919,7.201881061900746,7.275369644165039,9100,0.0,0
1993-05-06,7.201878547668457,7.201878547668457,7.201878547668457,7.201878547668457,1600,0.0,0
1993-05-07,7.201878852844238,7.348855972290039,7.201878852844238,7.348855972290039,5300,0.0,0
1993-05-10,7.49583309173584,7.49583309173584,7.201878852844238,7.348855972290039,5800,0.0,0
1993-05-11,7.495835390957919,7.495835390957919,7.275369644165039,7.275369644165039,1400,0.0,0
1993-05-12,7.201878547668457,7.348855660886181,7.201878547668457,7.201878547668457,9100,0.0,0
1993-05-13,7.495835390957919,7.495835390957919,7.201881061900746,7.275369644165039,20600,0.0,0
1993-05-14,7.495833873748779,7.495833873748779,7.495833873748779,7.495833873748779,1000,0.0,0
1993-05-17,7.495833873748779,7.495833873748779,7.201879604190004,7.495833873748779,12100,0.0,0
1993-05-18,7.348855972290039,7.49583309173584,7.201878852844238,7.348855972290039,15800,0.0,0
1993-05-19,7.495832774103904,7.495832774103904,7.201878547668457,7.201878547668457,11900,0.0,0
1993-05-20,7.495832774103904,7.495832774103904,7.201878547668457,7.201878547668457,12400,0.0,0
1993-05-21,7.201878547668457,7.495832774103904,7.201878547668457,7.201878547668457,10700,0.0,0
1993-05-24,7.201878852844238,7.348855972290039,7.201878852844238,7.348855972290039,8300,0.0,0
1993-05-25,7.201878547668457,7.201878547668457,7.054901434450733,7.201878547668457,14500,0.0,0
1993-05-26,7.201879353867364,7.201879353867364,7.128390789031982,7.128390789031982,4600,0.0,0
1993-05-27,7.054901434450733,7.201878547668457,7.054901434450733,7.201878547668457,2400,0.0,0
1993-05-28,7.054902224196601,7.201879353867364,7.054902224196601,7.128390789031982,35900,0.0,0
1993-06-01,7.054901434450733,7.201878547668457,7.054901434450733,7.201878547668457,2400,0.0,0
1993-06-02,7.201879353867364,7.201879353867364,7.128390789031982,7.128390789031982,44700,0.0,0
1993-06-03,7.128390789031982,7.128390789031982,7.128390789031982,7.128390789031982,2700,0.0,0
1993-06-04,7.348860800266266,7.348860800266266,7.054906368255615,7.054906368255615,5000,0.0,0
1993-06-07,7.054901434450733,7.348855660886181,7.054901434450733,7.201878547668457,5600,0.0,0
1993-06-08,7.054902224196601,7.348856483538126,7.054902224196601,7.128390789031982,3300,0.0,0
1993-06-09,7.348856738969391,7.495833873748779,7.201879604190004,7.495833873748779,61300,0.0,0
1993-06-10,7.275368171579697,7.495833873748779,7.201879604190004,7.495833873748779,34700,0.0,0
1993-06-11,7.495833873748779,7.495833873748779,7.275368171579697,7.495833873748779,7600,0.0,0
1993-06-14,7.495833873748779,7.495833873748779,7.201879604190004,7.495833873748779,22000,0.0,0
1993-06-15,7.495833873748779,7.495833873748779,7.275368171579697,7.495833873748779,12400,0.0,0
1993-06-16,7.495833873748779,7.495833873748779,7.201879604190004,7.495833873748779,26600,0.0,0
1993-06-17,7.495835390957919,7.495835390957919,7.275369644165039,7.275369644165039,43300,0.0,0
1993-06-18,7.201881061900746,7.495835390957919,7.201881061900746,7.275369644165039,64500,0.0,0
1993-06-21,6.907925334631228,7.495833873748779,6.907925334631228,7.495833873748779,134500,0.0,0
1993-06-22,7.275367412567139,7.49583309173584,7.275367412567139,7.348855972290039,13700,0.0,0
1993-06-23,7.495835390957919,7.495835390957919,7.201881061900746,7.275369644165039,33300,0.0,0
1993-06-24,7.49583309173584,7.49583309173584,7.275367412567139,7.348855972290039,34200,0.0,0
1993-06-25,7.348856738969391,7.495833873748779,7.348856738969391,7.495833873748779,47700,0.0,0
1993-06-28,7.642809867858887,7.789786980702327,7.348855642172007,7.642809867858887,50700,0.0,0
1993-06-29,7.78978967666626,7.78978967666626,7.642812512955576,7.78978967666626,21700,0.0,0
1993-06-30,7.789786980702327,7.789786980702327,7.495832755015447,7.642809867858887,38000,0.0,0
1993-07-01,7.78978967666626,7.78978967666626,7.642812512955576,7.78978967666626,45000,0.0,0
1993-07-02,7.78978967666626,7.78978967666626,7.642812512955576,7.78978967666626,18200,0.0,0
1993-07-06,7.642812512955576,7.78978967666626,7.642812512955576,7.78978967666626,7000,0.0,0
1993-07-07,7.78978967666626,7.78978967666626,7.642812512955576,7.78978967666626,22900,0.0,0
1993-07-08,7.789787592711272,7.936764717102051,7.789787592711272,7.936764717102051,26700,0.0,0
1993-07-09,7.936764717102051,8.230718965883607,7.789787592711272,7.936764717102051,84500,0.0,0
1993-07-12,8.230720520019531,8.230720520019531,8.010254791804723,8.230720520019531,30200,0.0,0
1993-07-13,8.230717378504137,8.818625762683002,8.230717378504137,8.745137214660645,213700,0.0,0
1993-07-14,8.818630929720603,8.818630929720603,8.524676565396584,8.671653747558594,30700,0.0,0
1993-07-15,8.818627407676294,8.818627407676294,8.230718913831208,8.37769603729248,42000,0.0,0
1993-07-16,8.524673160753752,8.671650284215023,8.37769603729248,8.37769603729248,35900,0.0,0
1993-07-19,8.671653747558594,8.671653747558594,8.377699383234575,8.671653747558594,18200,0.0,0
1993-07-20,8.671650590567753,8.818627719221444,8.524673461914062,8.524673461914062,11800,0.0,0
1993-07-21,8.37769603729248,8.37769603729248,8.230718913831208,8.37769603729248,7500,0.0,0
1993-07-22,8.451186248234341,8.598163400377546,8.230720520019531,8.230720520019531,7200,0.0,0
1993-07-23,8.230720520019531,8.304209096091135,8.230720520019531,8.230720520019531,3800,0.0,0
1993-07-26,8.230718965883607,8.304207528078997,7.936764717102051,7.936764717102051,7800,0.0,0
1993-07-27,8.230720520019531,8.230720520019531,8.010254791804723,8.230720520019531,8400,0.0,0
1993-07-28,8.157236099243164,8.157236099243164,8.010258872229773,8.157236099243164,5100,0.0,0
1993-07-29,7.93676407553933,8.083741188049316,7.93676407553933,8.083741188049316,15000,0.0,0
1993-07-30,8.083741841492829,8.083741841492829,7.936764717102051,7.936764717102051,6000,0.0,0
1993-08-02,7.936769378519504,7.936769378519504,7.78979216780618,7.863280773162842,4400,0.0,0
1993-08-03,7.863276557166978,7.863276557166978,7.422345161437988,7.422345161437988,18600,0.0,0
1993-08-04,7.348855642172007,7.642809867858887,7.348855642172007,7.642809867858887,12200,0.0,0
1993-08-05,7.569322109222412,7.569322109222412,7.569322109222412,7.569322109222412,1400,0.0,0
1993-08-06,7.642809867858887,7.642809867858887,7.569321311437167,7.642809867858887,9200,0.0,0
1993-08-09,7.569322441138473,7.569322441138473,7.495833873748779,7.495833873748779,1900,0.0,0
1993-08-10,7.49583309173584,7.64281021118164,7.348855972290039,7.348855972290039,15500,0.0,0
1993-08-11,7.422346808693626,7.422346808693626,7.201881061900746,7.275369644165039,9800,0.0,0
1993-08-12,7.2753671042773185,7.2753671042773185,6.760947208015286,7.201878547668457,26100,0.0,0
1993-08-13,7.275367918702745,7.348856483538126,7.128390789031982,7.128390789031982,2700,0.0,0
1993-08-16,7.201878547668457,7.2753671042773185,7.201878547668457,7.201878547668457,3300,0.0,0
1993-08-17,7.348855660886181,7.348855660886181,7.201878547668457,7.201878547668457,4800,0.0,0
1993-08-18,7.201878547668457,7.201878547668457,6.760947208015286,7.201878547668457,17400,0.0,0
1993-08-19,7.201878547668457,7.201878547668457,6.981412877841872,7.201878547668457,4700,0.0,0
1993-08-20,7.128390789031982,7.128390789031982,6.98141365936122,7.128390789031982,4100,0.0,0
1993-08-23,7.054901434450733,7.201878547668457,7.054901434450733,7.201878547668457,4000,0.0,0
1993-08-24,7.49583309173584,7.49583309173584,7.275367412567139,7.348855972290039,34200,0.0,0
1993-08-25,7.348855660886181,7.348855660886181,7.201878547668457,7.201878547668457,2500,0.0,0
1993-08-26,7.201879353867364,7.275367918702745,7.128390789031982,7.128390789031982,29900,0.0,0
1993-08-27,7.201878547668457,7.201878547668457,7.201878547668457,7.201878547668457,3100,0.0,0
1993-08-30,7.054902224196601,7.201879353867364,7.054902224196601,7.128390789031982,1800,0.0,0
1993-08-31,7.275369644165039,7.275369644165039,7.128392479636452,7.275369644165039,51300,0.0,0
1993-09-01,7.348855972290039,7.348855972290039,7.348855972290039,7.348855972290039,6800,0.0,0
1993-09-02,7.422344478992148,8.157230070971568,7.422344478992148,8.010252952575684,79200,0.0,0
1993-09-03,8.083741206389208,8.157229762810926,7.642809867858887,7.642809867858887,19700,0.0,0
1993-09-07,7.495833873748779,7.716299575917861,7.495833873748779,7.495833873748779,21800,0.0,0
1993-09-08,7.49583372739282,7.569322293347652,7.275368029528325,7.422345161437988,6000,0.0,0
1993-09-09,7.4223491410228695,7.863280773162842,7.4223491410228695,7.863280773162842,41800,0.0,0
1993-09-10,7.789788143307555,7.789788143307555,7.495833873748779,7.495833873748779,48400,0.0,0
1993-09-13,7.569322441138473,7.569322441138473,7.495833873748779,7.495833873748779,1900,0.0,0
1993-09-14,7.422346808693626,7.495835390957919,7.275369644165039,7.275369644165039,3700,0.0,0
1993-09-15,7.2753671042773185,7.2753671042773185,7.128389991059595,7.201878547668457,5800,0.0,0
1993-09-16,7.054901733398437,7.348855972290039,7.054901733398437,7.348855972290039,8800,0.0,0
1993-09-17,7.275367412567139,7.348855972290039,7.275367412567139,7.348855972290039,8700,0.0,0
1993-09-20,7.422346808693626,7.422346808693626,7.275369644165039,7.275369644165039,18700,0.0,0
1993-09-21,7.2753671042773185,7.2753671042773185,7.201878547668457,7.201878547668457,3200,0.0,0
1993-09-22,7.275367918702745,7.348856483538126,7.128390789031982,7.128390789031982,7300,0.0,0
1993-09-23,7.054901434450733,7.2753671042773185,7.054901434450733,7.201878547668457,14700,0.0,0
1993-09-24,7.128391461623343,7.201880033392655,6.981414318084717,6.981414318084717,53000,0.0,0
1993-09-27,6.981413212228329,6.981413212228329,6.907924652099609,6.907924652099609,2000,0.0,0
1993-09-28,6.907925746315404,6.981414318084717,6.907925746315404,6.981414318084717,6600,0.0,0
1993-09-29,6.90792915225029,7.054906368255615,6.90792915225029,7.054906368255615,28900,0.0,0
1993-09-30,6.98141365936122,7.128390789031982,6.98141365936122,7.128390789031982,15700,0.0,0
1993-10-01,7.128390789031982,7.128390789031982,6.98141365936122,7.128390789031982,67200,0.0,0
1993-10-04,7.201881061900746,7.275369644165039,7.054903897372159,7.275369644165039,16800,0.0,0
1993-10-05,7.2753671042773185,7.2753671042773185,7.128389991059595,7.201878547668457,2100,0.0,0
1993-10-06,7.275369644165039,7.275369644165039,7.201881061900746,7.275369644165039,3000,0.0,0
1993-10-07,7.348858226429332,7.348858226429332,7.201881061900746,7.275369644165039,8500,0.0,0
1993-10-08,7.201878547668457,7.201878547668457,7.128389991059595,7.201878547668457,6300,0.0,0
1993-10-11,7.201879353867364,7.201879353867364,7.128390789031982,7.128390789031982,2500,0.0,0
1993-10-12,7.2018835842609406,7.275372192263603,7.054906368255615,7.054906368255615,42100,0.0,0
1993-10-13,7.128391461623343,7.128391461623343,6.907925746315404,6.981414318084717,12200,0.0,0
1993-10-14,6.981414318084717,7.05490288985403,6.981414318084717,6.981414318084717,6000,0.0,0
1993-10-15,6.981417760252953,7.128394976258278,6.981417760252953,7.054906368255615,3400,0.0,0
1993-10-18,7.128390332485767,7.128390332485767,6.907924652099609,6.907924652099609,6000,0.0,0
1993-10-19,6.907925714146008,6.907925714146008,6.246528571302241,6.466994285583496,38900,0.0,0
1993-10-20,6.466994285583496,6.613971428437667,6.246528571302241,6.466994285583496,130400,0.0,0
1993-10-21,6.393508434295654,6.466997036988708,6.246531228909547,6.393508434295654,50000,0.0,0
1993-10-22,6.393506317995907,6.540483474731445,6.393506317995907,6.540483474731445,10600,0.0,0
1993-10-25,6.393503681818644,6.613969326019287,6.393503681818644,6.613969326019287,5000,0.0,0
1993-10-26,6.46699681001551,6.540485410129323,6.246531009674072,6.246531009674072,20400,0.0,0
1993-10-27,6.320017142729326,6.466994285583496,6.320017142729326,6.466994285583496,15800,0.0,0
1993-10-28,6.3935082099016975,6.46699681001551,6.246531009674072,6.246531009674072,60100,0.0,0
1993-10-29,6.393508434295654,6.393508434295654,6.246531228909547,6.393508434295654,19500,0.0,0
1993-11-01,6.3935068762579625,6.3935068762579625,6.320018291473389,6.320018291473389,6800,0.0,0
1993-11-02,6.320019831602601,6.393508434295654,6.246531228909547,6.393508434295654,7200,0.0,0
1993-11-03,6.3200196097878845,6.3935082099016975,6.099553809446447,6.246531009674072,11600,0.0,0
1993-11-04,6.173040734716209,6.246529314891402,6.099552154541016,6.099552154541016,10000,0.0,0
1993-11-05,6.026063574365823,6.099552154541016,5.95257499419063,6.099552154541016,22700,0.0,0
1993-11-08,6.026063574365823,6.173040734716209,6.026063574365823,6.099552154541016,29800,0.0,0
1993-11-09,6.099552154541016,6.173040734716209,6.026063574365823,6.099552154541016,15200,0.0,0
1993-11-10,6.173038482666016,6.173038482666016,5.8790842692057295,5.952572822570801,67800,0.0,0
1993-11-11,6.099552154541016,6.099552154541016,5.95257499419063,6.099552154541016,34500,0.0,0
1993-11-12,6.099552154541016,6.099552154541016,6.026063574365823,6.099552154541016,18100,0.0,0
1993-11-15,6.026063574365823,6.099552154541016,6.026063574365823,6.099552154541016,23900,0.0,0
1993-11-16,6.02606201171875,6.099550572837271,6.02606201171875,6.02606201171875,36100,0.0,0
1993-11-17,6.099552154541016,6.099552154541016,6.099552154541016,6.099552154541016,60600,0.0,0
1993-11-18,6.099552154541016,6.099552154541016,6.026063574365823,6.099552154541016,11600,0.0,0
1993-11-19,6.026063574365823,6.173040734716209,6.026063574365823,6.099552154541016,12200,0.0,0
1993-11-22,6.099552466319158,6.099552466319158,5.732109546661377,5.732109546661377,24200,0.0,0
1993-11-23,5.8790842692057295,5.952572822570801,5.8790842692057295,5.952572822570801,1500,0.0,0
1993-11-24,5.95257499419063,6.173040734716209,5.95257499419063,6.099552154541016,18800,0.0,0
1993-11-26,6.099552154541016,6.099552154541016,6.099552154541016,6.099552154541016,0,0.0,0
1993-11-29,6.099552154541016,6.246529314891402,6.099552154541016,6.099552154541016,28000,0.0,0
1993-11-30,6.17304112190424,6.320018291473389,6.17304112190424,6.320018291473389,5600,0.0,0
1993-12-01,6.393506317995907,6.540483474731445,6.393506317995907,6.540483474731445,9100,0.0,0
1993-12-02,6.540481851456013,6.907924652099609,6.540481851456013,6.907924652099609,29000,0.0,0
1993-12-03,6.907924652099609,6.981413212228329,6.907924652099609,6.907924652099609,5100,0.0,0
1993-12-06,6.834436091970891,6.981413212228329,6.760947531842171,6.907924652099609,7300,0.0,0
1993-12-07,6.834437174546091,6.981414318084717,6.834437174546091,6.981414318084717,15700,0.0,0
1993-12-08,7.054906368255615,7.054906368255615,6.981417760252953,7.054906368255615,7700,0.0,0
1993-12-09,7.054901772357048,7.128390332485767,6.907924652099609,6.907924652099609,16600,0.0,0
1993-12-10,6.90792915225029,7.128394976258278,6.90792915225029,7.054906368255615,13200,0.0,0
1993-12-13,6.981413212228329,6.981413212228329,6.907924652099609,6.907924652099609,4700,0.0,0
1993-12-14,6.834436893463135,6.834436893463135,6.760948324716219,6.834436893463135,9700,0.0,0
1993-12-15,6.834436091970891,6.907924652099609,6.834436091970891,6.907924652099609,6500,0.0,0
1993-12-16,6.90792546221005,6.90792546221005,6.834436893463135,6.834436893463135,7400,0.0,0
1993-12-17,6.907924652099609,6.907924652099609,6.760947531842171,6.907924652099609,27300,0.0,0
1993-12-20,6.907924652099609,6.981413212228329,6.760947531842171,6.907924652099609,21200,0.0,0
1993-12-21,6.834437788202522,6.834437788202522,6.540483474731445,6.540483474731445,7300,0.0,0
1993-12-22,6.540484045827111,6.540484045827111,6.320018291473389,6.320018291473389,20600,0.0,0
1993-12-23,6.320019831602601,6.393508434295654,6.320019831602601,6.393508434295654,2100,0.0,0
1993-12-27,6.393508434295654,6.393508434295654,6.393508434295654,6.393508434295654,17700,0.0,0
1993-12-28,6.393506317995907,6.687460631466984,6.393506317995907,6.540483474731445,15600,0.0,0
1993-12-29,6.540482337658222,6.687459468841553,6.466993772066557,6.687459468841553,15700,0.0,0
1993-12-30,6.760948034433219,6.834436600024884,6.6139709032498875,6.687459468841553,13200,0.0,0
1993-12-31,6.6139709032498875,6.760948034433219,6.6139709032498875,6.687459468841553,13200,0.0,0
1994-01-03,6.687459468841553,6.687459468841553,6.540482337658222,6.687459468841553,2700,0.0,0
1994-01-04,6.613970411584733,6.907924652099609,6.540481851456013,6.907924652099609,6400,0.0,0
1994-01-05,6.907925334631228,7.495833873748779,6.834436767241534,7.495833873748779,70300,0.0,0
1994-01-06,7.56932165145874,7.56932165145874,7.275367412567139,7.348855972290039,42400,0.0,0
1994-01-07,7.348858226429332,7.348858226429332,7.128392479636452,7.275369644165039,6000,0.0,0
1994-01-10,7.2018835842609406,7.2018835842609406,6.90792915225029,7.054906368255615,36300,0.0,0
1994-01-11,7.128390789031982,7.128390789031982,7.054902224196601,7.128390789031982,25100,0.0,0
1994-01-12,7.128394976258278,7.128394976258278,7.054906368255615,7.054906368255615,68500,0.0,0
1994-01-13,7.054906368255615,7.054906368255615,7.054906368255615,7.054906368255615,16500,0.0,0
1994-01-14,7.054902599703881,7.054902599703881,6.834436893463135,6.834436893463135,105600,0.0,0
1994-01-17,6.834436893463135,6.834436893463135,6.760948324716219,6.834436893463135,49100,0.0,0
1994-01-18,6.907925094525838,7.128390789031982,6.760947964855076,7.128390789031982,330400,0.0,0
1994-01-19,7.2018785293285665,8.010252649967487,7.2018785293285665,7.642809867858887,153200,0.0,0
1994-01-20,7.789786963029342,8.083741188049316,7.789786963029342,8.083741188049316,79700,0.0,0
1994-01-21,8.08374207595299,8.524673461914062,7.9367649472993,8.524673461914062,275500,0.0,0
1994-01-24,8.52467679977417,8.818631172180176,8.52467679977417,8.818631172180176,177000,0.0,0
1994-01-25,8.671653863658076,8.745142455722974,8.37769949539848,8.451188087463379,169400,0.0,0
1994-01-26,8.451188087463379,8.451188087463379,8.30421090333358,8.451188087463379,69600,0.0,0
1994-01-27,8.37769949539848,8.524676679528277,8.37769949539848,8.451188087463379,167800,0.0,0
1994-01-28,8.451187842715104,8.524676432651756,8.304210662841797,8.304210662841797,41000,0.0,0
1994-01-31,8.30421090333358,8.451188087463379,8.230722311268682,8.451188087463379,125000,0.0,0
1994-02-01,8.524676432651756,8.524676432651756,8.304210662841797,8.304210662841797,45700,0.0,0
1994-02-02,8.304207475561844,8.37769603729248,8.010253228639302,8.37769603729248,21200,0.0,0
1994-02-03,8.37769925277845,8.37769925277845,8.230722072905143,8.304210662841797,22400,0.0,0
1994-02-04,8.304209096091135,8.304209096091135,8.230720520019531,8.230720520019531,24900,0.0,0
1994-02-07,8.083743367876325,8.230720520019531,7.93676621573312,8.230720520019531,7300,0.0,0
1994-02-08,8.230720520019531,8.304209096091135,8.083743367876325,8.230720520019531,2800,0.0,0
1994-02-09,8.23072471274986,8.23072471274986,8.157236099243164,8.157236099243164,2800,0.0,0
1994-02-10,8.157229744304312,8.157229744304312,8.010252631794323,8.083741188049316,10900,0.0,0
1994-02-11,8.010252952575684,8.083741511773626,8.010252952575684,8.010252952575684,800,0.0,0
1994-02-14,7.863280773162842,7.936769378519504,7.863280773162842,7.863280773162842,6600,0.0,0
1994-02-15,7.863278258521602,7.9367668403769445,7.78978967666626,7.78978967666626,7700,0.0,0
1994-02-16,7.789786175319127,7.863274724142892,7.716297626495361,7.716297626495361,28000,0.0,0
1994-02-17,7.716299425257315,7.789787991212147,7.422345161437988,7.422345161437988,22100,0.0,0
1994-02-18,7.495833545055205,7.569322109222412,7.422344980887996,7.569322109222412,7700,0.0,0
1994-02-22,7.569322293347652,7.569322293347652,7.348856595483157,7.422345161437988,15600,0.0,0
1994-02-23,7.422344217495042,7.422344217495042,7.201878547668457,7.201878547668457,10700,0.0,0
1994-02-24,7.201879353867364,7.201879353867364,7.128390789031982,7.128390789031982,2500,0.0,0
1994-02-25,7.275367852553581,7.64281067338962,7.275367852553581,7.569322109222412,65300,0.0,0
1994-02-28,7.642809077671596,7.716297626495361,7.642809077671596,7.716297626495361,3000,0.0,0
1994-03-01,7.716303562449518,7.936769378519504,7.716303562449518,7.863280773162842,50000,0.0,0
1994-03-02,7.789793031709688,8.157236099243164,7.789793031709688,8.157236099243164,40900,0.0,0
1994-03-03,8.08374400408763,8.08374400408763,7.716301094810918,7.78978967666626,19600,0.0,0
1994-03-04,7.789786980702327,7.863275537124047,7.569321311437167,7.642809867858887,13000,0.0,0
1994-03-07,7.716297626495361,7.789786175319127,7.716297626495361,7.716297626495361,10600,0.0,0
1994-03-08,7.789787801724036,7.789787801724036,7.569322109222412,7.569322109222412,7100,0.0,0
1994-03-09,7.642809867858887,7.642809867858887,7.569321311437167,7.642809867858887,10300,0.0,0
1994-03-10,7.642809867858887,7.642809867858887,7.569321311437167,7.642809867858887,11000,0.0,0
1994-03-11,7.64281067338962,7.64281067338962,7.422344980887996,7.569322109222412,25900,0.0,0
1994-03-14,7.569321311437167,7.716298424280607,7.569321311437167,7.642809867858887,30700,0.0,0
1994-03-15,7.642810468320493,7.936764717102051,7.642810468320493,7.936764717102051,45900,0.0,0
1994-03-16,7.936764717102051,7.936764717102051,7.936764717102051,7.936764717102051,11600,0.0,0
1994-03-17,8.010252952575684,8.23071863016951,8.010252952575684,8.010252952575684,39400,0.0,0
1994-03-18,8.083741841492829,8.083741841492829,7.936764717102051,7.936764717102051,8000,0.0,0
1994-03-21,7.863276154906661,7.936764717102051,7.863276154906661,7.936764717102051,9900,0.0,0
1994-03-22,7.936764717102051,8.010253279297439,7.936764717102051,7.936764717102051,73600,0.0,0
1994-03-23,7.936764393377742,8.083741511773626,7.8632758341798,8.010252952575684,37500,0.0,0
1994-03-24,7.863276154906661,7.936764717102051,7.789787592711272,7.936764717102051,11900,0.0,0
1994-03-25,7.936764393377742,8.083741511773626,7.936764393377742,8.010252952575684,8200,0.0,0
1994-03-28,8.010252952575684,8.010252952575684,8.010252952575684,8.010252952575684,14000,0.0,0
1994-03-29,8.010257983876166,8.083746589232828,7.863280773162842,7.863280773162842,55400,0.0,0
1994-03-30,7.936764093545767,7.936764093545767,7.642809867858887,7.642809867858887,17900,0.0,0
1994-03-31,7.642810859302483,7.642810859302483,7.422345161437988,7.422345161437988,9100,0.0,0
1994-04-04,7.348856738969391,7.569322441138473,7.201879604190004,7.495833873748779,7400,0.0,0
1994-04-05,7.569323931100234,7.78978967666626,7.569323931100234,7.78978967666626,9000,0.0,0
1994-04-06,7.863280773162842,7.863280773162842,7.716303562449518,7.863280773162842,23000,0.0,0
1994-04-07,7.78978967666626,7.78978967666626,7.78978967666626,7.78978967666626,12600,0.0,0
1994-04-08,7.789786980702327,7.789786980702327,7.642809867858887,7.642809867858887,15800,0.0,0
1994-04-11,7.642809077671596,7.716297626495361,7.569320528847831,7.716297626495361,2700,0.0,0
1994-04-12,7.642811008528167,7.642811008528167,7.422345306359086,7.495833873748779,7600,0.0,0
1994-04-13,7.495838016271591,7.6428152322769165,7.054906368255615,7.054906368255615,63300,0.0,0
1994-04-14,7.2018835842609406,7.2018835842609406,7.054906368255615,7.054906368255615,61800,0.0,0
1994-04-15,7.201879353867364,7.201879353867364,7.054902224196601,7.128390789031982,73800,0.0,0
1994-04-18,7.128394976258278,7.2018835842609406,6.90792915225029,7.054906368255615,36300,0.0,0
1994-04-19,7.054901434450733,7.2753671042773185,7.054901434450733,7.201878547668457,76600,0.0,0
1994-04-20,7.275367412567139,7.348855972290039,7.275367412567139,7.348855972290039,123100,0.0,0
1994-04-21,7.348856416720789,7.569322109222412,7.348856416720789,7.569322109222412,16700,0.0,0
1994-04-22,7.49583372739282,7.49583372739282,7.422345161437988,7.422345161437988,16500,0.0,0
1994-04-25,7.495833873748779,7.569322441138473,7.495833873748779,7.495833873748779,28000,0.0,0
1994-04-26,7.348858226429332,7.422346808693626,7.275369644165039,7.275369644165039,7900,0.0,0
1994-04-28,7.201881061900746,7.275369644165039,7.128392479636452,7.275369644165039,15100,0.0,0
1994-04-29,7.275367918702745,7.275367918702745,7.128390789031982,7.128390789031982,11500,0.0,0
1994-05-02,7.201880033392655,7.201880033392655,6.981414318084717,6.981414318084717,22200,0.0,0
1994-05-03,6.90792915225029,7.054906368255615,6.834440544247627,7.054906368255615,11400,0.0,0
1994-05-04,6.907925746315404,6.981414318084717,6.907925746315404,6.981414318084717,400,0.0,0
1994-05-05,6.907925746315404,7.128391461623343,6.907925746315404,6.981414318084717,31600,0.0,0
1994-05-06,6.981413212228329,6.981413212228329,6.907924652099609,6.907924652099609,6800,0.0,0
1994-05-09,6.981413212228329,7.054901772357048,6.834436091970891,6.907924652099609,14700,0.0,0
1994-05-10,6.98141365936122,7.128390789031982,6.98141365936122,7.128390789031982,22900,0.0,0
1994-05-11,7.05490288985403,7.05490288985403,6.981414318084717,6.981414318084717,1300,0.0,0
1994-05-12,6.981414030956966,6.981414030956966,6.760948324716219,6.834436893463135,15900,0.0,0
1994-05-13,6.760948324716219,6.834436893463135,6.760948324716219,6.834436893463135,2300,0.0,0
1994-05-16,6.760947531842171,6.907924652099609,6.760947531842171,6.907924652099609,2000,0.0,0
1994-05-17,6.98141365936122,7.128390789031982,6.907925094525838,7.128390789031982,14700,0.0,0
1994-05-18,7.054901772357048,7.054901772357048,6.907924652099609,6.907924652099609,1800,0.0,0
1994-05-19,6.907923518286811,6.907923518286811,6.613969326019287,6.613969326019287,4200,0.0,0
1994-05-20,6.687459468841553,6.687459468841553,6.6139709032498875,6.687459468841553,1700,0.0,0
1994-05-23,6.6139709032498875,6.687459468841553,6.6139709032498875,6.687459468841553,10400,0.0,0
1994-05-24,6.540480777952406,6.613969326019287,6.540480777952406,6.613969326019287,30900,0.0,0
1994-05-25,6.687459468841553,6.687459468841553,6.687459468841553,6.687459468841553,900,0.0,0
1994-05-26,6.760951936244965,7.054906368255615,6.760951936244965,7.054906368255615,8500,0.0,0
1994-05-27,7.054903942605723,7.201881108076676,6.760949611663818,6.760949611663818,23900,0.0,0
1994-05-31,6.834437174546091,6.981414318084717,6.834437174546091,6.981414318084717,48900,0.0,0
1994-06-01,6.9079251656165495,6.9079251656165495,6.6139709032498875,6.687459468841553,7100,0.0,0
1994-06-02,6.613971187222388,6.834436893463135,6.613971187222388,6.834436893463135,17600,0.0,0
1994-06-03,6.8344381943992945,6.8344381943992945,6.760949611663818,6.760949611663818,12100,0.0,0
1994-06-06,6.687457874086168,6.687457874086168,6.613969326019287,6.613969326019287,17000,0.0,0
1994-06-07,6.613969326019287,6.687457874086168,6.540480777952406,6.613969326019287,60900,0.0,0
1994-06-08,6.540480777952406,6.613969326019287,6.540480777952406,6.613969326019287,36900,0.0,0
1994-06-09,6.6139709032498875,6.687459468841553,6.540482337658222,6.687459468841553,59400,0.0,0
1994-06-10,6.687461028928341,6.981415359870247,6.613972446192865,6.760949611663818,17500,0.0,0
1994-06-13,6.613972446192865,6.760949611663818,6.613972446192865,6.760949611663818,9600,0.0,0
1994-06-14,6.760946422153049,6.760946422153049,6.613969326019287,6.613969326019287,42300,0.0,0
1994-06-15,6.687457874086168,6.687457874086168,6.613969326019287,6.613969326019287,17500,0.0,0
1994-06-16,6.687462845067868,6.687462845067868,6.246531228909547,6.393508434295654,40200,0.0,0
1994-06-17,6.320018291473389,6.3935068762579625,6.099552537119665,6.320018291473389,48500,0.0,0
1994-06-20,6.17304112190424,6.320018291473389,6.17304112190424,6.320018291473389,79800,0.0,0
1994-06-21,6.466997036988708,6.540485639681761,6.246531228909547,6.393508434295654,90100,0.0,0
1994-06-22,6.466997036988708,6.613974242374815,6.393508434295654,6.393508434295654,19300,0.0,0
1994-06-23,6.320017739628138,6.613972053099215,6.320017739628138,6.540483474731445,57700,0.0,0
1994-06-24,6.466994285583496,6.466994285583496,6.393505714156412,6.466994285583496,10200,0.0,0
1994-06-27,6.393506317995907,6.540483474731445,6.320017739628138,6.540483474731445,34400,0.0,0
1994-06-28,6.613971428437667,6.687459999864752,6.466994285583496,6.466994285583496,43200,0.0,0
1994-06-29,6.540483863457389,6.9079267771347705,6.540483863457389,6.760949611663818,157700,0.0,0
1994-06-30,6.834436893463135,7.128391168450796,6.834436893463135,6.834436893463135,17500,0.0,0
1994-07-01,6.981413212228329,6.981413212228329,6.760947531842171,6.907924652099609,53100,0.0,0
1994-07-05,6.834436091970891,6.907924652099609,6.760947531842171,6.907924652099609,25200,0.0,0
1994-07-06,6.90792546221005,6.90792546221005,6.760948324716219,6.834436893463135,185200,0.0,0
1994-07-07,6.834436893463135,6.90792546221005,6.760948324716219,6.834436893463135,77000,0.0,0
1994-07-08,6.8344381943992945,6.8344381943992945,6.687461028928341,6.760949611663818,20900,0.0,0
1994-07-11,6.834436893463135,6.90792546221005,6.760948324716219,6.834436893463135,32700,0.0,0
1994-07-12,6.981414030956966,6.981414030956966,6.760948324716219,6.834436893463135,52200,0.0,0
1994-07-13,6.9079267771347705,6.9079267771347705,6.760949611663818,6.760949611663818,195900,0.0,0
1994-07-14,6.834436091970891,7.128390332485767,6.834436091970891,6.907924652099609,29700,0.0,0
1994-07-15,7.201878892614487,7.275367452743206,6.907924652099609,6.907924652099609,53200,0.0,0
1994-07-18,7.054901772357048,7.054901772357048,6.907924652099609,6.907924652099609,43800,0.0,0
1994-07-19,6.981413212228329,6.981413212228329,6.907924652099609,6.907924652099609,135200,0.0,0
1994-07-20,6.907924652099609,6.981413212228329,6.834436091970891,6.907924652099609,172300,0.0,0
1994-07-21,6.981413212228329,6.981413212228329,6.907924652099609,6.907924652099609,177400,0.0,0
1994-07-22,6.981414030956966,6.981414030956966,6.834436893463135,6.834436893463135,18700,0.0,0
1994-07-25,6.981417760252953,7.2018835842609406,6.90792915225029,7.054906368255615,203600,0.0,0
1994-07-26,6.981417760252953,7.128394976258278,6.981417760252953,7.054906368255615,44700,0.0,0
1994-07-27,7.054906368255615,7.128394976258278,7.054906368255615,7.054906368255615,18200,0.0,0
1994-07-28,7.128389991059595,7.201878547668457,7.128389991059595,7.201878547668457,32700,0.0,0
1994-07-29,7.348856416720789,8.083742058392868,7.348856416720789,7.569322109222412,220100,0.0,0
1994-08-01,7.716298424280607,7.936764093545767,7.495832755015447,7.642809867858887,25600,0.0,0
1994-08-02,7.642811008528167,7.936765278086942,7.495833873748779,7.495833873748779,85000,0.0,0
1994-08-03,7.569323931100234,7.78978967666626,7.495835349244891,7.78978967666626,142000,0.0,0
1994-08-04,7.789787592711272,8.083741841492829,7.789787592711272,7.936764717102051,91600,0.0,0
1994-08-05,7.936764717102051,8.083741841492829,7.863276154906661,7.936764717102051,23500,0.0,0
1994-08-08,7.936764093545767,7.936764093545767,7.642809867858887,7.642809867858887,74800,0.0,0
1994-08-09,7.716298424280607,7.936764093545767,7.642809867858887,7.642809867858887,24900,0.0,0
1994-08-10,7.716303562449518,7.863280773162842,7.716303562449518,7.863280773162842,101800,0.0,0
1994-08-11,7.78979216780618,7.863280773162842,7.642814957092855,7.863280773162842,40900,0.0,0
1994-08-12,7.863278258521602,7.863278258521602,7.78978967666626,7.78978967666626,47100,0.0,0
1994-08-15,7.78979216780618,7.863280773162842,7.716303562449518,7.863280773162842,50600,0.0,0
1994-08-16,7.936764717102051,7.936764717102051,7.789787592711272,7.936764717102051,38600,0.0,0
1994-08-17,7.863280773162842,7.936769378519504,7.716303562449518,7.863280773162842,12100,0.0,0
1994-08-18,7.8632758341798,8.010252952575684,7.789787274981858,8.010252952575684,88600,0.0,0
1994-08-19,8.010258872229773,8.157236099243164,7.936770258723079,8.157236099243164,88800,0.0,0
1994-08-22,8.157233482968492,8.37769925277845,8.083744893031838,8.304210662841797,63700,0.0,0
1994-08-23,8.304210662841797,8.304210662841797,8.230722072905143,8.304210662841797,37300,0.0,0
1994-08-24,8.304213326256555,8.304213326256555,8.083747485736469,8.157236099243164,13600,0.0,0
1994-08-25,8.23071863016951,8.23071863016951,8.010252952575684,8.010252952575684,21000,0.0,0
1994-08-26,8.083743367876325,8.451186248234341,7.863277639661517,8.230720520019531,46700,0.0,0
1994-08-29,8.30421090333358,8.451188087463379,8.157233719203782,8.451188087463379,110500,0.0,0
1994-08-30,8.37769603729248,8.524673160753752,8.37769603729248,8.37769603729248,15500,0.0,0
1994-08-31,8.37769880050268,8.598164558410645,8.37769880050268,8.598164558410645,52000,0.0,0
1994-09-01,8.598164558410645,8.598164558410645,8.451187386472,8.598164558410645,61500,0.0,0
1994-09-02,8.59816515647759,8.7451423386396,8.59816515647759,8.671653747558594,162900,0.0,0
1994-09-06,8.745142455722974,8.745142455722974,8.451188087463379,8.451188087463379,128800,0.0,0
1994-09-07,8.451184897587217,8.598162026240908,8.451184897587217,8.524673461914062,117900,0.0,0
1994-09-08,8.524676565396584,8.671653747558594,8.524676565396584,8.671653747558594,81400,0.0,0
1994-09-09,8.59816515647759,8.7451423386396,8.59816515647759,8.671653747558594,49500,0.0,0
1994-09-12,8.745139154894598,8.745139154894598,8.524673461914062,8.524673461914062,28400,0.0,0
1994-09-13,8.524673461914062,8.524673461914062,8.451184897587217,8.524673461914062,100300,0.0,0
1994-09-14,8.524673160753752,8.524673160753752,8.37769603729248,8.37769603729248,30200,0.0,0
1994-09-15,8.451186248234341,8.451186248234341,8.157231943947929,8.230720520019531,18900,0.0,0
1994-09-16,8.37769880050268,8.671653144379967,8.37769880050268,8.598164558410645,284100,0.0,0
1994-09-19,8.671653985977173,8.892119765281677,8.598165392875671,8.818631172180176,222500,0.0,0
1994-09-20,8.892119639852773,8.892119639852773,8.451188087463379,8.451188087463379,75700,0.0,0
1994-09-21,8.451187974315578,8.671653747558594,8.377699383234575,8.671653747558594,55700,0.0,0
1994-09-22,8.598164558410645,8.671653144379967,8.524675972441322,8.598164558410645,17700,0.0,0
1994-09-23,8.671653144379967,8.81863031631861,8.524675972441322,8.598164558410645,141600,0.0,0
1994-09-26,8.598162026240908,8.598162026240908,8.524673461914062,8.524673461914062,172900,0.0,0
1994-09-27,8.598162026240908,8.598162026240908,8.524673461914062,8.524673461914062,33400,0.0,0
1994-09-28,8.598162026240908,8.598162026240908,8.524673461914062,8.524673461914062,114600,0.0,0
1994-09-29,8.59816515647759,8.671653747558594,8.524676565396584,8.671653747558594,57100,0.0,0
1994-09-30,8.598160118615928,8.818625762683002,8.598160118615928,8.745137214660645,70700,0.0,0
1994-10-03,8.745142579078674,8.892119765281677,8.598165392875671,8.818631172180176,70300,0.0,0
1994-10-04,8.818630929720603,8.818630929720603,8.59816515647759,8.671653747558594,32300,0.0,0
1994-10-05,8.598162026240908,8.598162026240908,8.524673461914062,8.524673461914062,52200,0.0,0
1994-10-06,8.451184897587217,8.598162026240908,8.451184897587217,8.524673461914062,101600,0.0,0
1994-10-07,8.524673160753752,8.598161722484388,8.230718913831208,8.37769603729248,81400,0.0,0
1994-10-10,8.23072471274986,8.377701939763249,8.157236099243164,8.157236099243164,98900,0.0,0
1994-10-11,8.23071920460668,8.524673461914062,8.23071920460668,8.524673461914062,32600,0.0,0
1994-10-12,8.524675972441322,8.671653144379967,8.37769880050268,8.598164558410645,71300,0.0,0
1994-10-13,8.745141730349287,8.745141730349287,8.598164558410645,8.598164558410645,82700,0.0,0
1994-10-14,8.598162026240908,8.598162026240908,8.451184897587217,8.524673461914062,14500,0.0,0
1994-10-17,8.524676679528277,8.524676679528277,8.37769949539848,8.451188087463379,7200,0.0,0
1994-10-18,8.37769603729248,8.524673160753752,8.230718913831208,8.37769603729248,142200,0.0,0
1994-10-19,8.23071920460668,8.598162026240908,8.08374207595299,8.524673461914062,61500,0.0,0
1994-10-20,8.451184897587217,8.524673461914062,8.451184897587217,8.524673461914062,99500,0.0,0
1994-10-21,8.451188087463379,8.524676679528277,8.37769949539848,8.451188087463379,7100,0.0,0
1994-10-24,8.37769603729248,8.524673160753752,8.37769603729248,8.37769603729248,8200,0.0,0
1994-10-25,8.304209096091135,8.377697672162737,8.230720520019531,8.230720520019531,12000,0.0,0
1994-10-26,8.304206856814298,8.304206856814298,8.083741188049316,8.083741188049316,35600,0.0,0
1994-10-27,7.936764393377742,8.010252952575684,7.716298715783916,8.010252952575684,176400,0.0,0
1994-10-28,8.010253279297439,8.010253279297439,7.863276154906661,7.936764717102051,74100,0.0,0
1994-10-31,7.863276154906661,7.936764717102051,7.789787592711272,7.936764717102051,28900,0.0,0
1994-11-01,7.863274724142892,7.936763272966657,7.642809077671596,7.716297626495361,58500,0.0,0
1994-11-02,7.789787274981858,8.010252952575684,7.789787274981858,8.010252952575684,15600,0.0,0
1994-11-03,8.010254791804723,8.377697672162737,7.93676621573312,8.230720520019531,33100,0.0,0
1994-11-04,8.230720520019531,8.304209096091135,8.230720520019531,8.230720520019531,55300,0.0,0
1994-11-07,8.304207475561844,8.451184599023115,8.304207475561844,8.37769603729248,24600,0.0,0
1994-11-08,8.37769633326037,8.671650590567753,8.37769633326037,8.524673461914062,94500,0.0,0
1994-11-09,8.671653144379967,8.745141730349287,8.524675972441322,8.598164558410645,34200,0.0,0
1994-11-10,8.598162026240908,8.598162026240908,8.451184897587217,8.524673461914062,35300,0.0,0
1994-11-11,8.524676679528277,8.524676679528277,8.37769949539848,8.451188087463379,35700,0.0,0
1994-11-14,8.37769949539848,8.524676679528277,8.157233719203782,8.451188087463379,156600,0.0,0
1994-11-15,8.451184897587217,8.524673461914062,8.451184897587217,8.524673461914062,267100,0.0,0
1994-11-16,8.524676679528277,8.524676679528277,8.37769949539848,8.451188087463379,78900,0.0,0
1994-11-17,8.377697672162737,8.377697672162737,8.230720520019531,8.230720520019531,34600,0.0,0
1994-11-18,8.230720520019531,8.230720520019531,8.230720520019531,8.230720520019531,600,0.0,0
1994-11-21,8.230722072905143,8.304210662841797,8.230722072905143,8.304210662841797,29500,0.0,0
1994-11-22,8.23072471274986,8.377701939763249,8.157236099243164,8.157236099243164,28500,0.0,0
1994-11-23,8.083741188049316,8.083741188049316,7.93676407553933,8.083741188049316,20300,0.0,0
1994-11-25,8.230720520019531,8.304209096091135,8.157231943947929,8.230720520019531,3500,0.0,0
1994-11-28,7.054901733398437,7.56932165145874,6.760947494506835,7.348855972290039,783700,0.0,0
1994-11-29,7.422345748700594,7.495834320469906,6.981414318084717,6.981414318084717,154600,0.0,0
1994-11-30,7.054906368255615,7.128394976258278,6.90792915225029,7.054906368255615,281400,0.0,0
1994-12-01,7.054901772357048,7.054901772357048,6.907924652099609,6.907924652099609,23700,0.0,0
1994-12-02,6.981414030956966,6.981414030956966,6.760948324716219,6.834436893463135,21200,0.0,0
1994-12-05,6.834436893463135,6.834436893463135,6.834436893463135,6.834436893463135,55000,0.0,0
1994-12-06,6.8344381943992945,6.8344381943992945,6.760949611663818,6.760949611663818,23000,0.0,0
1994-12-07,6.760948034433219,6.834436600024884,6.466993772066557,6.687459468841553,44100,0.0,0
1994-12-08,6.760949209834753,6.760949209834753,6.466994896363676,6.540483474731445,48000,0.0,0
1994-12-09,6.466994896363676,6.613972053099215,6.466994896363676,6.540483474731445,88000,0.0,0
1994-12-12,6.540480777952406,6.760946422153049,6.466992229885525,6.613969326019287,107000,0.0,0
1994-12-13,6.760949611663818,7.054903942605723,6.760949611663818,6.760949611663818,69600,0.0,0
1994-12-14,6.8344381943992945,6.8344381943992945,6.613972446192865,6.760949611663818,16500,0.0,0
1994-12-15,6.687457874086168,6.83443497021993,6.466992229885525,6.613969326019287,34100,0.0,0
1994-12-16,6.687457874086168,6.687457874086168,6.540480777952406,6.613969326019287,84100,0.0,0
1994-12-19,6.6139709032498875,6.760948034433219,6.6139709032498875,6.687459468841553,26000,0.0,0
1994-12-20,6.760947531842171,6.907924652099609,6.760947531842171,6.907924652099609,86000,0.0,0
1994-12-21,6.8344381943992945,6.8344381943992945,6.760949611663818,6.760949611663818,66700,0.0,0
1994-12-22,6.760946422153049,6.760946422153049,6.540480777952406,6.613969326019287,134400,0.0,0
1994-12-23,6.540480777952406,6.613969326019287,6.540480777952406,6.613969326019287,45500,0.0,0
1994-12-27,6.540480777952406,6.687457874086168,6.466992229885525,6.613969326019287,35800,0.0,0
1994-12-28,6.687459468841553,6.760948034433219,6.6139709032498875,6.687459468841553,85100,0.0,0
1994-12-29,6.687461028928341,6.760949611663818,6.687461028928341,6.760949611663818,59300,0.0,0
1994-12-30,6.760948034433219,6.834436600024884,6.687459468841553,6.687459468841553,83300,0.0,0
1995-01-03,6.760949209834753,6.760949209834753,6.540483474731445,6.540483474731445,29100,0.0,0
1995-01-04,6.613969326019287,6.613969326019287,6.540480777952406,6.613969326019287,4900,0.0,0
1995-01-05,6.613969326019287,6.687457874086168,6.540480777952406,6.613969326019287,28900,0.0,0
1995-01-06,6.540483474731445,6.613972053099215,6.540483474731445,6.540483474731445,14500,0.0,0
1995-01-09,6.5404828570105815,6.613971428437667,6.466994285583496,6.466994285583496,25300,0.0,0
1995-01-10,6.393508434295654,6.466997036988708,6.393508434295654,6.393508434295654,6300,0.0,0
1995-01-11,6.466994285583496,6.5404828570105815,6.393505714156412,6.466994285583496,13800,0.0,0
1995-01-12,6.466997036988708,6.466997036988708,6.320019831602601,6.393508434295654,12000,0.0,0
1995-01-13,6.393505714156412,6.466994285583496,6.246528571302241,6.466994285583496,46800,0.0,0
1995-01-16,6.8344381943992945,6.8344381943992945,6.613972446192865,6.760949611663818,165100,0.0,0
1995-01-17,6.834436893463135,6.834436893463135,6.687459755969304,6.834436893463135,89700,0.0,0
1995-01-18,6.834436091970891,6.907924652099609,6.834436091970891,6.907924652099609,46600,0.0,0
1995-01-19,6.907924652099609,6.907924652099609,6.834436091970891,6.907924652099609,22100,0.0,0
1995-01-20,6.907924652099609,6.907924652099609,6.834436091970891,6.907924652099609,38500,0.0,0
1995-01-23,6.9079267771347705,6.9079267771347705,6.760949611663818,6.760949611663818,37700,0.0,0
1995-01-24,6.834436091970891,6.981413212228329,6.760947531842171,6.907924652099609,186400,0.0,0
1995-01-25,6.981417760252953,7.128394976258278,6.981417760252953,7.054906368255615,74100,0.0,0
1995-01-26,7.128394976258278,7.128394976258278,6.981417760252953,7.054906368255615,41900,0.0,0
1995-01-27,7.054906368255615,7.128394976258278,6.981417760252953,7.054906368255615,16600,0.0,0
1995-01-30,7.054906368255615,7.128394976258278,6.981417760252953,7.054906368255615,68100,0.0,0
1995-01-31,7.128390789031982,7.128390789031982,6.98141365936122,7.128390789031982,69900,0.0,0
1995-02-01,7.054906368255615,7.128394976258278,7.054906368255615,7.054906368255615,167300,0.0,0
1995-02-02,7.054906368255615,7.054906368255615,6.981417760252953,7.054906368255615,146000,0.0,0
1995-02-03,7.128389991059595,7.201878547668457,7.128389991059595,7.201878547668457,178700,0.0,0
1995-02-06,7.2753671042773185,7.348855660886181,7.128389991059595,7.201878547668457,92800,0.0,0
1995-02-07,7.201879353867364,7.201879353867364,7.054902224196601,7.128390789031982,86800,0.0,0
1995-02-08,7.128394976258278,7.128394976258278,6.981417760252953,7.054906368255615,68000,0.0,0
1995-02-09,6.981413212228329,7.054901772357048,6.834436091970891,6.907924652099609,42500,0.0,0
1995-02-10,6.907925746315404,6.981414318084717,6.834437174546091,6.981414318084717,22800,0.0,0
1995-02-13,6.981414030956966,6.981414030956966,6.760948324716219,6.834436893463135,34000,0.0,0
1995-02-14,6.834436893463135,6.981414030956966,6.834436893463135,6.834436893463135,26600,0.0,0
1995-02-15,6.90792546221005,6.90792546221005,6.760948324716219,6.834436893463135,74400,0.0,0
1995-02-16,6.834436893463135,6.90792546221005,6.760948324716219,6.834436893463135,47900,0.0,0
1995-02-17,6.760949611663818,6.8344381943992945,6.760949611663818,6.760949611663818,33900,0.0,0
1995-02-21,6.687459468841553,6.687459468841553,6.6139709032498875,6.687459468841553,80000,0.0,0
1995-02-22,6.687460631466984,6.687460631466984,6.466994896363676,6.540483474731445,141700,0.0,0
1995-02-23,6.466997036988708,6.540485639681761,6.393508434295654,6.393508434295654,43700,0.0,0
1995-02-24,6.393505714156412,6.5404828570105815,6.393505714156412,6.466994285583496,40800,0.0,0
1995-02-27,6.466997036988708,6.466997036988708,6.320019831602601,6.393508434295654,42200,0.0,0
1995-02-28,6.393506317995907,6.760949209834753,6.320017739628138,6.540483474731445,148300,0.0,0
1995-03-01,6.613972053099215,6.613972053099215,6.540483474731445,6.540483474731445,50600,0.0,0
1995-03-02,6.466994896363676,6.540483474731445,6.466994896363676,6.540483474731445,40300,0.0,0
1995-03-03,6.466997036988708,6.466997036988708,6.393508434295654,6.393508434295654,37700,0.0,0
1995-03-06,6.466997036988708,6.466997036988708,6.320019831602601,6.393508434295654,110100,0.0,0
1995-03-07,6.3935082099016975,6.3935082099016975,6.246531009674072,6.246531009674072,129200,0.0,0
1995-03-08,6.3200196097878845,6.3200196097878845,6.173042409560259,6.246531009674072,75100,0.0,0
1995-03-09,6.246528483572461,6.246528483572461,6.17303991317749,6.17303991317749,60700,0.0,0
1995-03-10,6.246531009674072,6.246531009674072,6.173042409560259,6.246531009674072,32400,0.0,0
1995-03-13,6.246531009674072,6.3200196097878845,6.173042409560259,6.246531009674072,76100,0.0,0
1995-03-14,6.246528483572461,6.246528483572461,6.0995513427825205,6.17303991317749,80100,0.0,0
1995-03-15,6.173039133955792,6.246527695074314,5.952573450600228,6.02606201171875,145400,0.0,0
1995-03-16,6.0260651230812075,6.099553722143173,5.879087924957275,5.879087924957275,454600,0.0,0
1995-03-17,5.95257420199258,6.3200170539674305,5.95257420199258,6.17303991317749,481800,0.0,0
1995-03-20,6.246529161260369,6.613972053099215,6.246529161260369,6.540483474731445,233400,0.0,0
1995-03-21,6.540483474731445,6.613972053099215,6.466994896363676,6.540483474731445,56500,0.0,0
1995-03-22,6.613972446192865,6.760949611663818,6.540483863457389,6.760949611663818,106700,0.0,0
1995-03-23,6.687459755969304,6.90792546221005,6.687459755969304,6.834436893463135,119700,0.0,0
1995-03-24,7.054906368255615,7.054906368255615,6.90792915225029,7.054906368255615,312700,0.0,0
1995-03-27,6.981417760252953,7.128394976258278,6.981417760252953,7.054906368255615,106200,0.0,0
1995-03-28,7.054902599703881,7.054902599703881,6.760948324716219,6.834436893463135,51800,0.0,0
1995-03-29,6.8344381943992945,6.9079267771347705,6.760949611663818,6.760949611663818,41600,0.0,0
1995-03-30,6.760948602776779,6.981414318084717,6.760948602776779,6.981414318084717,67600,0.0,0
1995-03-31,7.054906368255615,7.054906368255615,6.90792915225029,7.054906368255615,49600,0.0,0
1995-04-03,7.05490288985403,7.128391461623343,6.907925746315404,6.981414318084717,244800,0.0,0
1995-04-04,7.054903942605723,7.054903942605723,6.760949611663818,6.760949611663818,52200,0.0,0
1995-04-05,6.760951936244965,7.054906368255615,6.760951936244965,7.054906368255615,189600,0.0,0
1995-04-06,6.981413212228329,7.128390332485767,6.834436091970891,6.907924652099609,126100,0.0,0
1995-04-07,6.907925746315404,7.05490288985403,6.834437174546091,6.981414318084717,239100,0.0,0
1995-04-10,7.054901434450733,7.2753671042773185,7.054901434450733,7.201878547668457,171400,0.0,0
1995-04-11,7.275371930309545,7.863280773162842,7.275371930309545,7.863280773162842,469200,0.0,0
1995-04-12,7.863277639661517,8.377697672162737,7.863277639661517,8.230720520019531,778900,0.0,0
1995-04-13,8.230720520019531,8.304209096091135,8.010254791804723,8.230720520019531,555200,0.0,0
1995-04-17,8.23072471274986,8.23072471274986,7.936770258723079,8.157236099243164,109700,0.0,0
1995-04-18,8.157229744304312,8.157229744304312,8.083741188049316,8.083741188049316,145900,0.0,0
1995-04-19,8.157229744304312,8.193974022431808,8.083741188049316,8.083741188049316,142700,0.0,0
1995-04-20,8.157229744304312,8.157229744304312,8.083741188049316,8.083741188049316,111400,0.0,0
1995-04-21,8.157230640279835,8.671650590567753,8.157230640279835,8.524673461914062,602800,0.0,0
1995-04-24,8.451188206672668,8.892119765281677,8.451188206672668,8.818631172180176,465700,0.0,0
1995-04-25,8.892114310705361,8.965602858727719,8.671648666638285,8.745137214660645,245700,0.0,0
1995-04-26,8.8186298717152,8.892118453979492,8.671652707186611,8.892118453979492,328800,0.0,0
1995-04-27,8.818631172180176,8.892119765281677,8.745142579078674,8.818631172180176,199300,0.0,0
1995-04-28,8.892119765281677,8.892119765281677,8.818631172180176,8.818631172180176,51400,0.0,0
1995-05-01,8.745137214660645,8.745137214660645,8.671648666638285,8.745137214660645,77900,0.0,0
1995-05-02,8.745137214660645,8.745137214660645,8.671648666638285,8.745137214660645,66100,0.0,0
1995-05-03,8.671653747558594,8.7451423386396,8.671653747558594,8.671653747558594,109100,0.0,0
1995-05-04,8.7451423386396,8.818630929720603,8.671653747558594,8.671653747558594,101600,0.0,0
1995-05-05,8.745141289450906,8.892118453979492,8.745141289450906,8.892118453979492,226900,0.0,0
1995-05-08,8.818628864903603,9.11258316040039,8.745140291029408,9.11258316040039,265700,0.0,0
1995-05-09,9.18607261237197,9.480026935967873,9.18607261237197,9.333049774169922,575200,0.0,0
1995-05-10,9.406535148620605,9.773977927863598,9.406535148620605,9.406535148620605,694200,0.0,0
1995-05-11,9.11258316040039,9.186071734274588,9.039094586526193,9.11258316040039,276100,0.0,0
1995-05-12,9.03909683227539,9.112585424407712,9.03909683227539,9.03909683227539,44100,0.0,0
1995-05-15,9.03909683227539,9.112585424407712,8.89211964801075,9.03909683227539,202100,0.0,0
1995-05-16,9.039094586526193,9.11258316040039,9.039094586526193,9.11258316040039,146400,0.0,0
1995-05-17,9.112584031472995,9.406538355068896,9.112584031472995,9.333049774169922,249000,0.0,0
1995-05-18,9.333048538208008,9.480025680541992,9.186071395874023,9.186071395874023,234000,0.0,0
1995-05-19,9.186071734274588,9.186071734274588,9.039094586526193,9.11258316040039,39000,0.0,0
1995-05-22,9.039094586526193,9.186071734274588,9.039094586526193,9.11258316040039,157400,0.0,0
1995-05-23,9.112585544586182,9.112585544586182,8.818631172180176,8.818631172180176,49100,0.0,0
1995-05-24,8.81863031631861,8.81863031631861,8.451187386472,8.598164558410645,131200,0.0,0
1995-05-25,8.59816515647759,8.7451423386396,8.59816515647759,8.671653747558594,101400,0.0,0
1995-05-26,8.745137214660645,8.745137214660645,8.598160118615928,8.745137214660645,107200,0.0,0
1995-05-30,8.745137214660645,8.745137214660645,8.671648666638285,8.745137214660645,72600,0.0,0
1995-05-31,8.671648666638285,8.745137214660645,8.451183022571211,8.745137214660645,426700,0.0,0
1995-06-01,8.7451423386396,8.7451423386396,8.59816515647759,8.671653747558594,135300,0.0,0
1995-06-02,8.598160118615928,8.818625762683002,8.598160118615928,8.745137214660645,409500,0.0,0
1995-06-05,8.671653747558594,8.7451423386396,8.59816515647759,8.671653747558594,226900,0.0,0
1995-06-06,8.598160118615928,8.745137214660645,8.598160118615928,8.745137214660645,78100,0.0,0
1995-06-07,8.7451423386396,8.818630929720603,8.59816515647759,8.671653747558594,116400,0.0,0
1995-06-08,8.7451423386396,8.7451423386396,8.671653747558594,8.671653747558594,72600,0.0,0
1995-06-09,8.745137214660645,8.965602858727719,8.745137214660645,8.745137214660645,99100,0.0,0
1995-06-12,8.745142579078674,8.818631172180176,8.745142579078674,8.818631172180176,115300,0.0,0
1995-06-13,8.818631172180176,8.818631172180176,8.745142579078674,8.818631172180176,146500,0.0,0
1995-06-14,8.745137214660645,8.818625762683002,8.745137214660645,8.745137214660645,42000,0.0,0
1995-06-15,8.818631172180176,8.818631172180176,8.745142579078674,8.818631172180176,98600,0.0,0
1995-06-16,8.818625762683002,8.818625762683002,8.671648666638285,8.745137214660645,56000,0.0,0
1995-06-19,8.745141289450906,8.965607036243785,8.745141289450906,8.892118453979492,185900,0.0,0
1995-06-20,8.892119765281677,8.892119765281677,8.745142579078674,8.818631172180176,27800,0.0,0
1995-06-21,8.81862765452901,8.965604782104492,8.81862765452901,8.965604782104492,53200,0.0,0
1995-06-22,8.965608240143071,9.03909683227539,8.965608240143071,9.03909683227539,102800,0.0,0
1995-06-23,8.965604782104492,9.039093345892235,8.965604782104492,8.965604782104492,73000,0.0,0
1995-06-26,9.03909683227539,9.03909683227539,8.965608240143071,9.03909683227539,70400,0.0,0
1995-06-27,9.039093345892235,9.039093345892235,8.965604782104492,8.965604782104492,143100,0.0,0
1995-06-28,8.965608240143071,9.112585424407712,8.965608240143071,9.03909683227539,222300,0.0,0
1995-06-29,9.112585544586182,9.112585544586182,8.745142579078674,8.818631172180176,64200,0.0,0
1995-06-30,8.818628864903603,9.11258316040039,8.745140291029408,9.11258316040039,118800,0.0,0
1995-07-03,9.11258316040039,9.11258316040039,9.039094586526193,9.11258316040039,30800,0.0,0
1995-07-05,9.112585424407712,9.112585424407712,8.965608240143071,9.03909683227539,111700,0.0,0
1995-07-06,9.03909683227539,9.03909683227539,8.89211964801075,9.03909683227539,168300,0.0,0
1995-07-07,8.965604782104492,9.039093345892235,8.671650526953526,8.965604782104492,168400,0.0,0
1995-07-10,8.818631172180176,8.892119765281677,8.745142579078674,8.818631172180176,140900,0.0,0
1995-07-11,8.7451423386396,8.818630929720603,8.59816515647759,8.671653747558594,218900,0.0,0
1995-07-12,8.671650526953526,9.039093345892235,8.671650526953526,8.965604782104492,217200,0.0,0
1995-07-13,8.965607036243785,9.039095618508078,8.451186960393732,8.892118453979492,232200,0.0,0
1995-07-14,8.818628864903603,9.11258316040039,8.745140291029408,9.11258316040039,196300,0.0,0
1995-07-17,9.039096274742715,9.700493563138522,8.81863051194411,9.553516387939453,371100,0.0,0
1995-07-18,9.553513171067879,10.214910236757193,9.553513171067879,9.847467422485352,269400,0.0,0
1995-07-19,9.847467097529659,10.214909899676288,9.773978537100332,9.920955657958984,353000,0.0,0
1995-07-20,9.99444325764974,9.99444325764974,9.55351193745931,9.700489044189453,282700,0.0,0
1995-07-21,9.773984386973137,10.067938804626465,9.773984386973137,10.067938804626465,180700,0.0,0
1995-07-24,10.214914681254955,10.361891870913299,9.994448896767437,10.141426086425781,275600,0.0,0
1995-07-25,10.141426676468884,10.21491527557373,10.067938077364037,10.21491527557373,177200,0.0,0
1995-07-26,10.14142133924696,10.14142133924696,9.847467097529659,9.920955657958984,124300,0.0,0
1995-07-27,10.582357289839763,10.949800251292533,10.582357289839763,10.802823066711426,706900,0.0,0
1995-07-28,10.802822939107115,10.876311530529613,10.435379981994629,10.435379981994629,275000,0.0,0
1995-07-31,10.582357406616211,11.243754744529724,10.50886881351471,11.170266151428223,428200,0.0,0
1995-08-01,11.02328896522522,11.243754744529724,11.02328896522522,11.170266151428223,284100,0.0,0
1995-08-02,11.317238807678223,11.390727371364445,11.023284552933333,11.317238807678223,639600,0.0,0
1995-08-03,11.170267057418824,11.75817584991455,11.096778458356857,11.75817584991455,320100,0.0,0
1995-08-04,11.831660270690918,11.9051488438008,11.537705978251392,11.831660270690918,346200,0.0,0
1995-08-07,11.758168538411459,11.905145645141602,11.684679985046387,11.905145645141602,341700,0.0,0
1995-08-08,11.831664448976516,11.905153048038484,11.684687250852585,11.75817584991455,134500,0.0,0
1995-08-09,11.758175017727408,11.831663611588205,11.464220642284223,11.53770923614502,290600,0.0,0
1995-08-10,11.537707677254309,11.611196261185865,11.390730509391197,11.464219093322754,94700,0.0,0
1995-08-11,11.464217131992555,11.684682846069336,11.096774275197923,11.684682846069336,139400,0.0,0
1995-08-14,11.611196261185865,11.758173429048977,11.170264757596529,11.464219093322754,1304000,0.0,0
1995-08-15,11.464220642284223,11.758175017727408,11.390732048423427,11.53770923614502,425800,0.0,0
1995-08-16,11.537705089472517,11.758170791819126,11.537705089472517,11.611193656921387,328400,0.0,0
1995-08-17,11.758169778963413,12.12561258455602,11.684681217844894,12.0521240234375,636000,0.0,0
1995-08-18,12.34607820014733,12.713521003723145,12.34607820014733,12.713521003723145,710300,0.0,0
1995-08-21,12.713528265898255,12.933994073977416,12.640039663205203,12.787016868591309,490800,0.0,0
1995-08-22,12.787016868591309,12.860505471284362,12.566551060512149,12.787016868591309,251700,0.0,0
1995-08-23,12.713525167731351,12.860502337300499,12.640036582946777,12.640036582946777,169100,0.0,0
1995-08-24,12.640035708275068,12.71352428797434,12.419569969177246,12.419569969177246,331100,0.0,0
1995-08-25,12.41956839674995,12.493056967144922,12.27259125596001,12.34607982635498,148600,0.0,0
1995-08-28,12.199107444286346,12.199107444286346,11.684687250852585,11.75817584991455,292400,0.0,0
1995-08-29,11.684686423866612,11.684686423866612,11.390732048423427,11.53770923614502,233600,0.0,0
1995-08-30,11.537712860107423,11.611201477050782,11.390735626220703,11.390735626220703,78800,0.0,0
1995-08-31,11.31724192545964,11.537707677254309,11.31724192545964,11.464219093322754,416500,0.0,0
1995-09-01,11.390730509391197,11.537707677254309,11.390730509391197,11.464219093322754,138400,0.0,0
1995-09-05,11.464217405141511,11.9051488438008,11.464217405141511,11.831660270690918,100200,0.0,0
1995-09-06,11.75817126319522,12.34607982635498,11.75817126319522,12.34607982635498,288800,0.0,0
1995-09-07,12.346086878976422,12.419575491351281,12.272598266601562,12.272598266601562,229700,0.0,0
1995-09-08,12.199101145674542,12.199101145674542,11.978635462318978,12.0521240234375,114700,0.0,0
1995-09-11,11.978636494165736,11.978636494165736,11.464216522023648,11.611193656921387,131700,0.0,0
1995-09-12,11.096776173664972,11.464219093322754,11.096776173664972,11.464219093322754,202000,0.0,0
1995-09-13,11.390732048423427,11.611197830005816,11.31724345456263,11.53770923614502,190300,0.0,0
1995-09-14,11.537707677254309,11.611196261185865,11.464219093322754,11.464219093322754,36100,0.0,0
1995-09-15,11.464220642284223,11.611197830005816,11.464220642284223,11.53770923614502,153200,0.0,0
1995-09-18,11.464219093322754,11.537707677254309,11.464219093322754,11.464219093322754,29500,0.0,0
1995-09-19,11.464219093322754,11.537707677254309,11.390730509391197,11.464219093322754,318300,0.0,0
1995-09-20,11.390730509391197,11.464219093322754,11.31724192545964,11.464219093322754,139100,0.0,0
1995-09-21,11.390735626220703,11.390735626220703,11.317247009277345,11.390735626220703,107900,0.0,0
1995-09-22,11.317238807678223,11.317238807678223,11.170261680305778,11.317238807678223,210600,0.0,0
1995-09-25,11.317240097943474,11.390728670008043,11.243751525878906,11.243751525878906,81800,0.0,0
1995-09-26,11.170266151428223,11.317243337631226,11.170266151428223,11.170266151428223,72200,0.0,0
1995-09-27,11.170263631454366,11.243752207977092,11.09677505493164,11.09677505493164,98900,0.0,0
1995-09-28,11.096775398254394,11.170263977050782,10.949798240661622,11.023286819458008,46000,0.0,0
1995-09-29,10.876310421870304,11.464219093322754,10.876310421870304,11.464219093322754,167000,0.0,0
1995-10-02,11.390727954574778,11.611193656921387,11.317239387125909,11.611193656921387,511500,0.0,0
1995-10-03,11.611194551361274,11.9051488438008,11.611194551361274,11.831660270690918,2194100,0.0,0
1995-10-04,11.758171417428262,12.199102845581821,11.537705703351483,11.684682846069336,788800,0.0,0
1995-10-05,11.684687250852585,11.905153048038484,11.684687250852585,11.75817584991455,390200,0.0,0
1995-10-06,11.758170098614839,12.05212435108021,11.758170098614839,11.978635787963867,425400,0.0,0
1995-10-09,11.97864164710045,11.97864164710045,11.75817584991455,11.75817584991455,180600,0.0,0
1995-10-10,11.684687250852585,11.905153048038484,11.61119865179062,11.75817584991455,301800,0.0,0
1995-10-11,11.758176018210017,12.493062019348145,11.758176018210017,12.493062019348145,317700,0.0,0
1995-10-12,12.419575491351281,12.566552716101,12.052132429476984,12.272598266601562,153900,0.0,0
1995-10-13,12.346086878976422,12.419575491351281,12.199109654226703,12.272598266601562,99200,0.0,0
1995-10-16,12.272590040429238,12.272590040429238,11.831658661731181,11.978635787963867,130300,0.0,0
1995-10-17,11.97863697438013,12.34607982635498,11.68468269280025,12.34607982635498,136900,0.0,0
1995-10-18,12.346081389477973,12.49305854887652,12.346081389477973,12.419569969177246,114500,0.0,0
1995-10-19,12.346078267911585,12.419566829030106,11.978635462318978,12.0521240234375,130200,0.0,0
1995-10-20,12.052125990020564,12.052125990020564,11.684683124471155,11.831660270690918,369100,0.0,0
1995-10-23,11.905147224847525,12.05212435108021,11.684681535498497,11.978635787963867,104200,0.0,0
1995-10-24,12.19910369641853,12.27259227290298,12.125615119934082,12.125615119934082,114200,0.0,0
1995-10-25,12.125615650380151,12.49305854887652,12.052127070680879,12.419569969177246,306900,0.0,0
1995-10-26,12.493055321577657,12.713521003723145,12.493055321577657,12.713521003723145,277200,0.0,0
1995-10-27,12.640034107934861,12.640034107934861,12.0521255447751,12.34607982635498,160100,0.0,0
1995-10-30,12.272592889257224,12.346081469432418,12.125615728906839,12.199104309082031,230300,0.0,0
1995-10-31,12.12561411517007,12.41956839674995,12.0521255447751,12.34607982635498,277000,0.0,0
1995-11-01,12.272596219006706,12.493062019348145,12.125619018779082,12.493062019348145,225600,0.0,0
1995-11-02,12.493056916353995,12.640034056546394,12.419568346257794,12.566545486450195,395300,0.0,0
1995-11-03,12.566547128575793,12.640035708275068,12.419569969177246,12.419569969177246,152600,0.0,0
1995-11-06,12.493062019348145,12.493062019348145,12.346084819120518,12.493062019348145,25900,0.0,0
1995-11-07,12.493055321577657,12.713521003723145,12.493055321577657,12.713521003723145,85300,0.0,0
1995-11-08,12.640034285458652,13.080965714021163,12.640034285458652,12.933988571166992,437100,0.0,0
1995-11-09,12.93398445977105,13.227938652038574,12.787007363637288,13.227938652038574,371800,0.0,0
1995-11-10,13.227945164271764,13.227945164271764,12.713525074550084,12.860502243041992,127100,0.0,0
1995-11-13,12.860499819119772,12.860499819119772,12.12561411517007,12.34607982635498,58300,0.0,0
1995-11-14,12.199101145674542,12.272589706793063,12.0521240234375,12.0521240234375,98200,0.0,0
1995-11-15,12.052126543449633,12.27259227290298,12.052126543449633,12.125615119934082,194200,0.0,0
1995-11-16,12.199099858601889,12.199099858601889,11.758168538411459,11.905145645141602,331600,0.0,0
1995-11-17,11.905149390480736,12.125615119934082,11.758172237511838,12.125615119934082,790100,0.0,0
1995-11-20,12.0521240234375,12.199101145674542,11.978635462318978,12.0521240234375,81400,0.0,0
1995-11-21,12.052125990020564,12.272591709350207,11.758171697581037,11.831660270690918,99100,0.0,0
1995-11-22,11.758171417428262,11.758171417428262,11.464217131992555,11.684682846069336,207400,0.0,0
1995-11-24,11.758169778963413,12.12561258455602,11.758169778963413,12.0521240234375,156800,0.0,0
1995-11-27,11.978634198506674,12.125611305236816,11.83165709177653,11.905145645141602,193600,0.0,0
1995-11-28,11.978637966965184,12.19910369641853,11.905149390480736,12.125615119934082,211800,0.0,0
1995-11-29,12.125615650380151,12.419569969177246,12.125615650380151,12.419569969177246,56200,0.0,0
1995-11-30,12.493056967144922,12.493056967144922,12.34607982635498,12.34607982635498,173900,0.0,0
1995-12-01,12.34607982635498,12.34607982635498,12.12561411517007,12.34607982635498,55300,0.0,0
1995-12-04,12.272591206065394,12.640034056546394,12.272591206065394,12.566545486450195,288500,0.0,0
1995-12-05,12.41956839674995,12.493056967144922,12.34607982635498,12.34607982635498,200300,0.0,0
1995-12-06,12.346081469432418,12.493058629782803,12.199104309082031,12.199104309082031,377900,0.0,0
1995-12-07,12.199099858601889,12.272588411966959,11.83165709177653,11.905145645141602,57900,0.0,0
1995-12-08,11.831664448976516,11.97864164710045,11.684687250852585,11.75817584991455,108200,0.0,0
1995-12-11,11.758170098614839,11.978635787963867,11.611192972382154,11.978635787963867,190800,0.0,0
1995-12-12,11.905153048038484,12.12561884522438,11.684687250852585,11.75817584991455,895300,0.0,0
1995-12-13,11.758171417428262,11.758171417428262,11.537705703351483,11.684682846069336,170100,0.0,0
1995-12-14,11.684687250852585,11.905153048038484,11.684687250852585,11.75817584991455,364900,0.0,0
1995-12-15,11.758171417428262,11.758171417428262,11.611194274710408,11.684682846069336,255000,0.0,0
1995-12-18,11.464217937545271,11.464217937545271,10.949797901886189,11.09677505493164,215000,0.0,0
1995-12-19,10.582353263065732,11.023284649026804,10.435376134412042,10.655841827392578,3193200,0.0,0
1995-12-20,10.802821592851119,10.802821592851119,10.435378681529652,10.508867263793945,977100,0.0,0
1995-12-21,10.58235593523298,10.58235593523298,9.99444727216448,10.28840160369873,501300,0.0,0
1995-12-22,10.288402799149633,10.582357164839623,10.14142561630464,10.435379981994629,968500,0.0,0
1995-12-26,10.435378419592025,10.508867000011687,10.361889839172363,10.361889839172363,274100,0.0,0
1995-12-27,10.288400252660116,10.582354545593262,10.21491167942683,10.582354545593262,466800,0.0,0
1995-12-28,10.435378681529652,10.508867263793945,10.36189009926536,10.508867263793945,354400,0.0,0
1995-12-29,10.508866442749833,11.09677505493164,10.508866442749833,11.09677505493164,354900,0.0,0
1996-01-02,11.023286819458008,11.023286819458008,10.876309661865234,11.023286819458008,231000,0.0,0
1996-01-03,11.096778044829497,11.096778044829497,10.876312255859375,10.876312255859375,467300,0.0,0
1996-01-04,10.87631165900198,10.949800251292533,10.729334474420872,10.802823066711426,460300,0.0,0
1996-01-05,10.729331692059835,10.729331692059835,10.508865972359976,10.582354545593262,127700,0.0,0
1996-01-08,10.508864698738886,10.655841827392578,10.508864698738886,10.655841827392578,46200,0.0,0
1996-01-09,10.582354545593262,10.65584311882655,10.508865972359976,10.582354545593262,65600,0.0,0
1996-01-10,10.508867263793945,10.582355846058238,10.36189009926536,10.508867263793945,155500,0.0,0
1996-01-11,10.435379981994629,10.508868573417127,10.288402799149633,10.435379981994629,230400,0.0,0
1996-01-12,10.43537739912669,10.582354545593262,10.43537739912669,10.582354545593262,160800,0.0,0
1996-01-15,10.582354545593262,10.582354545593262,10.508865972359976,10.582354545593262,160400,0.0,0
1996-01-16,10.508867352349418,10.58235593523298,10.28840160369873,10.28840160369873,130000,0.0,0
1996-01-17,10.28840160369873,10.361890186582293,10.141424437931606,10.28840160369873,171400,0.0,0
1996-01-18,10.36189009926536,10.582355846058238,10.288401517001065,10.508867263793945,324000,0.0,0
1996-01-19,10.582354545593262,10.582354545593262,10.43537739912669,10.582354545593262,516000,0.0,0
1996-01-22,10.508866442749833,11.09677505493164,10.435377866227105,11.09677505493164,639200,0.0,0
1996-01-23,11.09677505493164,11.09677505493164,11.023286478408915,11.09677505493164,416600,0.0,0
1996-01-24,11.096778458356857,11.831664448976516,11.096778458356857,11.75817584991455,581300,0.0,0
1996-01-25,11.758171417428262,11.83165998878719,11.684682846069336,11.684682846069336,240300,0.0,0
1996-01-26,11.758172828030874,12.272592889257224,11.684684247855682,12.199104309082031,677500,0.0,0
1996-01-29,12.272592809778699,12.419569969177246,12.199104230079426,12.419569969177246,298800,0.0,0
1996-01-30,12.41957004960761,12.41957004960761,12.125615728906839,12.199104309082031,191400,0.0,0
1996-01-31,12.125615728906839,12.272592889257224,12.052127148731646,12.199104309082031,319400,0.0,0
1996-02-01,12.199101145674542,12.199101145674542,11.905146901200457,12.0521240234375,269900,0.0,0
1996-02-02,12.125615119934082,12.125615119934082,11.978637966965184,12.125615119934082,150300,0.0,0
1996-02-05,12.052127148731646,12.272592889257224,11.978638568556454,12.199104309082031,302100,0.0,0
1996-02-06,12.199099858601889,12.199099858601889,11.905145645141602,11.905145645141602,134900,0.0,0
1996-02-07,11.905145645141602,11.905145645141602,11.758168538411459,11.905145645141602,90500,0.0,0
1996-02-08,11.831660813996287,12.125615119934082,11.831660813996287,12.125615119934082,97100,0.0,0
1996-02-09,12.19910369641853,12.19910369641853,12.052126543449633,12.125615119934082,194700,0.0,0
1996-02-12,12.12561884522438,12.12561884522438,11.684687250852585,11.75817584991455,86000,0.0,0
1996-02-13,11.611192972382154,12.125612914196553,11.53770440926581,11.978635787963867,115500,0.0,0
1996-02-14,12.0521240234375,12.0521240234375,11.831658340081935,12.0521240234375,55300,0.0,0
1996-02-15,12.052125990020564,12.052125990020564,11.831660270690918,11.831660270690918,25200,0.0,0
1996-02-16,11.831660270690918,11.9051488438008,11.831660270690918,11.831660270690918,33100,0.0,0
1996-02-20,11.831660270690918,11.9051488438008,11.758171697581037,11.831660270690918,303300,0.0,0
1996-02-21,11.831664448976516,11.905153048038484,11.75817584991455,11.75817584991455,176000,0.0,0
1996-02-22,11.831660270690918,11.9051488438008,11.758171697581037,11.831660270690918,141400,0.0,0
1996-02-23,11.83165709177653,11.978634198506674,11.83165709177653,11.905145645141602,160000,0.0,0
1996-02-26,11.978643817102123,12.272598266601562,11.978643817102123,12.272598266601562,328500,0.0,0
1996-02-27,12.272589639432168,12.86049812515347,12.272589639432168,12.713521003723145,378400,0.0,0
1996-02-28,12.713521003723145,12.787009564438307,12.640032443007982,12.713521003723145,140400,0.0,0
1996-02-29,12.640034056546394,12.713522626642595,12.346079776161595,12.566545486450195,277900,0.0,0
1996-03-01,12.493057142604481,13.007477142594079,12.493057142604481,12.933988571166992,598400,0.0,0
1996-03-04,12.787010412949783,13.44840750327477,12.787010412949783,13.374918937683105,587400,0.0,0
1996-03-05,13.448409882802812,14.330272825937424,13.448409882802812,13.889341354370117,775700,0.0,0
1996-03-06,13.889337864327938,13.962826424456658,13.815849304199219,13.815849304199219,562000,0.0,0
1996-03-07,13.815849304199219,13.889337864327938,13.668872183941781,13.815849304199219,367000,0.0,0
1996-03-08,13.815855383235503,13.96283256816354,13.521901013379429,13.742366790771484,395700,0.0,0
1996-03-11,13.668872183941781,13.889337864327938,13.595383623813062,13.815849304199219,204600,0.0,0
1996-03-12,13.889337864327938,13.962826424456658,13.668872183941781,13.815849304199219,307600,0.0,0
1996-03-13,13.815850189051677,14.477247272570109,13.815850189051677,14.256781578063965,489400,0.0,0
1996-03-14,14.330272825937424,14.330272825937424,13.889341354370117,13.889341354370117,156300,0.0,0
1996-03-15,13.889346912503242,14.183301344513893,13.81585830450058,14.10981273651123,127100,0.0,0
1996-03-18,14.183298350603154,14.330275535583496,14.03632116562281,14.330275535583496,171900,0.0,0
1996-03-19,14.256781578063965,14.403758707734728,14.109804448393202,14.256781578063965,153900,0.0,0
1996-03-20,14.256781578063965,14.403758707734728,14.183293013228583,14.256781578063965,260800,0.0,0
1996-03-21,14.183294351477372,14.183294351477372,13.815851492630808,13.962828636169434,195700,0.0,0
1996-03-22,13.889340064400121,14.10980577970806,13.889340064400121,13.962828636169434,131900,0.0,0
1996-03-25,14.03631851155922,14.03631851155922,13.889341354370117,13.889341354370117,45400,0.0,0
1996-03-26,14.330278560519218,14.330278560519218,14.10981273651123,14.10981273651123,528200,0.0,0
1996-03-27,14.256781578063965,14.403758707734728,14.146548730810892,14.256781578063965,167100,0.0,0
1996-03-28,14.183297651068209,14.477252006530762,14.183297651068209,14.477252006530762,396000,0.0,0
1996-03-29,14.403759208380007,15.065156314887252,14.403759208380007,14.991667747497559,597500,0.0,0
1996-04-01,15.285628682749282,15.432605881621873,15.212140083312988,15.212140083312988,805400,0.0,0
1996-04-02,15.285628682749282,15.285628682749282,15.212140083312988,15.212140083312988,204100,0.0,0
1996-04-03,15.212131218034393,15.212131218034393,14.403757095336914,14.403757095336914,175300,0.0,0
1996-04-04,14.550736343159395,15.065156314887252,14.550736343159395,14.991667747497559,188900,0.0,0
1996-04-08,14.550736666900184,14.918179512023926,14.477248097875435,14.918179512023926,270400,0.0,0
1996-04-09,15.065155654277616,15.138644218444824,14.99166709011041,15.138644218444824,142800,0.0,0
1996-04-10,15.212140083312988,15.212140083312988,15.065162884440399,15.212140083312988,154500,0.0,0
1996-04-11,15.138644882276946,15.21213344966664,14.844690612718171,14.991667747497559,662800,0.0,0
1996-04-12,14.991668081048674,15.138645219098171,14.844690942999177,14.918179512023926,458400,0.0,0
1996-04-15,14.991672128590231,15.06516071745587,14.477252006530762,14.477252006530762,204800,0.0,0
1996-04-16,14.62422400801929,14.918178259436765,14.62422400801929,14.771201133728027,140500,0.0,0
1996-04-17,14.844688434990085,14.844688434990085,14.330268538728053,14.403757095336914,453600,0.0,0
1996-04-18,14.477252006530762,14.5507405953964,14.403763417665123,14.477252006530762,150300,0.0,0
1996-04-19,14.624229184262038,14.624229184262038,14.403763417665123,14.477252006530762,255400,0.0,0
1996-04-22,14.403763417665123,14.624229184262038,14.403763417665123,14.477252006530762,261000,0.0,0
1996-04-23,14.477255776524544,14.550744384527206,14.10981273651123,14.10981273651123,700800,0.0,0
1996-04-24,14.109809758112982,14.403764128073668,14.109809758112982,14.330275535583496,260600,0.0,0
1996-04-25,14.256781578063965,14.330270142899346,14.109804448393202,14.256781578063965,173500,0.0,0
1996-04-26,14.256786239933847,14.477252006530762,14.10980906220257,14.477252006530762,325700,0.0,0
1996-04-29,14.477247140939953,15.138644218444824,14.403758576772745,15.138644218444824,419500,0.0,0
1996-04-30,15.065154066452614,15.432596848561214,14.991665510030893,15.285619735717773,636100,0.0,0
1996-05-01,15.359113524680915,15.873533594885538,15.359113524680915,15.800045013427734,694800,0.0,0
1996-05-02,15.726555065992402,15.726555065992402,14.991669315245094,15.065157890319824,417600,0.0,0
1996-05-03,15.212131179296053,15.359108292139494,15.212131179296053,15.285619735717773,362800,0.0,0
1996-05-06,15.285622547023104,15.506088256835938,15.212133977085493,15.506088256835938,328100,0.0,0
1996-05-07,15.506090771477178,15.726556517043203,15.432602189621836,15.57957935333252,1416700,0.0,0
1996-05-08,15.653072940969022,15.726561546325684,15.28562991418571,15.726561546325684,434200,0.0,0
1996-05-09,15.726556517043203,15.726556517043203,15.285625025911152,15.57957935333252,105900,0.0,0
1996-05-10,15.579576826773549,15.72655396664877,15.359111116960715,15.506088256835938,330900,0.0,0
1996-05-13,15.506095730255698,15.800050151682346,15.359118519542372,15.726561546325684,466300,0.0,0
1996-05-14,15.947021007537842,16.82888392039708,15.947021007537842,16.461441040039062,1256000,0.0,0
1996-05-15,16.46143946626261,16.53492803530843,16.24097375912517,16.387950897216797,440000,0.0,0
1996-05-16,16.38795401679145,16.534931182861328,16.31446543375651,16.534931182861328,596400,0.0,0
1996-05-17,16.461440577651516,17.12283774371787,16.461440577651516,16.975860595703125,877600,0.0,0
1996-05-20,16.975864766991656,17.049353359056553,16.828887582861856,16.902376174926758,177300,0.0,0
1996-05-21,16.90237202169575,17.12283774371787,16.755394873681006,16.975860595703125,733400,0.0,0
1996-05-22,16.97585775977687,16.97585775977687,16.608414951123688,16.75539207458496,123500,0.0,0
1996-05-23,16.828887582861856,16.902376174926758,16.75539899079696,16.902376174926758,157300,0.0,0
1996-05-24,16.828882782244378,17.196325637751894,16.828882782244378,17.12283706665039,122500,0.0,0
1996-05-28,17.19633031295518,17.343307495117188,17.122841721874174,17.343307495117188,233100,0.0,0
1996-05-29,17.343301181135505,17.490278309789197,17.049346923828125,17.049346923828125,135800,0.0,0
1996-05-30,17.049348392247154,17.56376838684082,16.97585982159092,17.56376838684082,288600,0.0,0
1996-05-31,17.416796086198193,17.637261859441207,17.19633031295518,17.343307495117188,193000,0.0,0
1996-06-03,17.416790008544922,17.710744270292516,17.343301443108025,17.416790008544922,691200,0.0,0
1996-06-04,17.343302674872106,17.56376838684082,17.122836962903392,17.56376838684082,170700,0.0,0
1996-06-05,17.63725530905802,18.225163819359953,17.416789617694793,17.931209564208984,347400,0.0,0
1996-06-06,17.931212025303996,18.22516632080078,17.931212025303996,18.22516632080078,508300,0.0,0
1996-06-07,17.78423357766772,18.519119262695312,17.637256440662203,18.519119262695312,201900,0.0,0
1996-06-10,18.666097076416015,19.18051707458496,18.15167707824707,18.372142791748047,442900,0.0,0
1996-06-11,18.298653313022875,18.372141880545055,18.004699042934156,18.151676177978516,163900,0.0,0
1996-06-12,18.22516216203278,18.739582061767578,18.22516216203278,18.739582061767578,183800,0.0,0
1996-06-13,18.739582061767578,18.88655917597752,18.519116390452666,18.739582061767578,539100,0.0,0
1996-06-14,18.73958655496831,18.88656370441904,18.445632256066844,18.592609405517578,148200,0.0,0
1996-06-17,18.666107147094237,18.666107147094237,18.00470964975625,18.298664093017578,181900,0.0,0
1996-06-18,18.298652719568324,18.298652719568324,17.563767068180038,17.85772132873535,361000,0.0,0
1996-06-19,17.857726390545185,17.857726390545185,17.122840530851967,17.19632911682129,499500,0.0,0
1996-06-20,17.269815586539856,17.269815586539856,16.75539554779186,16.82888412475586,148300,0.0,0
1996-06-21,17.049348018629136,17.049348018629136,16.16748519007935,16.387950897216797,281800,0.0,0
1996-06-24,16.38795200364414,17.34330346573999,16.38795200364414,16.975860595703125,946600,0.0,0
1996-06-25,16.975860595703125,17.049349169710496,16.90237202169575,16.975860595703125,694300,0.0,0
1996-06-26,16.902375685430208,16.97586427536686,16.608421325683594,16.608421325683594,516000,0.0,0
1996-06-27,16.681905640041368,17.12283706665039,16.53492849783836,17.12283706665039,492000,0.0,0
1996-06-28,17.12283574679733,17.710744270292516,17.12283574679733,17.416790008544922,1262700,0.0,0
1996-07-01,17.637261859441207,17.637261859441207,17.343307495117188,17.343307495117188,172200,0.0,0
1996-07-02,17.34330346573999,17.41679203974736,16.90237202169575,16.975860595703125,482100,0.0,0
1996-07-03,16.97586127868386,16.97586127868386,16.75539554779186,16.82888412475586,375100,0.0,0
1996-07-05,16.75539554779186,16.82888412475586,16.75539554779186,16.82888412475586,31700,0.0,0
1996-07-08,16.681908348931206,16.755396931966146,16.461442599826388,16.534931182861328,715100,0.0,0
1996-07-09,16.461442599826388,16.534931182861328,16.461442599826388,16.534931182861328,161900,0.0,0
1996-07-10,16.53492803530843,16.53492803530843,16.314462328170983,16.387950897216797,197300,0.0,0
1996-07-11,16.46143946626261,16.46143946626261,16.24097375912517,16.387950897216797,208800,0.0,0
1996-07-12,16.314460807376438,16.387949369571828,15.800040872008712,15.873529434204102,324700,0.0,0
1996-07-15,15.800043641067132,15.947020791216595,14.918180740170364,15.065157890319824,225400,0.0,0
1996-07-16,15.06516071745587,15.06516071745587,13.374923173546186,14.477252006530762,684200,0.0,0
1996-07-17,14.624232465975753,15.800050151682346,14.624232465975753,15.726561546325684,740600,0.0,0
1996-07-18,16.020505905151367,16.020505905151367,15.873528786755484,16.020505905151367,345000,0.0,0
1996-07-19,16.020505299934975,16.020505299934975,15.285619735717773,15.285619735717773,282100,0.0,0
1996-07-22,15.432598475113656,15.432598475113656,15.065155654277616,15.138644218444824,64700,0.0,0
1996-07-23,15.212133152650134,15.212133152650134,14.771201756921146,14.844690322875977,250500,0.0,0
1996-07-24,14.697712570873659,14.844689696582396,14.403758319456186,14.771201133728027,422500,0.0,0
1996-07-25,14.844692437759953,14.918181014184508,14.109806673514411,14.183295249938965,518500,0.0,0
1996-07-26,14.256780586242675,14.697711944580078,14.256780586242675,14.697711944580078,316900,0.0,0
1996-07-29,14.624227870594371,14.697716452858664,14.477250706065785,14.550739288330078,160400,0.0,0
1996-07-30,14.62422400801929,14.844689696582396,14.477246882310554,14.771201133728027,116200,0.0,0
1996-07-31,14.697711944580078,14.918177623748779,14.697711944580078,14.697711944580078,64000,0.0,0
1996-08-01,14.844690942999177,15.359110926172416,14.69771380494968,14.918179512023926,323300,0.0,0
1996-08-02,15.065154066452614,15.432596848561214,15.065154066452614,15.285619735717773,323900,0.0,0
1996-08-05,15.212131179296053,15.432596848561214,15.065154066452614,15.285619735717773,110800,0.0,0
1996-08-06,15.285620936640987,15.94701799639949,15.285620936640987,15.873529434204102,440900,0.0,0
1996-08-07,15.873535992348032,16.167490362576697,15.873535992348032,16.09400177001953,223600,0.0,0
1996-08-08,16.020508051987722,16.53492803530843,16.020508051987722,16.387950897216797,337000,0.0,0
1996-08-09,16.461442599826388,16.60841976589627,16.461442599826388,16.534931182861328,302400,0.0,0
1996-08-12,16.461441239935862,16.82888412475586,16.461441239935862,16.82888412475586,357700,0.0,0
1996-08-13,16.75539554779186,16.97586127868386,16.68190697082786,16.82888412475586,357500,0.0,0
1996-08-14,16.975864766991656,17.049353359056553,16.75539899079696,16.902376174926758,753200,0.0,0
1996-08-15,16.828887582861856,16.902376174926758,16.75539899079696,16.902376174926758,207900,0.0,0
1996-08-16,16.902375685430208,16.902375685430208,16.387955555873635,16.608421325683594,401500,0.0,0
1996-08-19,16.60841976589627,16.681908348931206,16.461442599826388,16.534931182861328,223100,0.0,0
1996-08-20,16.60841976589627,16.60841976589627,16.461442599826388,16.534931182861328,79900,0.0,0
1996-08-21,16.681903512854323,16.90236919804623,16.534926389393053,16.75539207458496,262500,0.0,0
1996-08-22,16.828887582861856,16.975864766991656,16.75539899079696,16.902376174926758,179800,0.0,0
1996-08-23,16.82888412475586,16.90237270171986,16.75539554779186,16.82888412475586,205200,0.0,0
1996-08-26,16.75539207458496,16.828880636315596,16.75539207458496,16.75539207458496,73700,0.0,0
1996-08-27,16.68190574645996,16.75539431803027,16.608417174889652,16.68190574645996,278200,0.0,0
1996-08-28,16.68190574645996,16.68190574645996,16.608417174889652,16.68190574645996,137900,0.0,0
1996-08-29,16.608421187595006,16.681909776920648,16.240978240966797,16.240978240966797,683000,0.0,0
1996-08-30,16.240970932353626,16.240970932353626,15.947016707333653,16.167482376098633,216100,0.0,0
1996-09-03,16.387949844886517,17.049346923828125,16.16748415190598,17.049346923828125,543300,0.0,0
1996-09-04,16.97585775977687,16.97585775977687,16.461437827662415,16.75539207458496,461500,0.0,0
1996-09-05,16.68190991562025,16.68190991562025,16.314466965936983,16.608421325683594,553300,0.0,0
1996-09-06,16.534928603319344,16.75539431803027,16.461440031749035,16.68190574645996,689900,0.0,0
1996-09-09,16.681903512854323,16.828880636315596,16.608414951123688,16.75539207458496,513700,0.0,0
1996-09-10,16.755395344325475,16.755395344325475,16.16748673575265,16.461441040039062,295400,0.0,0
1996-09-11,17.12283548815497,17.196324052481817,16.75539266652074,17.049346923828125,800500,0.0,0
1996-09-12,17.343301443108025,17.56376713941872,17.19632431223423,17.416790008544922,1791400,0.0,0
1996-09-13,17.63725530905802,18.298652383147694,17.490278181482534,17.931209564208984,992500,0.0,0
1996-09-16,18.004698127996726,18.004698127996726,17.63725530905802,17.931209564208984,214100,0.0,0
1996-09-17,17.78423422241211,18.372142791748047,17.710745651245116,18.372142791748047,483800,0.0,0
1996-09-18,18.298654220581053,18.81307421875,18.298654220581053,18.372142791748047,490400,0.0,0
1996-09-19,18.372143468549176,18.592609190171764,17.931212025303996,18.22516632080078,681400,0.0,0
1996-09-20,18.078190901148037,18.813076710137793,18.078190901148037,18.666099548339844,928800,0.0,0
1996-09-23,18.739581741392612,18.960047408938408,18.519116073846817,18.81307029724121,855000,0.0,0
1996-09-24,18.66609350466261,18.96004773308249,18.445627833347693,18.739582061767578,259200,0.0,0
1996-09-25,19.107031048468823,19.547962534202718,18.960053886557525,19.47447395324707,1203800,0.0,0
1996-09-26,19.54795422316511,20.06237407114314,19.180511474609375,19.180511474609375,416700,0.0,0
1996-09-27,19.3274901881814,19.3274901881814,18.81307029724121,18.81307029724121,262500,0.0,0
1996-09-30,18.88656210520911,19.107027810717387,18.519119262695312,18.519119262695312,461000,0.0,0
1996-10-01,18.51912511090824,19.07028954873289,18.51912511090824,18.886568069458008,418500,0.0,0
1996-10-02,19.033537151195382,19.915399876347294,18.960048590766057,19.84191131591797,600300,0.0,0
1996-10-03,19.768423407825072,19.84191197067944,18.96004921642702,19.694934844970703,492100,0.0,0
1996-10-04,19.84192239402405,19.988899596942748,19.694945191105354,19.9154109954834,375300,0.0,0
1996-10-07,19.694941269723994,19.915407030205976,19.254009748760023,19.547964096069336,451400,0.0,0
1996-10-08,19.621451285815148,19.621451285815148,18.813076888272203,19.03354263305664,447400,0.0,0
1996-10-09,19.180518003320504,19.180518003320504,18.298655106616113,18.592609405517578,299800,0.0,0
1996-10-10,18.666102294328148,18.886568069458008,18.592613702618195,18.886568069458008,242900,0.0,0
1996-10-11,18.813069661458332,19.62144374847412,18.813069661458332,19.400978088378906,286400,0.0,0
1996-10-14,19.254010798813272,19.400987980483603,18.813079253802282,19.327499389648438,225500,0.0,0
1996-10-15,19.327490518607345,19.327490518607345,18.739582061767578,18.739582061767578,145200,0.0,0
1996-10-16,18.73958496820359,18.88656210520911,18.298653557187034,18.519119262695312,219900,0.0,0
1996-10-17,18.51911993408203,18.51911993408203,18.07818850708008,18.372142791748047,241800,0.0,0
1996-10-18,18.372143468549176,18.592609190171764,18.22516632080078,18.22516632080078,196100,0.0,0
1996-10-21,18.372147927488335,19.033545252877914,18.22517074406843,18.886568069458008,239800,0.0,0
1996-10-22,18.96005137582843,19.694937088069846,18.96005137582843,19.621448516845703,192000,0.0,0
1996-10-23,19.47447550924201,19.621452682896663,19.107032575105368,19.547964096069336,398400,0.0,0
1996-10-24,19.474465673453963,19.474465673453963,19.107022924898228,19.180511474609375,202100,0.0,0
1996-10-25,19.254009951077975,19.547964301476114,19.107032775878906,19.107032775878906,200700,0.0,0
1996-10-28,19.107029428595137,19.180518003320504,18.592609405517578,18.592609405517578,133500,0.0,0
1996-10-29,18.592604629695415,18.88655885308981,18.225161850452423,18.81307029724121,140000,0.0,0
1996-10-30,18.73958655496831,18.73958655496831,18.225166531890746,18.592609405517578,209400,0.0,0
1996-10-31,18.666093185544014,19.474467299878597,18.666093185544014,18.81307029724121,304000,0.0,0
1996-11-01,18.813079253802282,19.327499389648438,18.813079253802282,19.327499389648438,109400,0.0,0
1996-11-04,19.400978088378906,19.62144374847412,19.10702387491862,19.400978088378906,407700,0.0,0
1996-11-05,19.327499389648438,19.547965162153933,19.327499389648438,19.327499389648438,482400,0.0,0
1996-11-06,19.40098280317328,19.768425659293985,19.40098280317328,19.621448516845703,774200,0.0,0
1996-11-07,19.62144374847412,19.62144374847412,19.18051242828369,19.400978088378906,111600,0.0,0
1996-11-08,19.474474122625523,19.474474122625523,18.960054051461828,19.03354263305664,160500,0.0,0
1996-11-11,18.960055600679837,19.107032775878906,18.81307842548077,19.107032775878906,125600,0.0,0
1996-11-12,19.254009748760023,19.547964096069336,18.813078227796055,19.547964096069336,554700,0.0,0
1996-11-13,19.841919299838267,20.13587365983587,19.768430709838867,19.768430709838867,796100,0.0,0
1996-11-14,19.768422755488643,20.062376997205945,19.694934195059318,19.84191131591797,572600,0.0,0
1996-11-15,19.84191131591797,19.98888843677662,19.768422755488643,19.84191131591797,142900,0.0,0
1996-11-18,19.84191131591797,19.84191131591797,19.47446851377134,19.84191131591797,269600,0.0,0
1996-11-19,19.76843093465943,19.76843093465943,19.107033617142942,19.327499389648438,489200,0.0,0
1996-11-20,19.400987126277045,19.47447571387658,18.886567013080306,19.107032775878906,515700,0.0,0
1996-11-21,19.107032775878906,19.107032775878906,18.81307842548077,19.107032775878906,198900,0.0,0
1996-11-22,19.180514904990126,19.694934844970703,19.107026342135757,19.694934844970703,273900,0.0,0
1996-11-25,19.694942119839464,19.841919299838267,19.547964939840664,19.768430709838867,135300,0.0,0
1996-11-26,19.621453752989098,19.621453752989098,19.254010798813272,19.327499389648438,183700,0.0,0
1996-11-27,19.254000024320522,19.32748857403167,19.107022924898228,19.180511474609375,115900,0.0,0
1996-11-29,19.180522075919217,19.180522075919217,18.96005630493164,18.96005630493164,106400,0.0,0
1996-12-02,18.96005666116796,19.107033844587868,18.813079477748055,18.886568069458008,126700,0.0,0
1996-12-03,18.886568069458008,19.18052243629782,18.886568069458008,18.886568069458008,229300,0.0,0
1996-12-04,18.739581741392612,19.033535964787006,18.519116073846817,18.81307029724121,404800,0.0,0
1996-12-05,18.813079477748055,18.96005666116796,18.7395908860381,18.886568069458008,445700,0.0,0
1996-12-06,18.4456354874831,19.18052136347844,18.225169724684495,19.107032775878906,368700,0.0,0
1996-12-09,19.033535964787006,19.033535964787006,18.666093185544014,18.81307029724121,521300,0.0,0
1996-12-10,18.813076710137793,18.88656529103677,18.592610967440866,18.666099548339844,276700,0.0,0
1996-12-11,18.445630694192552,18.66609639970083,18.372142125689795,18.519119262695312,233500,0.0,0
1996-12-12,18.666093185544014,18.81307029724121,18.592604629695415,18.81307029724121,222300,0.0,0
1996-12-13,18.666099548339844,18.73958812923882,18.22516806294599,18.666099548339844,212700,0.0,0
1996-12-16,18.51911980537191,18.59260837602815,17.343302674872106,17.56376838684082,316400,0.0,0
1996-12-17,17.49028480498128,17.85772776306912,17.49028480498128,17.710750579833984,349600,0.0,0
1996-12-18,17.71074832569469,18.004702654751863,17.71074832569469,17.784236907958984,264100,0.0,0
1996-12-19,17.71074832569469,17.784236907958984,17.416793996637516,17.784236907958984,503700,0.0,0
1996-12-20,17.931216716766357,18.00470530986786,17.343307971954346,17.63726234436035,398300,0.0,0
1996-12-23,17.490278181482534,17.931209564208984,17.416789617694793,17.931209564208984,298300,0.0,0
1996-12-24,17.931205717455438,17.931205717455438,17.269808785254213,17.49027442932129,93400,0.0,0
1996-12-26,17.49028515815735,17.63726234436035,16.828887820243835,17.63726234436035,501800,0.0,0
1996-12-27,17.637255633318865,17.93120989387418,17.563767068180038,17.85772132873535,180000,0.0,0
1996-12-30,17.78423422241211,18.372142791748047,17.78423422241211,18.372142791748047,265500,0.0,0
1996-12-31,18.298650719137754,18.739582061767578,18.22516216203278,18.739582061767578,332500,0.0,0
1997-01-02,18.298653313022875,18.519119015589418,18.004699042934156,18.151676177978516,515700,0.0,0
1997-01-03,18.225170721156964,18.225170721156964,17.637261988216416,17.710750579833984,474400,0.0,0
1997-01-06,17.34329733327657,17.49027442932129,16.828877497120065,17.49027442932129,940700,0.0,0
1997-01-07,17.78423422241211,18.372142791748047,17.49027993774414,18.372142791748047,456800,0.0,0
1997-01-08,18.44563651919829,18.886568069458008,18.29865933577838,18.886568069458008,670500,0.0,0
1997-01-09,18.813075129693676,18.813075129693676,18.51912083079221,18.592609405517578,381000,0.0,0
1997-01-10,18.445632934570312,18.51912151199888,18.078190047427476,18.445632934570312,469100,0.0,0
1997-01-13,18.372143468549176,18.372143468549176,17.931212025303996,18.22516632080078,253500,0.0,0
1997-01-14,18.225163819359953,18.51911807451092,17.63725530905802,17.931209564208984,1723100,0.0,0
1997-01-15,17.931211364746094,18.372142791748047,17.8577227935791,18.372142791748047,792000,0.0,0
1997-01-16,18.445633805642917,18.666099548339844,18.298656643844964,18.666099548339844,838900,0.0,0
1997-01-17,18.519124075082633,19.107032775878906,18.4456354874831,19.107032775878906,781500,0.0,0
1997-01-20,19.254000024320522,19.54795422316511,19.107022924898228,19.180511474609375,675700,0.0,0
1997-01-21,19.107033844587868,19.254011028007774,18.592613702618195,18.886568069458008,1019500,0.0,0
1997-01-22,19.10702841622489,20.13586840786777,18.96005127456162,20.062379837036133,773100,0.0,0
1997-01-23,20.135874049764283,20.870759963989258,20.062385458341787,20.870759963989258,711900,0.0,0
1997-01-24,20.797271372566758,21.09122573825675,20.576805598299266,20.870759963989258,671100,0.0,0
1997-01-27,20.797263704497237,21.532149347765692,20.797263704497237,21.311683654785156,898300,0.0,0
1997-01-28,21.311690578721976,21.532156343329444,21.164713402316995,21.458667755126953,856600,0.0,0
1997-01-29,21.60564613342285,21.899600502585066,21.38518035655119,21.60564613342285,513200,0.0,0
1997-01-30,21.532156343329444,21.605644931531934,21.385179166924466,21.458667755126953,586300,0.0,0
1997-01-31,22.04657646074687,22.04657646074687,21.385179166924466,21.458667755126953,1103600,0.0,0
1997-02-03,21.45866187696355,21.53215044503534,20.50331049203024,20.650287628173828,1423600,0.0,0
1997-02-04,20.65029328489957,21.679133519734425,20.65029328489957,21.458667755126953,6380900,0.0,0
1997-02-05,21.67912548312555,21.826102605045048,21.238194117367065,21.532148361206055,1567800,0.0,0
1997-02-06,21.45866236735865,21.53215093710988,21.01773094885128,21.385173797607422,577800,0.0,0
1997-02-07,21.60564587821423,21.60564587821423,20.797271372566758,20.870759963989258,408900,0.0,0
1997-02-10,20.797271372566758,21.017737146834254,20.797271372566758,20.870759963989258,759600,0.0,0
1997-02-11,20.797263504356465,20.944240631595733,20.429820686258296,20.50330924987793,988500,0.0,0
1997-02-12,20.65028123821162,20.65028123821162,19.988884330226195,20.356327056884766,690800,0.0,0
1997-02-13,20.50331915025231,20.50331915025231,20.356341952042616,20.42983055114746,591100,0.0,0
1997-02-14,20.50331915025231,20.72378494756685,20.356341952042616,20.42983055114746,616200,0.0,0
1997-02-18,20.50331479122764,20.944246292114258,20.50331479122764,20.944246292114258,781000,0.0,0
1997-02-19,21.164706782971397,21.899592435157903,21.017729652534097,21.679126739501953,1047900,0.0,0
1997-02-20,21.53215495996308,21.53215495996308,20.870757708633157,20.944246292114258,388900,0.0,0
1997-02-21,20.944246292114258,21.017734875595362,20.797269125152052,20.944246292114258,664200,0.0,0
1997-02-24,20.87075479825338,21.385174810886383,20.87075479825338,21.164709091186523,282700,0.0,0
1997-02-25,21.09121796180462,21.311683654785156,20.94424083315093,21.311683654785156,165100,0.0,0
1997-02-26,21.311685898724726,21.311685898724726,21.164708754595587,21.238197326660156,131400,0.0,0
1997-02-27,21.238197326660156,21.45866304285386,21.238197326660156,21.238197326660156,698100,0.0,0
1997-02-28,21.164709091186523,21.164709091186523,20.87075479825338,21.164709091186523,363400,0.0,0
1997-03-03,21.017737146834254,21.238202921101745,19.91540827549679,20.870759963989258,849400,0.0,0
1997-03-04,20.944252755532418,21.164718574011705,20.723786937053127,20.79727554321289,293800,0.0,0
1997-03-05,20.870757363059305,21.826108932495117,20.870757363059305,21.826108932495117,877300,0.0,0
1997-03-06,21.899595803772378,22.26703868638601,21.752618650726927,22.19355010986328,578300,0.0,0
1997-03-07,21.899595803772378,22.340527262908733,21.60564149768147,22.19355010986328,862800,0.0,0
1997-03-10,22.193550796508788,22.267039375305174,21.826107902526854,22.046573638916016,332600,0.0,0
1997-03-11,21.899599918099337,22.193554279416105,21.899599918099337,22.120065689086914,350100,0.0,0
1997-03-12,22.487503051757812,22.707968767951517,22.414014479693243,22.487503051757812,841300,0.0,0
1997-03-13,22.04656878721367,22.707965850830078,21.899591661965577,22.707965850830078,616300,0.0,0
1997-03-14,22.781463861465454,22.781463861465454,22.267043709754944,22.340532302856445,356700,0.0,0
1997-03-17,22.340523360611556,22.78145474272889,22.19354623323911,22.634477615356445,395200,0.0,0
1997-03-18,22.854945571104167,22.854945571104167,22.487502716263265,22.560991287231445,376200,0.0,0
1997-03-19,22.560975254172146,22.560975254172146,22.193532660455986,22.26702117919922,126000,0.0,0
1997-03-20,22.267043709754944,22.63448667526245,22.193555116653442,22.340532302856445,460200,0.0,0
1997-03-21,22.193551843816582,22.34052900834517,21.826108932495117,21.826108932495117,300700,0.0,0
1997-03-24,21.8995987244673,22.193553069762164,21.752621551819868,21.973087310791016,165000,0.0,0
1997-03-25,22.04657589711473,22.04657589711473,21.67913296549615,21.973087310791016,377800,0.0,0
1997-03-26,22.19353796171662,22.19353796171662,21.826095280231243,21.89958381652832,170200,0.0,0
1997-03-27,21.75262451171875,21.97309030068887,21.75262451171875,21.75262451171875,241800,0.0,0
1997-03-31,21.458668695369237,21.752623061059225,20.870759963989258,20.870759963989258,377800,0.0,0
1997-04-01,20.944243038401886,21.311685898724726,20.870754466337317,21.238197326660156,302700,0.0,0
1997-04-02,21.23820027438077,21.311688856645063,20.944245945323598,21.01773452758789,289100,0.0,0
1997-04-03,20.944245419603714,20.944245419603714,20.356336776246415,20.723779678344727,687700,0.0,0
1997-04-04,20.57680303400213,21.01773452758789,20.57680303400213,21.01773452758789,512000,0.0,0
1997-04-07,20.944243371486664,21.3116862376531,20.944243371486664,21.164709091186523,184800,0.0,0
1997-04-08,21.164714579679526,21.60564613342285,21.091225987388974,21.60564613342285,415200,0.0,0
1997-04-09,21.605647319072002,21.899601704365498,21.605647319072002,21.75262451171875,229200,0.0,0
1997-04-10,21.605644931531934,21.679133519734425,21.311690578721976,21.458667755126953,297800,0.0,0
1997-04-11,21.385176902121685,21.385176902121685,20.723779678344727,20.723779678344727,211300,0.0,0
1997-04-14,18.66609350466261,19.033536290187463,18.66609350466261,18.739582061767578,5421500,0.0,0
1997-04-15,18.960055600679837,19.47447571387658,18.886567013080306,19.107032775878906,2816600,0.0,0
1997-04-16,19.180514272054037,19.84191131591797,19.180514272054037,19.84191131591797,1022600,0.0,0
1997-04-17,19.9888916015625,20.135868745691635,19.768425885368796,19.9888916015625,834300,0.0,0
1997-04-18,19.988889096388178,19.988889096388178,19.694934844970703,19.694934844970703,642800,0.0,0
1997-04-21,19.694941269723994,19.694941269723994,19.547964096069336,19.547964096069336,381900,0.0,0
1997-04-22,19.547965162153933,19.621453752989098,19.254010798813272,19.327499389648438,938400,0.0,0
1997-04-23,19.3274901881814,19.3274901881814,18.666093185544014,18.81307029724121,1372200,0.0,0
1997-04-24,18.960052279144406,19.033540853869773,18.37214368134148,18.592609405517578,1383700,0.0,0
1997-04-25,18.592612208152303,18.592612208152303,17.343306249501754,18.004703521728516,894500,0.0,0
1997-04-28,18.004700599178193,18.29865489467498,17.7842348775556,18.22516632080078,655200,0.0,0
1997-04-29,18.445632852653922,18.886564315267165,18.37214427555172,18.822261810302734,1137900,0.0,0
1997-04-30,18.886566322268422,19.254009246826172,18.81307773735687,19.254009246826172,778300,0.0,0
1997-05-01,19.25400821038012,19.547962534202718,19.180519629424474,19.47447395324707,407100,0.0,0
1997-05-02,19.47446851377134,19.84191131591797,19.47446851377134,19.84191131591797,548300,0.0,0
1997-05-05,19.841917211359196,20.282848704944957,19.841917211359196,20.209360122680664,413300,0.0,0
1997-05-06,20.20936070131452,20.503315038788184,20.20936070131452,20.43901252746582,1105900,0.0,0
1997-05-07,20.50331915025231,20.50331915025231,20.282853352937767,20.42983055114746,603400,0.0,0
1997-05-08,20.42981560221648,20.42981560221648,20.282838511553052,20.356327056884766,632700,0.0,0
1997-05-09,20.356334120362668,20.356334120362668,19.768425553709594,20.062379837036133,948900,0.0,0
1997-05-12,20.062388198402097,20.062388198402097,19.47447938672731,19.9154109954834,748400,0.0,0
1997-05-13,19.915400740920855,20.576797813497564,19.84191217730122,20.50330924987793,1034900,0.0,0
1997-05-14,20.576799060102033,20.72377619624562,20.356333355886655,20.650287628173828,1181800,0.0,0
1997-05-15,20.79726878079501,21.01773452758789,20.72378019853072,21.01773452758789,818200,0.0,0
1997-05-16,21.311683654785156,21.311683654785156,21.09121796180462,21.311683654785156,932500,0.0,0
1997-05-19,21.311690433515487,21.458667608919043,20.9442474950066,21.091224670410156,742900,0.0,0
1997-05-20,21.017734875595362,21.091223459076463,20.72378054167095,20.944246292114258,623500,0.0,0
1997-05-21,20.87075479825338,21.164709091186523,20.87075479825338,21.164709091186523,598300,0.0,0
1997-05-22,21.09122018253102,21.238197326660156,21.054475896498737,21.238197326660156,476600,0.0,0
1997-05-23,21.238197326660156,21.238197326660156,21.164708754595587,21.238197326660156,500200,0.0,0
1997-05-27,21.09122051795324,21.164709091186523,20.87075479825338,21.164709091186523,572700,0.0,0
1997-05-28,21.164709091186523,21.23819766441981,21.09122051795324,21.164709091186523,564500,0.0,0
1997-05-29,21.164706526131464,21.311683654785156,21.164706526131464,21.311683654785156,192700,0.0,0
1997-05-30,21.23819509045831,21.458660783438845,21.09121796180462,21.311683654785156,423100,0.0,0
1997-06-02,21.45865259874587,21.89958381652832,21.45865259874587,21.89958381652832,510900,0.0,0
1997-06-03,21.899600744247437,22.340532302856445,21.826112151145935,22.340532302856445,700800,0.0,0
1997-06-04,22.267034475085804,22.781454413454124,22.267034475085804,22.707965850830078,609900,0.0,0
1997-06-05,22.707966441925343,23.07540926461022,22.707966441925343,23.001920700073242,990100,0.0,0
1997-06-06,23.001926770577064,23.001926770577064,22.85494960271395,22.928438186645508,1764500,0.0,0
1997-06-09,22.928431538702213,22.928431538702213,22.267034475085804,22.707965850830078,495500,0.0,0
1997-06-10,22.78144081040184,22.854929329145072,22.26702117919922,22.26702117919922,629300,0.0,0
1997-06-11,22.193546696032506,22.193546696032506,21.458661043846,21.679126739501953,860700,0.0,0
1997-06-12,21.752615304720603,21.752615304720603,21.6056381742833,21.679126739501953,628500,0.0,0
1997-06-13,21.67913074493408,22.046573638916016,21.605642166137695,22.046573638916016,1420400,0.0,0
1997-06-16,22.12006627945673,22.12006627945673,21.532157541132296,21.60564613342285,682700,0.0,0
1997-06-17,21.6056381742833,21.752615304720603,21.53214960906465,21.679126739501953,1144000,0.0,0
1997-06-18,21.679126739501953,21.752615304720603,21.53214960906465,21.679126739501953,632900,0.0,0
1997-06-19,21.679118207637096,21.89958381652832,21.60562967134002,21.89958381652832,1055700,0.0,0
1997-06-20,21.7526140440853,21.826102605045048,21.45865980024631,21.532148361206055,944100,0.0,0
1997-06-23,21.532148361206055,21.605636922165804,21.45865980024631,21.532148361206055,1153000,0.0,0
1997-06-24,21.532158722748626,21.75262451171875,21.458670126425254,21.75262451171875,411700,0.0,0
1997-06-25,21.60564149768147,22.19355010986328,21.60564149768147,22.19355010986328,686600,0.0,0
1997-06-26,22.156805821601917,22.63448156899964,21.973084380295102,22.19355010986328,663200,0.0,0
1997-06-27,22.48750870781636,22.48750870781636,22.12006575507426,22.303787231445312,379500,0.0,0
1997-06-30,22.193545912461758,22.707965850830078,22.193545912461758,22.707965850830078,564100,0.0,0
1997-07-01,22.70796831253127,22.818201168417346,22.34052545957769,22.377269744873047,485700,0.0,0
1997-07-02,22.340526351308434,22.634480645404597,22.340526351308434,22.597736358642578,381200,0.0,0
1997-07-03,22.707972434850838,23.001926770577064,22.707972434850838,22.928438186645508,323100,0.0,0
1997-07-07,22.78145644676245,23.075410723494873,22.634479308396244,22.89168930053711,658600,0.0,0
1997-07-08,22.928434594572533,23.29587745666504,22.85494602215403,23.29587745666504,792200,0.0,0
1997-07-09,23.29587802734375,23.332622314453126,22.92843515625,22.965179443359375,565100,0.0,0
1997-07-10,22.928442863404282,23.332630157470703,22.928442863404282,23.332630157470703,890400,0.0,0
1997-07-11,23.332630202174187,23.553095999360085,23.295885902643203,23.5163516998291,946100,0.0,0
1997-07-14,23.516352907718606,23.8470516204834,23.442864304881986,23.8470516204834,924700,0.0,0
1997-07-15,23.88379482822564,24.434959324261616,23.88379482822564,24.067516326904297,793000,0.0,0
1997-07-16,24.104264858953968,24.545196533203125,24.104264858953968,24.545196533203125,592500,0.0,0
1997-07-17,24.54517284433345,24.54517284433345,24.4349400321583,24.5084285736084,575500,0.0,0
1997-07-18,24.471692914861777,24.508437198517722,24.14099436195824,24.28797149658203,669800,0.0,0
1997-07-21,23.957274833821362,23.957274833821362,23.626576254826897,23.663320541381836,301100,0.0,0
1997-07-22,23.516345724256183,23.810300045809385,23.516345724256183,23.773555755615234,519700,0.0,0
1997-07-23,23.810289724981896,24.214476741918315,23.810289724981896,24.177732467651367,382300,0.0,0
1997-07-24,24.10424550374349,24.10424550374349,23.58982563018799,23.810291290283203,203400,0.0,0
1997-07-25,23.847045549782372,23.957278425975513,23.773556965653615,23.920534133911133,194000,0.0,0
1997-07-28,23.95727720658599,23.95727720658599,23.589834304644484,23.773555755615234,436500,0.0,0
1997-07-29,23.736811306480213,24.251231365753778,23.66332272658399,24.214487075805664,444600,0.0,0
1997-07-30,24.214493525847224,24.50844792373308,24.030772027168567,24.067516326904297,786500,0.0,0
1997-07-31,24.06750849051069,24.06750849051069,23.626577037249422,23.70006561279297,555000,0.0,0
1997-08-01,23.663317713244208,23.663317713244208,23.40610773810025,23.442852020263672,378700,0.0,0
1997-08-04,23.406107352555164,24.030760139044077,23.22238594476431,23.957271575927734,415500,0.0,0
1997-08-05,23.957271575927734,24.030760139044077,23.84703873125322,23.957271575927734,186500,0.0,0
1997-08-06,24.10426561485766,24.912640376331545,24.10426561485766,24.765663146972656,1216300,0.0,0
1997-08-07,24.728905611782608,25.096348488629303,24.58192846104393,24.949371337890625,770500,0.0,0
1997-08-08,24.949372807903405,25.059605677452314,24.76565135865522,24.839139938354492,867700,0.0,0
1997-08-11,24.765650275259308,24.802394563501533,24.21448595162594,24.251230239868164,823200,0.0,0
1997-08-12,24.104264858953968,24.728918064140274,24.104264858953968,24.545196533203125,815200,0.0,0
1997-08-13,24.581940839390555,24.655429451765414,24.545196533203125,24.545196533203125,477100,0.0,0
1997-08-14,24.545179413586126,24.545179413586126,24.030759485756477,24.104248046875,386600,0.0,0
1997-08-15,24.10425614337532,24.10425614337532,23.332625992444097,23.40611457824707,473000,0.0,0
1997-08-18,23.479603164050044,23.589836042754506,23.332625992444097,23.40611457824707,358000,0.0,0
1997-08-19,23.442858521367462,23.516347106073944,23.33262564430774,23.479602813720703,753900,0.0,0
1997-08-20,23.3693653856005,24.69215965270996,23.3693653856005,24.69215965270996,1407700,0.0,0
1997-08-21,24.618668255505263,24.986111065288924,24.3614582886567,24.471691131591797,1585600,0.0,0
1997-08-22,24.398208618164062,24.398208618164062,24.104254297463292,24.398208618164062,748000,0.0,0
1997-08-25,24.398203030117248,24.692157283492154,24.17773734008607,24.581924438476562,690100,0.0,0
1997-08-26,24.581929909407037,24.839139938354492,24.581929909407037,24.839139938354492,818000,0.0,0
1997-08-27,24.83914346541353,25.09635353088379,24.361467629540194,25.09635353088379,1647000,0.0,0
1997-08-28,24.765648223104932,24.802392508302418,24.618671082314993,24.69215965270996,856400,0.0,0
1997-08-29,24.618671082314993,24.802392508302418,24.54518251192002,24.69215965270996,512700,0.0,0
1997-09-02,24.8391517616521,25.13310622036988,24.692174532293212,24.765663146972656,1157900,0.0,0
1997-09-03,24.839138474836616,24.949371337890625,24.69216132409794,24.949371337890625,1839600,0.0,0
1997-09-04,24.949368642846395,25.133090061424053,24.875880075415328,24.91262435913086,1125000,0.0,0
1997-09-05,24.912625363894872,24.912625363894872,24.32471680073511,24.69215965270996,530500,0.0,0
1997-09-08,24.65542019522467,25.280073165893555,24.60030375663624,25.280073165893555,954300,0.0,0
1997-09-09,25.133098723221924,25.5372859833907,25.096354426842947,25.50054168701172,817100,0.0,0
1997-09-10,25.500528960486083,25.941460296978637,25.31680757028085,25.794483184814453,643300,0.0,0
1997-09-11,25.721006547025844,25.721006547025844,25.09635353088379,25.09635353088379,865000,0.0,0
1997-09-12,25.096348253700544,25.35355826508547,24.986115391678435,25.206581115722656,479700,0.0,0
1997-09-15,25.133101238923913,25.24333413909463,24.692169638241037,24.98612403869629,395600,0.0,0
1997-09-16,24.986117190726528,25.059605770699253,24.692162870835627,25.02286148071289,670000,0.0,0
1997-09-17,24.949371542743744,25.574024438511998,24.949371542743744,25.316814422607422,1017300,0.0,0
1997-09-18,24.839145246621936,24.949378139728246,24.10425929257987,24.728912353515625,1641300,0.0,0
1997-09-19,25.09636112601457,25.09636112601457,23.994031940391675,24.545196533203125,1617800,0.0,0
1997-09-22,24.618667602539062,24.80238900255801,24.471690482523904,24.618667602539062,599700,0.0,0
1997-09-23,24.655412255263908,24.655412255263908,23.847038082960175,24.104248046875,494000,0.0,0
1997-09-24,23.95727064292128,24.10424776343,23.62657212177666,23.736804962158203,610300,0.0,0
1997-09-25,23.70006199540763,23.70006199540763,23.369363455936824,23.442852020263672,1254100,0.0,0
1997-09-26,23.70006199540763,23.70006199540763,23.442852020263672,23.442852020263672,645700,0.0,0
1997-09-29,23.442857143867883,23.883788626197685,23.442857143867883,23.773555755615234,742700,0.0,0
1997-09-30,23.626573431080786,23.810294841897896,23.442852020263672,23.442852020263672,463700,0.0,0
1997-10-01,23.516343173920546,23.626576032548297,23.29587745666504,23.29587745666504,533200,0.0,0
1997-10-02,23.369363388577522,23.479596234750055,22.56098918331226,22.818199157714844,702200,0.0,0
1997-10-03,22.818200731354004,23.075410723494873,22.818200731354004,22.89168930053711,971700,0.0,0
1997-10-06,23.001918133174147,23.810292252870365,23.001918133174147,23.589826583862305,508500,0.0,0
1997-10-07,23.66332031875755,23.81029746359455,23.001923166991034,23.29587745666504,1050600,0.0,0
1997-10-08,23.29587489160998,23.626573431080786,23.148897762956288,23.442852020263672,1015400,0.0,0
1997-10-09,23.22239730358124,23.663328897953033,23.075420105457308,23.5163516998291,653900,0.0,0
1997-10-10,23.369374456931286,23.70007315207654,23.22239725908895,23.332630157470703,1123400,0.0,0
1997-10-13,23.332621406459207,23.406109977818133,23.222388549420817,23.369365692138672,262300,0.0,0
1997-10-14,23.369360914854244,23.626570862030313,23.332616636686236,23.589826583862305,411800,0.0,0
1997-10-15,23.442849471190264,23.663315140198325,23.442849471190264,23.589826583862305,199800,0.0,0
1997-10-16,23.553090014450333,23.773555755615234,23.553090014450333,23.773555755615234,266800,0.0,0
1997-10-17,23.77356220737772,23.77356220737772,23.442863505884056,23.626585006713867,1493200,0.0,0
1997-10-20,23.663321325021197,23.810298476108283,23.479599886162337,23.70006561279297,2233100,0.0,0
1997-10-21,24.54519222346881,24.54519222346881,23.994027727432833,24.067516326904297,688000,0.0,0
1997-10-22,23.92052412033081,24.030756950378418,23.516337076822918,23.810291290283203,1485900,0.0,0
1997-10-23,23.51634158363825,23.66331871853599,23.075410178945035,23.222387313842773,565200,0.0,0
1997-10-24,23.369364147343912,23.442852713844992,22.23029136657715,22.23029136657715,620400,0.0,0
1997-10-27,21.67913649926843,21.715880798419732,21.017739114544987,21.05448341369629,774700,0.0,0
1997-10-28,21.054475233726894,21.385173797607422,20.20935668158777,21.385173797607422,1890900,0.0,0
1997-10-29,21.752628685062767,22.193560347597824,21.495418548583984,21.495418548583984,932300,0.0,0
1997-10-30,20.87076021051731,21.973089094875622,20.576805841355096,21.60564613342285,1221900,0.0,0
1997-10-31,22.193556089658994,22.193556089658994,21.75262451171875,21.75262451171875,992500,0.0,0
1997-11-03,22.120064483438448,22.303785949247736,21.752621551819868,21.973087310791016,393900,0.0,0
1997-11-04,21.97308850842853,22.193554279416105,21.75262273744095,22.120065689086914,489400,0.0,0
1997-11-05,22.156805378030025,22.267038240607288,21.973083940401253,22.083316802978516,425600,0.0,0
1997-11-06,21.752615040746228,22.04656929805361,20.613542293680126,21.311683654785156,1804100,0.0,0
1997-11-07,21.164711269630395,22.08331852959699,21.01773410803574,21.71587562561035,1125400,0.0,0
1997-11-10,21.642395769429005,21.67914007464026,21.091231191260185,21.495418548583984,1512900,0.0,0
1997-11-11,21.899592435157903,22.120058130813856,21.568893891673977,21.679126739501953,606400,0.0,0
1997-11-12,21.38517580568486,21.605641535640373,21.238198652381183,21.568897247314453,793600,0.0,0
1997-11-13,21.53215093710988,21.82610521611479,21.01773094885128,21.385173797607422,944900,0.0,0
1997-11-14,21.385179021217265,21.385179021217265,21.091224670410156,21.091224670410156,309800,0.0,0
1997-11-17,21.164713402316995,21.605644931531934,21.091224814114508,21.458667755126953,889000,0.0,0
1997-11-18,21.38517275541342,21.60563845392284,20.83400850913988,20.980985641479492,924200,0.0,0
1997-11-19,20.87075683918405,21.20145545107253,20.28284819582675,20.723779678344727,865400,0.0,0
1997-11-20,20.944246121815272,20.944246121815272,20.429826041630335,20.57680320739746,645700,0.0,0
1997-11-21,20.723780373164587,20.944246121815272,20.503314624513898,20.57680320739746,496500,0.0,0
1997-11-24,20.540053531687747,20.540053531687747,20.099122149969944,20.50330924987793,1674900,0.0,0
1997-11-25,20.35633446188534,20.466567319982193,19.91540302949793,19.9888916015625,806500,0.0,0
1997-11-26,19.952159888748827,19.952159888748827,19.511228178500232,19.584716796875,1103700,0.0,0
1997-11-28,19.547959830675325,19.69493697225935,19.364238403695293,19.437726974487305,412100,0.0,0
1997-12-01,19.5112192940166,19.58470787892815,19.180520661914624,19.254009246826172,1159800,0.0,0
1997-12-02,19.217266284843358,19.95215218483737,19.217266284843358,19.768430709838867,1661000,0.0,0
1997-12-03,19.621456589646005,19.9154109954834,19.254013582349263,19.9154109954834,1677100,0.0,0
1997-12-04,20.209351399016846,20.870748353893763,20.209351399016846,20.687026977539062,1802900,0.0,0
1997-12-05,20.576805598299266,21.164714329679246,20.576805598299266,20.870759963989258,817700,0.0,0
1997-12-08,21.01773116402004,21.385174016537874,21.01773116402004,21.12796401977539,1897100,0.0,0
1997-12-09,21.05447437871769,21.78936004638672,20.907497245183883,21.78936004638672,1704800,0.0,0
1997-12-10,22.267036462480718,22.928433585128662,22.046570754931405,22.89168930053711,1734000,0.0,0
1997-12-11,22.891687257390192,23.00192010132626,22.560988725581986,22.707965850830078,960800,0.0,0
1997-12-12,22.92843448414522,23.4428544885972,22.707968767951517,23.11215591430664,963700,0.0,0
1997-12-15,23.148897561160002,23.479596097748,22.597733333513332,22.634477615356445,931900,0.0,0
1997-12-16,22.634481115864833,22.634481115864833,21.71587392772097,22.083316802978516,1288100,0.0,0
1997-12-17,21.97308659553528,22.928438186645508,21.75262084374061,22.928438186645508,1117700,0.0,0
1997-12-18,22.85494058839915,22.85494058839915,22.046566483986318,22.15679931640625,870900,0.0,0
1997-12-19,21.89959197849422,22.78145474272889,21.752614851121777,22.634477615356445,974800,0.0,0
1997-12-22,22.74470999501463,22.781454276105123,22.450755746290696,22.52424430847168,169400,0.0,0
1997-12-23,22.67123832702637,22.928448486328126,22.56100540161133,22.781471252441406,326700,0.0,0
1997-12-24,22.92843274833742,22.965177031587963,22.193547083326607,22.23029136657715,116600,0.0,0
1997-12-26,22.34053152671952,22.414020117267942,22.12006575507426,22.303787231445312,42200,0.0,0
1997-12-29,22.267044685982366,22.303788984144056,21.75262451171875,21.75262451171875,410100,0.0,0
1997-12-30,21.789367854595184,22.414020895957947,21.789367854595184,22.340532302856445,520100,0.0,0
1997-12-31,22.928441284568446,23.112162769220436,22.781464096846854,23.07541847229004,703700,0.0,0
1998-01-02,22.781471252441406,22.928448486328126,22.34053955078125,22.781471252441406,285200,0.0,0
1998-01-05,22.634479858199626,22.744712714651897,22.414014145295084,22.560991287231445,396500,0.0,0
1998-01-06,22.377267773024702,23.075409132117425,22.230290644794653,22.818199157714844,500200,0.0,0
1998-01-07,22.744715080075753,22.744715080075753,22.30378360841031,22.671226501464844,703700,0.0,0
1998-01-08,22.52424940109253,22.52424940109253,21.86285219192505,22.046573638916016,1429200,0.0,0
1998-01-09,22.046569565595206,22.046569565595206,20.870752522096794,21.679126739501953,504200,0.0,0
1998-01-12,21.164709091186523,21.385174810886383,20.613544791936874,21.164709091186523,842300,0.0,0
1998-01-13,21.164708754595587,21.45866304285386,21.09122018253102,21.238197326660156,522500,0.0,0
1998-01-14,21.164706782971397,21.826103869939253,21.091218217752747,21.679126739501953,1143400,0.0,0
1998-01-15,21.679113029253365,22.41399821668568,21.64236876988175,22.26702117919922,2115700,0.0,0
1998-01-16,22.34052421632877,22.450757066080392,22.120058516825527,22.23029136657715,527200,0.0,0
1998-01-20,21.826113108042122,22.267044685982366,21.75262451171875,21.75262451171875,958000,0.0,0
1998-01-21,21.752617331112134,21.789361617144415,21.127964468563306,21.238197326660156,1594800,0.0,0
1998-01-22,21.164707056904007,21.23819562307381,20.650287093715367,20.980985641479492,1238600,0.0,0
1998-01-23,20.944243381616257,21.127964814788328,20.540056228637695,20.540056228637695,1412900,0.0,0
1998-01-26,20.576807749357155,20.72378494756685,20.356341952042616,20.42983055114746,1286200,0.0,0
1998-01-27,20.57680320739746,20.83401324748993,20.429826041630335,20.57680320739746,783800,0.0,0
1998-01-28,20.42982227715504,21.238196539920168,20.42982227715504,21.201452255249023,1810100,0.0,0
1998-01-29,21.20145237322935,21.64238379173672,21.164708088353738,21.385173797607422,909500,0.0,0
1998-01-30,21.532157541132296,21.75262331800396,21.421924652696465,21.60564613342285,729000,0.0,0
1998-02-02,21.60564613342285,22.12006627945673,21.311691764260633,21.60564613342285,824300,0.0,0
1998-02-03,21.53215195735296,21.53215195735296,20.246101925770443,21.164709091186523,3691900,0.0,0
1998-02-04,21.164709535905114,21.605640984569806,21.127965248516393,21.27494239807129,2109600,0.0,0
1998-02-05,21.274941951036453,21.3116862376531,21.01773194471995,21.164709091186523,2746900,0.0,0
1998-02-06,21.164708305027172,21.164708305027172,20.870754023012907,21.12796401977539,621400,0.0,0
1998-02-09,21.091227943091084,21.091227943091084,20.42983055114746,20.42983055114746,1278000,0.0,0
1998-02-10,20.356334795465624,20.687033375175353,20.356334795465624,20.540056228637695,2469900,0.0,0
1998-02-11,20.57679941583961,21.385173678604733,20.57679941583961,21.201452255249023,1699700,0.0,0
1998-02-12,21.164706341632,22.818199024572,21.164706341632,22.634477615356445,2638600,0.0,0
1998-02-13,22.48750870781636,22.48750870781636,22.23029864089689,22.303787231445312,985600,0.0,0
1998-02-17,22.303765438570835,22.744696551030223,22.230276919827602,22.26702117919922,689600,0.0,0
1998-02-18,22.267036888986972,22.560991171349837,22.230292603691616,22.377269744873047,423900,0.0,0
1998-02-19,22.377269744873047,22.634479741940556,22.34052545957769,22.377269744873047,644800,0.0,0
1998-02-20,22.340527262908733,22.560992992476912,22.19355010986328,22.19355010986328,716800,0.0,0
1998-02-23,22.267038725506914,22.267038725506914,21.532152958988533,21.568897247314453,2255100,0.0,0
1998-02-24,21.16470961483465,22.30378252813304,20.723778164525594,22.083316802978516,1798600,0.0,0
1998-02-25,22.083312935385774,22.781454276105123,21.826102967752327,22.52424430847168,1449000,0.0,0
1998-02-26,22.854947654021885,23.663322008344203,22.78145907635622,23.553089141845703,1510900,0.0,0
1998-02-27,23.553084107132648,24.839133941375458,23.51633982615428,24.471691131591797,2304400,0.0,0
1998-03-02,24.104254297463292,24.545185778514448,23.9940214272005,24.398208618164062,1807600,0.0,0
1998-03-03,24.324727538921433,24.545193347431297,23.663330113391847,23.8470516204834,901100,0.0,0
1998-03-04,23.88378705165183,24.030764202738915,23.626577037249422,23.70006561279297,357900,0.0,0
1998-03-05,23.7000646049668,23.847041749803804,23.222388884246538,23.29587745666504,944500,0.0,0
1998-03-06,23.148897226574352,23.406107195758512,22.414011600333897,22.707965850830078,1960200,0.0,0
1998-03-09,22.560998315264467,23.516350035454817,22.26704393982128,23.07541847229004,1654300,0.0,0
1998-03-10,23.07540926461022,23.51634065183207,22.634477877388367,23.001920700073242,1121400,0.0,0
1998-03-11,23.810301470202067,25.904726136562434,23.589835715848345,25.280073165893555,19231900,0.0,0
1998-03-12,25.978201741642422,26.45587730407715,25.72099182340834,26.45587730407715,5126200,0.0,0
1998-03-13,26.455896744156945,26.5661296472576,26.125198034854986,26.382408142089844,2143600,0.0,0
1998-03-16,26.45588978477146,27.043798446655273,26.41914549340372,27.043798446655273,1703700,0.0,0
1998-03-17,27.043802026758858,27.558222174006985,27.007057730526846,27.48473358154297,1701100,0.0,0
1998-03-18,27.2642641948617,27.30100848622944,26.823332698448844,27.043798446655273,1473000,0.0,0
1998-03-19,27.190769268916206,27.190769268916206,26.71309359257038,26.74983787536621,472600,0.0,0
1998-03-20,26.786588235334918,26.896821108731356,26.63961107080633,26.676355361938477,359500,0.0,0
1998-03-23,26.676359476399853,26.676359476399853,26.272172211605916,26.41914939880371,575600,0.0,0
1998-03-24,26.38238875601027,26.49262157811059,26.30890020794339,26.45587730407715,868500,0.0,0
1998-03-25,26.455881298006332,26.60285841632859,26.01494994303956,26.198671340942383,927400,0.0,0
1998-03-26,25.794499325553023,26.382408142089844,25.794499325553023,26.382408142089844,883400,0.0,0
1998-03-27,26.455895336479887,26.933571224499662,26.455895336479887,26.860082626342773,1362100,0.0,0
1998-03-30,26.86007172645294,26.86007172645294,26.419140316442768,26.529373168945312,383100,0.0,0
1998-03-31,26.455881298006332,26.60285841632859,26.198671340942383,26.198671340942383,889200,0.0,0
1998-04-01,26.272167905778872,26.970309430547818,26.272167905778872,26.933565139770508,1365400,0.0,0
1998-04-02,27.26425251739704,27.888905203105598,27.227508241767126,27.741928100585938,1176500,0.0,0
1998-04-03,27.48472815197386,28.182869642465175,27.48472815197386,28.035892486572266,1403700,0.0,0
1998-04-06,27.96239312112881,28.182858769915633,27.631694647948574,27.888904571533203,323000,0.0,0
1998-04-07,27.778684274010036,27.88891714811325,26.93356557255206,27.043798446655273,648700,0.0,0
1998-04-08,27.154020468393963,27.154020468393963,26.786577701568604,26.89681053161621,1230400,0.0,0
1998-04-09,27.11728186761179,27.668446133213656,27.007049014491418,27.33774757385254,876000,0.0,0
1998-04-13,27.337758700476186,27.631713095104963,27.30101440114759,27.594968795776367,915100,0.0,0
1998-04-14,27.631709751585362,28.91776007247032,27.631709751585362,28.88101577758789,1537500,0.0,0
1998-04-15,28.881007931722518,29.13821792602539,28.403332228017184,29.13821792602539,853900,0.0,0
1998-04-16,29.138211246613533,29.17495552309098,28.329837164109755,28.47681427001953,1351700,0.0,0
1998-04-17,28.58706015018576,28.660548736690096,28.25636151091626,28.550315856933594,452200,0.0,0
1998-04-20,28.47683560103178,28.47683560103178,28.18288116902113,28.21962547302246,328300,0.0,0
1998-04-21,28.21960922359496,28.440074920654297,27.962399243692403,28.440074920654297,650600,0.0,0
1998-04-22,28.440078631179077,28.51356720645344,28.1828686177188,28.256357192993164,524200,0.0,0
1998-04-23,28.182871811187667,28.587059020996094,28.1461275193869,28.587059020996094,643000,0.0,0
1998-04-24,28.587059995807913,28.587059995807913,27.96240701389437,28.182872772216797,1280500,0.0,0
1998-04-27,27.631713326685436,27.631713326685436,26.419151438679293,26.97031593322754,970300,0.0,0
1998-04-28,27.411241360332653,27.411241360332653,26.67635553297789,27.043798446655273,829200,0.0,0
1998-04-29,27.30101440114759,27.852178891076544,26.896827108533024,27.594968795776367,1468900,0.0,0
1998-04-30,27.59496288906996,28.917757381755074,27.59496288906996,28.844268798828125,1488000,0.0,0
1998-05-01,28.7340359244377,28.917757381755074,28.47682588419337,28.844268798828125,1265800,0.0,0
1998-05-04,28.77078289294061,28.88101577758789,28.513572828763618,28.88101577758789,1062400,0.0,0
1998-05-05,28.881008030968346,28.917752315995024,28.58705375075493,28.69728660583496,1266200,0.0,0
1998-05-06,28.84427255239242,28.917761144882594,28.623806774921906,28.660551071166992,739300,0.0,0
1998-05-07,28.55031581157737,29.395434555034615,28.513571518383575,29.35869026184082,1675900,0.0,0
1998-05-08,29.35868589977549,29.35868589977549,28.66054443282213,29.06473159790039,778000,0.0,0
1998-05-11,28.954493172803716,29.24844741821289,28.954493172803716,29.24844741821289,1142000,0.0,0
1998-05-12,29.174956973718135,29.28518980863143,28.660537077456105,28.807514190673828,970500,0.0,0
1998-05-13,28.660548736690096,28.844270202950927,28.36659439067276,28.550315856933594,1505400,0.0,0
1998-05-14,28.58705172096331,29.027983109975597,28.403330308874857,28.51356315612793,911100,0.0,0
1998-05-15,28.366602689027786,28.51357990503311,28.21962547302246,28.21962547302246,446800,0.0,0
1998-05-18,28.25636750010701,28.440089005309265,28.182878898026107,28.29311180114746,723100,0.0,0
1998-05-19,28.329858385026455,28.329858385026455,28.072648257017136,28.21962547302246,996000,0.0,0
1998-05-20,28.14613536236042,28.550322684796406,27.99915815420188,28.329856872558594,921000,0.0,0
1998-05-21,28.219619140625003,28.219619140625003,27.521477521260582,27.5582218170166,746800,0.0,0
1998-05-22,27.558218612362015,27.558218612362015,27.117287114564224,27.227519989013672,628400,0.0,0
1998-05-26,27.411241360332653,27.558218525803607,27.043798446655273,27.043798446655273,584100,0.0,0
1998-05-27,26.749836383886326,27.594954841069548,26.45588213790955,27.301000595092773,1241400,0.0,0
1998-05-28,27.22751152769048,27.925652848913316,27.22751152769048,27.631698608398438,778400,0.0,0
1998-05-29,27.63169527369619,27.741928100585938,27.48471817117653,27.741928100585938,764500,0.0,0
1998-06-01,27.63169527369619,27.888905203105598,27.594950998066277,27.741928100585938,551000,0.0,0
1998-06-02,27.66845739443356,27.705201693762156,27.374502999804783,27.594968795776367,1049200,0.0,0
1998-06-03,27.594951788584392,27.594951788584392,26.749833424886067,26.89681053161621,978700,0.0,0
1998-06-04,27.007053721325132,27.043798012102446,26.566122231997376,26.933565139770508,779700,0.0,0
1998-06-05,27.007045389335847,27.631698139837493,26.97030110989457,27.521465301513672,886400,0.0,0
1998-06-08,27.631712470958437,28.18287694843766,27.631712470958437,28.10938835144043,582300,0.0,0
1998-06-09,27.999143526535626,28.440074920654297,27.888910678005956,28.440074920654297,604000,0.0,0
1998-06-10,28.366589950641412,28.403334238142243,27.999147075633104,28.072635650634766,537200,0.0,0
1998-06-11,28.21961280063809,28.21961280063809,27.88891421313061,28.072635650634766,592200,0.0,0
1998-06-12,27.99913062897336,27.99913062897336,27.117268246958453,27.668432235717773,831800,0.0,0
1998-06-15,27.631707934399586,27.631707934399586,26.27216911315918,26.27216911315918,1661500,0.0,0
1998-06-16,26.6028494757575,27.227502018696555,26.6028494757575,27.190757751464844,890500,0.0,0
1998-06-17,27.3010000878192,27.705187168527157,27.22751152769048,27.631698608398438,522700,0.0,0
1998-06-18,27.594955503698614,27.594955503698614,27.04379127925723,27.154024124145508,389800,0.0,0
1998-06-19,27.00706635134287,27.52148666279702,27.00706635134287,27.447998046875,578900,0.0,0
1998-06-22,27.44797720807664,27.74193144859152,27.411232928012282,27.631698608398438,453300,0.0,0
1998-06-23,27.631713095104963,27.705201693762156,27.190781503161798,27.594968795776367,554000,0.0,0
1998-06-24,27.44798276312064,28.21961280063809,27.44798276312064,28.072635650634766,957500,0.0,0
1998-06-25,27.99915373875545,29.101482626108023,27.99915373875545,28.660551071166992,1069400,0.0,0
1998-06-26,28.587065759293363,28.697298660678815,27.96241265144248,27.999156951904297,1001600,0.0,0
1998-06-29,27.99914761775516,28.40333478809021,27.99914761775516,28.36659049987793,1010400,0.0,0
1998-06-30,28.36657445400576,29.174948337410072,28.329830186578295,29.027971267700195,1206400,0.0,0
1998-07-01,29.32193809770359,29.32193809770359,28.366586731111745,28.991239547729492,1876400,0.0,0
1998-07-02,28.917761144882594,28.95450544112768,28.623806774921906,28.660551071166992,335000,0.0,0
1998-07-06,28.587059995807913,28.587059995807913,27.96240701389437,28.182872772216797,833900,0.0,0
1998-07-07,28.18287417482177,28.91776007247032,28.109385585056916,28.88101577758789,808500,0.0,0
1998-07-08,28.88100903490265,30.350780487060547,28.58705474447107,30.350780487060547,1329100,0.0,0
1998-07-09,30.27729682066646,31.636835634215803,30.20380823615028,31.12241554260254,1265700,0.0,0
1998-07-10,31.159158087633326,31.159158087633326,30.314039413086668,30.681482315063477,1062200,0.0,0
1998-07-13,31.453120820727936,31.526609420776367,30.64474622019521,31.526609420776367,2782500,0.0,0
1998-07-14,31.783800580284815,32.70240753347224,31.783800580284815,32.334964752197266,2264500,0.0,0
1998-07-15,32.33497215365611,32.70241501903857,31.710319282505935,32.59218215942383,4271000,0.0,0
1998-07-16,32.92288115530303,33.95172119140625,32.92288115530303,33.95172119140625,7801000,0.0,0
1998-07-17,33.69451341608342,34.20893346823736,33.69451341608342,33.87823486328125,2841200,0.0,0
1998-07-20,33.87823809465297,33.87823809465297,33.36381799343264,33.40056228637695,2572100,0.0,0
1998-07-21,33.36381217672699,33.43730074980348,32.555437872885584,32.59218215942383,1828600,0.0,0
1998-07-22,32.5186944728736,32.92288163581327,32.07776302239395,32.81264877319336,3394200,0.0,0
1998-07-23,32.81264537511832,32.849389658853056,32.114503984158354,32.29822540283203,2546600,0.0,0
1998-07-24,32.188008426379604,32.188008426379604,30.938702163255282,31.78382110595703,3110900,0.0,0
1998-07-27,31.710313796997067,31.747058077178988,30.938683913176746,31.71031379699707,2101900,0.0,0
1998-07-28,31.379618811299903,31.526595948589364,31.122408821043347,31.34287452697754,2584100,0.0,0
1998-07-29,31.342879123375063,32.29823065585777,31.19590196453157,31.379623413085938,3725200,0.0,0
1998-07-30,31.74705757351097,32.334966047094504,31.342870497922288,32.041011810302734,4780400,0.0,0
1998-07-31,32.041008324309544,32.6289167339299,31.967519773107,32.408451080322266,3531200,0.0,0
1998-08-03,32.40846789260795,32.62893366058488,31.74707058867718,32.481956481933594,2498000,0.0,0
1998-08-04,32.88613786276974,32.88613786276974,31.600087778750815,31.67357635498047,2984000,0.0,0
1998-08-05,31.563336676269387,32.04101231863435,31.416359555541707,31.71031379699707,2405100,0.0,0
1998-08-06,31.74707058867718,32.51870077659642,31.636837704688716,32.481956481933594,2378900,0.0,0
1998-08-07,32.62894004865878,32.66568435051538,31.526610992960848,31.78382110595703,1855200,0.0,0
1998-08-10,31.526595444402595,32.29822540283203,31.232641174524716,32.29822540283203,1457800,0.0,0
1998-08-11,31.453107379944633,31.820550223168286,31.08566453672098,31.34287452697754,1844500,0.0,0
1998-08-12,31.37961503073095,31.710313549790175,30.49775231323968,30.901939392089844,1890500,0.0,0
1998-08-13,31.04892523731067,31.82055533196573,31.04892523731067,31.489856719970703,2151300,0.0,0
1998-08-14,31.526607350522514,31.67358454096784,30.130324041291914,30.97544288635254,1244600,0.0,0
1998-08-17,30.57125962288748,30.57125962288748,29.027998920770568,30.167072296142578,4093700,0.0,0
1998-08-18,30.093572073300287,30.130316361546075,29.726129190842407,29.799617767333984,3303900,0.0,0
1998-08-19,29.946600832326585,30.093578014325733,29.17497062683105,29.174970626831055,1566100,0.0,0
1998-08-20,29.395439195336763,29.799626484272643,29.35869489634259,29.579160690307617,1940600,0.0,0
1998-08-21,29.43216994896676,30.27728843688965,29.101471410214323,30.27728843688965,2415400,0.0,0
1998-08-24,30.718218828683874,31.159150199430535,30.497753143310547,30.497753143310547,2130300,0.0,0
1998-08-25,31.012183922191294,31.159161097177982,29.873110816044456,30.46101951599121,1827400,0.0,0
1998-08-26,30.35078719905549,30.461020082345037,29.762878488177904,29.94659996032715,855000,0.0,0
1998-08-27,29.652633848190305,29.689378128051757,28.80751541137695,29.395423889160156,1865600,0.0,0
1998-08-28,29.10148261575138,29.174971208215396,26.86008054559881,27.48473358154297,3519100,0.0,0
1998-08-31,27.411237142302774,27.558214285156946,25.280068570917305,25.867977142333984,2691200,0.0,0
1998-09-01,26.235416875224733,26.71309253261678,25.28006556044064,26.34564971923828,2710000,0.0,0
1998-09-02,26.382394593337487,27.337745929586475,26.235417464683795,26.639604568481445,2011200,0.0,0
1998-09-03,26.308899054910636,26.308899054910636,25.20657088221885,26.05168914794922,2535100,0.0,0
1998-09-04,26.235429853365567,26.602872848510742,25.72100966016232,26.602872848510742,1418400,0.0,0
1998-09-08,27.04380167643229,27.5582218170166,26.566125831604005,27.5582218170166,1460700,0.0,0
1998-09-09,27.631705211146212,28.146125254970745,27.484728055767775,27.852170944213867,2088900,0.0,0
1998-09-10,27.705199368794762,28.77078395990225,27.227523517608645,28.660551071166992,2300200,0.0,0
1998-09-11,28.366580143904653,28.366580143904653,27.705183197544184,27.888904571533203,1404100,0.0,0
1998-09-14,28.14612863115976,28.991247375959595,28.14612863115976,28.550315856933594,1143200,0.0,0
1998-09-15,28.29310565137801,28.513571409700436,28.10938418610932,28.182872772216797,1122500,0.0,0
1998-09-16,28.219623934195496,28.219623934195496,27.59497080023544,28.146135330200195,1602800,0.0,0
1998-09-17,27.0437906298631,27.33774487583987,27.007046349116003,27.301000595092773,1157100,0.0,0
1998-09-18,27.043785688612196,27.26425133281284,26.45587730407715,26.45587730407715,1363500,0.0,0
1998-09-21,26.455895336479887,26.933571224499662,25.867986551224778,26.860082626342773,1229400,0.0,0
1998-09-22,26.823337903988907,28.146132649939045,26.786593605490292,28.10938835144043,1461900,0.0,0
1998-09-23,28.146119573223057,29.542402267456055,28.146119573223057,29.542402267456055,1713400,0.0,0
1998-09-24,29.395434555034615,29.395434555034615,28.991247329902887,29.35869026184082,1653800,0.0,0
1998-09-25,29.32194840357854,29.32194840357854,28.293108108716137,28.660551071166992,1709300,0.0,0
1998-09-28,28.88693732918853,29.180951958493246,28.225404413252914,28.372411727905273,1312700,0.01,0
1998-09-29,28.372397246541855,29.070681634733948,28.298893626732163,29.0339298248291,1508700,0.0,0
1998-09-30,28.666429507251834,28.666429507251834,28.078400184026155,28.26215934753418,722700,0.0,0
1998-10-01,27.637374255968176,27.931388875712518,27.049345016479492,27.049345016479492,1252400,0.0,0
1998-10-02,27.196338800478426,27.894623175085304,26.828820708580068,27.67411231994629,1012500,0.0,0
1998-10-05,27.600619854465606,27.821130798709007,26.68182425345144,27.34335708618164,1333900,0.0,0
1998-10-06,27.343347794488565,27.96812859086801,27.122836925178174,27.747617721557617,1339100,0.0,0
1998-10-07,25.87328808124249,25.983543570225056,21.57332401092236,22.933141708374023,17174600,0.0,0
1998-10-08,22.565620113730816,22.933138356625452,20.728028899257623,22.712627410888672,7944700,0.0,0
1998-10-09,23.66817588018457,25.505767175229956,22.19810284414826,24.91773796081543,4190300,0.0,0
1998-10-12,25.138239330715603,25.35875020203767,23.815174102783203,23.815174102783203,3197600,0.0,0
1998-10-13,23.81517514369747,23.81517514369747,22.969883433350184,23.502784729003906,2061200,0.0,0
1998-10-14,23.484407795800102,23.962181350331246,23.300648736365048,23.815174102783203,2241700,0.0,0
1998-10-15,23.594662841660025,24.58696174621582,23.410903785260803,24.58696174621582,2589400,0.0,0
1998-10-16,25.542519001130863,26.020292737842663,24.733978831310893,24.91773796081543,3320400,0.0,0
1998-10-19,24.697235019474963,25.652782802966552,24.697235019474963,25.505775451660156,1716900,0.0,0
1998-10-20,25.873283653740796,26.86558288477915,25.873283653740796,26.204050064086914,2652700,0.0,0
1998-10-21,26.204050064086914,26.351057357574078,25.873283653740796,26.204050064086914,1004500,0.0,0
1998-10-22,26.167305856778476,26.718583367806115,25.946794852367425,26.608327865600586,1187600,0.0,0
1998-10-23,26.461322248474627,26.86559244949299,26.02030021100005,26.681833267211914,1229900,0.0,0
1998-10-26,26.46131206844852,26.975837580890577,26.314304779179363,26.57156753540039,621800,0.0,0
1998-10-27,26.865586334338293,26.90233816242904,25.50576869498054,25.54252052307129,1545600,0.0,0
1998-10-28,25.285253544560188,25.35875718858507,24.69722439236111,24.807479858398438,2172500,0.0,0
1998-10-29,24.62373314696179,25.17501075472959,24.256214741783253,24.770740509033203,1473900,0.0,0
1998-10-30,24.80748280924113,26.534818649291992,24.770730982857067,26.534818649291992,1869600,0.0,0
1998-11-02,26.534822098525254,27.159603228268924,25.910040968781587,26.277559280395508,2560900,0.0,0
1998-11-03,25.946788321720078,26.387810219539684,25.946788321720078,26.167299270629883,3346200,0.0,0
1998-11-04,26.24081122973734,26.975847958861632,26.24081122973734,26.681833267211914,3354000,0.0,0
1998-11-05,26.608323436672404,27.82113375906217,26.387812468965176,27.646562576293945,2445600,0.0,0
1998-11-06,27.637364788785007,27.931379307814638,26.792073046574828,26.902328491210938,1943600,0.0,0
1998-11-09,27.196352326351665,27.196352326351665,26.53481943192689,27.049345016479492,1286900,0.0,0
1998-11-10,26.902328491210938,27.527109344148897,26.755321231696126,26.902328491210938,2011100,0.0,0
1998-11-11,27.1228590956213,27.600633036330077,26.792092521284456,27.08610725402832,3213100,0.0,0
1998-11-12,27.196350782345505,28.666423797607425,27.196350782345505,28.666423797607422,4215400,0.0,0
1998-11-13,28.225405569755935,28.73993119212128,27.269857985363156,27.857887268066406,2898200,0.0,0
1998-11-16,27.968138094871275,28.33565633527694,26.90233519769484,27.34335708618164,1457600,0.0,0
1998-11-17,27.637375368829066,27.637375368829066,26.902338789870846,27.4168643951416,3928400,0.0,0
1998-11-18,27.012591241450792,27.196350365542294,26.167299270629883,26.167299270629883,2279600,0.0,0
1998-11-19,26.681813327686207,27.306594080538364,26.645061518694906,27.196338653564453,2054400,0.0,0
1998-11-20,27.269858374880815,27.306610205574724,26.35106260753308,26.4245662689209,2133700,0.0,0
1998-11-23,26.53481695728917,27.34335708618164,26.387809661126905,27.34335708618164,2380000,0.0,0
1998-11-24,27.269846639997972,27.784372048299822,26.71856941681742,26.902328491210938,2029400,0.0,0
1998-11-25,26.240806368564037,26.461317346451132,25.616025264550608,25.9100399017334,3026200,0.0,0
1998-11-27,25.836523056030273,25.873274866920784,25.50575675801566,25.836523056030273,497200,0.0,0
1998-11-30,25.799775282078514,25.799775282078514,24.99123531597349,25.211746215820312,1976900,0.0,0
1998-12-01,25.211753290655327,25.579271560198407,24.917738675020864,25.02799415588379,2299400,0.0,0
1998-12-02,24.991245608357985,25.027997440134985,24.770734617696004,24.84423828125,1550800,0.0,0
1998-12-03,24.62371913133059,24.770726409726592,23.741675460954568,24.182697296142578,4558900,0.0,0
1998-12-04,24.256201113684703,26.020288467407227,24.256201113684703,26.020288467407227,3890700,0.0,0
1998-12-07,26.24080901472536,27.049349348512415,26.24080901472536,26.828838348388672,2030800,0.0,0
1998-12-08,26.681833661558255,27.04935203155217,26.020300595569207,26.130556106567383,2443700,0.0,0
1998-12-09,26.902347377600396,27.490376828476908,26.82884369624083,26.97585105895996,2848500,0.0,0
1998-12-10,26.461316842495915,27.637375368829066,26.167302210912627,27.4168643951416,1536700,0.0,0
1998-12-11,27.416862890717095,27.416862890717095,26.755330005954484,26.792081832885742,918200,0.0,0
1998-12-14,26.387826156068908,26.461329850096956,25.46902998071832,25.616037368774414,1892500,0.0,0
1998-12-15,25.285263855581377,26.24081161756556,24.954497322586853,26.130556106567383,2026500,0.0,0
1998-12-16,25.983546686435933,26.718583367806115,25.542524677613823,26.608327865600586,1427000,0.0,0
1998-12-17,26.608322302060113,26.97584056590072,26.49806682290793,26.534818649291992,1692900,0.0,0
1998-12-18,26.534813945576296,26.681821225053174,25.87328118793035,26.020288467407227,1629500,0.0,0
1998-12-21,25.579282760620117,25.836545661948193,25.432275388432643,25.579282760620117,1309500,0.0,0
1998-12-22,25.46901686688979,25.94679063206954,25.21175407025454,25.54252052307129,1451600,0.0,0
1998-12-23,25.65277697847414,26.608324545007562,25.505769660545923,26.387813568115234,991400,0.0,0
1998-12-24,26.387829034688085,26.5715882898043,26.240821630595118,26.3143253326416,349600,0.0,0
1998-12-28,26.277553710830496,26.46131282768945,25.910035477112586,26.204050064086914,1110000,0.0,0
1998-12-29,26.02612771771171,26.981889470057055,25.69528711113063,25.879087448120117,1697600,0.01,0
1998-12-30,25.879095043028514,26.577536528564796,25.695294652097914,26.430496215820312,1474300,0.0,0
1998-12-31,26.467259179491137,27.496541480915795,26.467259179491137,27.42302131652832,1764800,0.0,0
1999-01-04,28.672852623541623,28.81989289340594,27.71709086942357,27.75385093688965,3749800,0.0,0
1999-01-05,27.75384790826552,29.996211778999555,27.53328752753758,29.702131271362305,4703900,0.0,0
1999-01-06,29.88594587058749,31.17254870634464,29.62862530343606,30.951988220214844,5100200,0.0,0
1999-01-07,30.584390694754465,31.099031884329662,30.06974950517927,30.87847137451172,3042300,0.0,0
1999-01-08,30.87845179148099,30.988731976450566,30.106490496693965,30.547611236572266,1857200,0.0,0
1999-01-11,30.29031379200588,31.466636657714844,30.216793612899068,31.466636657714844,3060100,0.0,0
1999-01-12,31.09901817421805,31.135778242981903,30.437336936468732,30.841697692871094,1808400,0.0,0
1999-01-13,29.555103219670357,30.988746286296156,29.26102259061891,30.65790557861328,1908600,0.0,0
1999-01-14,30.36381237287463,30.5108526264963,29.81241142179337,29.95945167541504,1536900,0.0,0
1999-01-15,30.290306761825452,31.282828949409538,30.290306761825452,30.951988220214844,1950200,0.0,0
1999-01-19,31.025495586144597,31.13577578372568,30.474094598239184,30.76817512512207,2030100,0.0,0
1999-01-20,30.621147491020146,30.988748301236477,30.584387409998513,30.951988220214844,1942400,0.0,0
1999-01-21,30.804950090733968,31.135790843498416,30.143268585205078,30.143268585205078,1759600,0.0,0
1999-01-22,29.99622388155955,30.032983959845776,29.11398200269015,29.224262237548828,1602100,0.0,0
1999-01-25,29.040459203897356,29.775660702730203,28.709618529422578,29.665380477905273,1866600,0.0,0
1999-01-26,29.408050763725054,29.775651398271616,29.187490382997115,29.702131271362305,2260700,0.0,0
1999-01-27,29.62861456533875,29.812414903833407,29.040453482155847,29.11397361755371,1661700,0.0,0
1999-01-28,29.113981385443623,29.18750154045737,28.489060067826777,28.856660842895508,1948500,0.0,0
1999-01-29,28.819894878974697,29.628616418945924,28.819894878974697,29.371295928955078,2808800,0.0,0
1999-02-01,29.55509190577336,29.628612034892196,29.22425132473858,29.297771453857422,2075500,0.0,0
1999-02-02,29.261013888349435,29.261013888349435,28.746372940564395,29.11397361755371,2342000,0.0,0
1999-02-03,29.040466075990256,30.731429923452982,28.96694590870927,30.143268585205078,2576900,0.0,0
1999-02-04,30.21678692361583,30.87846838909647,30.14326676078465,30.437347412109375,1878500,0.0,0
1999-02-05,30.36381799493106,30.65789855662531,30.032977363025033,30.474098205566406,1717100,0.0,0
1999-02-08,30.474106994148606,30.584387236588228,30.032986024390123,30.363826751708984,1941900,0.0,0
1999-02-09,29.849183279445352,30.290304214609566,29.702142967723944,29.738903045654297,1348500,0.0,0
1999-02-10,29.738905865213148,30.621147819187332,29.738905865213148,30.437347412109375,3314800,0.0,0
1999-02-11,30.437340809748726,30.694661323840805,30.32706058942355,30.584381103515625,2069800,0.0,0
1999-02-12,30.510869421610018,30.804950090733968,29.81242783244063,30.143268585205078,1693200,0.0,0
1999-02-16,30.216772119252962,30.400572436280047,29.40805072433378,29.95945167541504,2664600,0.0,0
1999-02-17,29.95946145980397,30.29030213850119,29.26102002699872,29.444820404052734,1776500,0.0,0
1999-02-18,29.444817133963337,29.444817133963337,28.636095564740874,28.70961570739746,1676000,0.0,0
1999-02-19,28.636089992523193,28.636089992523193,27.900888709018105,27.93764877319336,2494800,0.0,0
1999-02-22,28.23174829394141,28.23174829394141,27.423026337604547,27.606826782226562,2496300,0.0,0
1999-02-23,27.864124554711818,28.452285495180668,27.864124554711818,28.415525436401367,3923300,0.0,0
1999-02-24,29.408059953313778,30.06974130226334,29.22425957860557,29.665380477905273,4588400,0.0,0
1999-02-25,29.55510114292203,29.77566159921249,27.643577188404684,28.96693992614746,4979800,0.0,0
1999-02-26,28.966942233502714,29.003702312479238,28.525821285784396,28.746381759643555,1999400,0.0,0
1999-03-01,28.378776735123523,28.525817029087893,27.27597453039074,27.312734603881836,2112100,0.0,0
1999-03-02,27.45977486096896,27.496534934410683,26.577533098367546,26.761333465576172,2499000,0.0,0
1999-03-03,26.76133181725019,27.386253027268395,26.68781167489511,26.798091888427734,4216900,0.0,0
1999-03-04,26.83486192232734,28.158224976031157,26.798101837502237,27.717103958129883,2328100,0.0,0
1999-03-05,29.408057062635045,29.481577205291632,28.415535136771112,28.70961570739746,2863700,0.0,0
1999-03-08,29.408066145336356,29.702146806789717,28.819904822429628,28.89342498779297,3506800,0.0,0
1999-03-09,28.81990464969361,29.481586133997798,28.599344154925546,29.150745391845703,1955400,0.0,0
1999-03-10,29.187493752951575,29.3345340237473,28.746372940564395,29.11397361755371,1811100,0.0,0
1999-03-11,29.113975438964236,29.444816068952463,29.113975438964236,29.371295928955078,2293000,0.0,0
1999-03-12,29.371293895098628,29.40805396255182,28.672852613488022,28.81989288330078,1518300,0.0,0
1999-03-15,28.81990611553192,29.07722670584917,28.047944344580173,28.23174476623535,1566500,0.0,0
1999-03-16,28.268501084164317,28.378781322464047,27.386259177766473,27.680339813232422,1971100,0.0,0
1999-03-17,27.68034470893382,27.68034470893382,26.981903076171875,26.981903076171875,1681100,0.0,0
1999-03-18,27.0554141998291,27.31273471531661,26.393732874289803,27.0554141998291,2949500,0.0,0
1999-03-19,27.12893944385788,28.084701538085938,26.61429831619662,28.084701538085938,4370900,0.0,0
1999-03-22,28.084697458195816,28.084697458195816,27.3127358788475,27.496536254882812,2597400,0.0,0
1999-03-23,27.60682037842713,27.60682037842713,26.834858690082296,26.945138931274414,2556600,0.0,0
1999-03-24,26.981893906226528,27.128934199993427,26.246692437392017,26.761333465576172,3070600,0.0,0
1999-03-25,26.83486504501171,26.83486504501171,25.87910272834006,26.17318344116211,2456300,0.0,0
1999-03-26,26.320221999214073,26.467262345578398,24.84981853557083,25.327699661254883,2147100,0.0,0
1999-03-29,25.474733352661133,26.246694969408438,25.217412813745362,25.474733352661133,2806300,0.0,0
1999-03-30,25.69529871558577,25.80557896758399,24.629256279602956,24.776296615600586,3162400,0.0,0
1999-03-31,25.21741328709562,26.173175306723152,24.702772199603874,26.099655151367188,5387100,0.0,0
1999-04-01,27.05542476593502,27.790626525878906,26.72458397396027,27.790626525878906,3362500,0.0,0
1999-04-05,27.79061970625387,28.819901917596606,27.753859627277343,28.746381759643555,3524100,0.0,0
1999-04-06,28.452301481330537,28.48906156076378,27.606819654365932,27.680339813232422,2162900,0.0,0
1999-04-07,27.790615035454756,28.305256054629844,27.128933725086785,27.239213943481445,2171000,0.0,0
1999-04-08,27.239224868336063,27.239224868336063,26.32022267979571,26.871623992919922,1790300,0.0,0
1999-04-09,26.981894052546956,27.349494788957678,26.35697280064873,27.0554141998291,2138400,0.0,0
1999-04-12,27.05541846286728,28.19498092529783,26.908378145134304,27.680339813232422,1833700,0.0,0
1999-04-13,27.643575228177586,27.643575228177586,26.54077302492582,26.761333465576172,1663800,0.0,0
1999-04-14,26.761336447975854,28.3787798596667,26.687816292898997,28.305259704589844,4870000,0.0,0
1999-04-15,28.89342886908096,29.55511044623549,28.231747291926435,29.481590270996094,5555600,0.0,0
1999-04-16,29.261019773483277,29.628620524406436,28.636098496913913,29.40806007385254,3060100,0.0,0
1999-04-19,29.702151394346686,31.062274663642263,29.702151394346686,30.731433868408203,4018300,0.0,0
1999-04-20,30.804941311891493,30.804941311891493,29.15073801948682,29.187498092651367,2871700,0.0,0
1999-04-21,29.261032591873654,29.922714233398434,29.077232135894548,29.922714233398438,1841500,0.0,0
1999-04-22,30.14326022221492,30.694661323840805,30.06974007533147,30.584381103515625,2022000,0.0,0
1999-04-23,30.878467896801844,31.246068705097105,30.510867088506583,31.209308624267578,2056100,0.0,0
1999-04-26,31.172540146126533,31.540140855396892,30.878459578710245,31.09902000427246,1508700,0.0,0
1999-04-27,31.246058895902813,31.83422000453157,31.099018618745625,31.17253875732422,3716500,0.0,0
1999-04-28,31.172543714173447,31.54014446551983,31.06226348876953,31.06226348876953,2724400,0.0,0
1999-04-29,31.0255055188044,32.53266870158993,30.98874544117549,32.20182800292969,4003200,0.0,0
1999-04-30,32.937040345858684,33.34140133224758,32.34887891111121,33.23112106323242,3639400,0.0,0
1999-05-03,33.194358693858206,34.07660078538932,33.194358693858206,34.03984069824219,7262600,0.0,0
1999-05-04,35.28966483423265,35.28966483423265,34.48094334844816,34.70150375366211,5281400,0.0,0
1999-05-05,34.84855272879008,35.14263334253515,33.5251899669373,33.745750427246094,4067400,0.0,0
1999-05-06,32.05478173828125,33.5251845703125,31.025499755859375,32.165061950683594,10998500,0.0,0
1999-05-07,32.348865781511584,32.93702697753906,32.05478518349784,32.93702697753906,3908800,0.0,0
1999-05-10,32.93701652244285,32.93701652244285,31.723934440701097,31.76069450378418,3305700,0.0,0
1999-05-11,31.907747381898368,32.49590862396101,31.760707071382708,32.20182800292969,3140000,0.0,0
1999-05-12,32.34887577804272,32.71647663915684,32.23859551970848,32.45915603637695,2446700,0.0,0
1999-05-13,32.49591778951978,33.30463972545805,31.83423620557028,32.42239761352539,2700300,0.0,0
1999-05-14,32.05479508915142,32.53267620859978,31.907754744705773,32.45915603637695,1587200,0.0,0
1999-05-17,33.23110886136781,33.23110886136781,32.27534688084174,32.569427490234375,1897900,0.0,0
1999-05-18,32.86350771339617,32.86350771339617,31.944505819844817,32.23858642578125,1532200,0.0,0
1999-05-19,33.084057387121504,33.451658024756185,32.67969668572335,33.15757751464844,2862800,0.0,0
1999-05-20,33.15759858964642,33.15759858964642,31.944515714415456,32.018035888671875,2676800,0.0,0
1999-05-21,31.907750160028574,31.981270321687624,30.91522797763137,31.209308624267578,2323200,0.0,0
1999-05-24,31.356355370516983,31.76071634246972,30.694673780048863,30.731433868408203,2139400,0.0,0
1999-05-25,30.768178411955326,30.804938481742607,29.849176667273266,29.885936737060547,2540200,0.0,0
1999-05-26,29.996219928448017,30.62114117695735,29.922699781564567,30.584381103515625,2633200,0.0,0
1999-05-27,30.29029426893738,30.915215388563514,30.069733873775213,30.76817512512207,2772700,0.0,0
1999-05-28,30.768179365929136,31.319580429834676,30.694659224075064,31.09902000427246,1500200,0.0,0
1999-06-01,30.951985008301342,32.018027247304595,30.878464853887326,31.870986938476562,1975800,0.0,0
1999-06-02,31.871000775061418,31.90776086822758,31.172559004904365,31.650440216064453,3904600,0.0,0
1999-06-03,31.65043576558431,32.49591778951978,31.57691558958992,32.42239761352539,2184900,0.0,0
1999-06-04,32.9370331153441,33.010553278547995,32.3856318913149,32.71647262573242,1335600,0.0,0
1999-06-07,32.679715673350756,33.01055643944767,31.981274056035048,32.90027618408203,1627200,0.0,0
1999-06-08,32.75323681518419,33.231117935944454,32.38563595306091,33.04731750488281,1315900,0.0,0
1999-06-09,32.78999180893431,33.414913177490234,32.78999180893431,33.414913177490234,1154300,0.0,0
1999-06-10,32.86350100427426,33.010541277224036,31.981259366575625,32.3856201171875,1655800,0.0,0
1999-06-11,32.42238244628906,32.459142517089845,31.50338067626953,32.165061950683594,1553500,0.0,0
1999-06-14,32.64294311251566,33.231104249678104,32.606183041443,33.01054382324219,2908400,0.0,0
1999-06-15,32.93703491885359,33.378155922231095,32.753234500779634,33.26787567138672,2189400,0.0,0
1999-06-16,33.451682798870394,33.48844288985816,32.790001161090544,33.12084197998047,2369200,0.0,0
1999-06-17,33.120829254552376,33.52519010005746,32.78998856277549,33.48843002319336,1721100,0.0,0
1999-06-18,33.525191110079405,33.67223142196572,33.12083025239205,33.63547134399414,1950400,0.0,0
1999-06-21,33.745761559498135,33.745761559498135,32.75323916068937,32.826759338378906,1450100,0.0,0
1999-06-22,32.90027219145235,32.90027219145235,32.201830658896384,32.312110900878906,1324800,0.0,0
1999-06-23,31.613674930261553,32.12831615005651,31.613674930261553,32.018035888671875,1824300,0.0,0
1999-06-24,31.981260908227895,32.60618209838867,31.870980698199524,32.60618209838867,1555500,0.0,0
1999-06-25,32.71647346861541,32.86351379881144,31.944511735086287,32.275352478027344,1323400,0.0,0
1999-06-28,32.56943015065317,32.93703094242126,32.53267007147636,32.679710388183594,1284800,0.0,0
1999-06-29,32.60618807388855,32.71646830412718,32.20182722968024,32.642948150634766,1763700,0.0,0
1999-06-30,32.642942792315814,32.642942792315814,31.35634031739346,31.61366081237793,3655200,0.0,0
1999-07-01,31.46662060546875,32.165061950683594,31.356340393066407,32.165061950683594,1543000,0.0,0
1999-07-02,32.12830984538497,32.60619088427514,31.760709046238688,32.49591064453125,942700,0.0,0
1999-07-06,32.275343241741666,32.3488633858003,31.39310151303802,31.503381729125977,1531800,0.0,0
1999-07-07,21.76196783638352,21.945768240407027,18.269760159936837,19.960723876953125,70408500,0.0,0
1999-07-08,20.144524280976636,20.548885169828356,19.703403311320212,19.960723876953125,18525700,0.0,0
1999-07-09,19.99747822884177,20.29155879103062,18.527075417897525,19.151996612548828,21953000,0.0,0
1999-07-12,19.409312608506944,19.96071353488498,19.33579248498987,19.850433349609375,15443100,0.0,0
1999-07-13,19.813680655689446,20.40184186253737,19.776920580261454,20.365081787109375,16763100,0.0,0
1999-07-14,20.659166550880407,21.57816862164911,20.58564638521891,21.54140853881836,19577300,0.0,0
1999-07-15,21.76196675160109,22.056047383379482,20.95324501421051,21.2105655670166,11751800,0.0,0
1999-07-16,21.173806236530172,21.54140703924771,20.990005835171402,21.320846557617188,4319000,0.0,0
1999-07-19,21.46788535300863,21.541405508327152,20.99000434343823,21.100284576416016,4158100,0.0,0
1999-07-20,20.80620928341439,20.953249631707074,20.144527716097326,20.47536849975586,4711500,0.0,0
1999-07-21,20.475359934153573,20.659160292628922,19.887198787032467,20.070999145507812,2517400,0.0,0
1999-07-22,20.25480961277537,20.659170603230052,19.960728892444692,20.144529342651367,3829300,0.0,0
1999-07-23,20.218038118260186,20.29155825687204,19.887197494506836,19.887197494506836,2422300,0.0,0
1999-07-26,19.850442635106244,19.997482950921846,19.740162398244543,19.813682556152344,2435100,0.0,0
1999-07-27,19.923964299461392,20.034244544661366,19.078482419594952,19.188762664794922,6378800,0.0,0
1999-07-28,18.82116480802684,18.894684983058195,18.233003407776,18.490324020385742,8390800,0.0,0
1999-07-29,14.777550198658403,15.880352452289626,14.11586884647967,15.255431175231934,38111100,0.0,0
1999-07-30,15.292188457414214,15.292188457414214,14.924587773341758,14.99810791015625,13314900,0.0,0
1999-08-02,15.108397481482502,15.218677755069965,14.887836934307575,14.961357116699219,7272600,0.0,0
1999-08-03,14.777546742165736,14.851066875211336,14.18938567780093,14.22614574432373,13772200,0.0,0
1999-08-04,14.115874215458215,14.152634304560971,12.718990829553496,13.086591720581055,13721900,0.0,0
1999-08-05,13.160108835909378,14.042350769042969,12.645467708248118,14.042350769042969,11125200,0.0,0
1999-08-06,13.895310446854037,14.336431413420831,13.711510044117873,14.042350769042969,4820800,0.0,0
1999-08-09,14.115872383117676,14.226152636110783,14.042352214455605,14.115872383117676,5724200,0.0,0
1999-08-10,14.115870026109132,14.37319057346008,13.968829713337163,14.189390182495117,4725200,0.0,0
1999-08-11,14.33643316548404,14.48347350564285,14.226152910364931,14.299673080444336,3357400,0.0,0
1999-08-12,14.409954494900173,14.409954494900173,13.674752734956288,13.895313262939453,3862300,0.0,0
1999-08-13,14.115873790922619,14.373194406902979,13.748272910950675,13.895313262939453,3284700,0.0,0
1999-08-16,13.417424562815073,14.630506783562737,13.233624226338154,13.601224899291992,8396500,0.0,0
1999-08-17,13.601227247196695,13.637987320837768,13.086586216221685,13.52770709991455,5103700,0.0,0
1999-08-18,13.527713054500214,13.748273593432284,13.307152515568147,13.41743278503418,3619800,0.0,0
1999-08-19,13.490945465656933,13.527705535045644,12.976304494214979,13.307145118713379,2708800,0.0,0
1999-08-20,13.564467751406093,13.821788277855532,13.417427450577843,13.748268127441406,3380500,0.0,0
1999-08-23,13.821796183268228,13.858556279500325,13.380675028483072,13.785036087036133,2594300,0.0,0
1999-08-24,13.527713054500214,13.564473144322227,13.307152515568147,13.41743278503418,2599000,0.0,0
1999-08-25,13.343906659346361,13.527707026554989,13.196866365579458,13.380666732788086,3002700,0.0,0
1999-08-26,13.601231795890456,13.601231795890456,13.38067128028142,13.490951538085938,1838500,0.0,0
1999-08-27,13.527705535045644,13.527705535045644,13.160104841158534,13.307145118713379,2239200,0.0,0
1999-08-30,13.307148264742445,13.380668420901243,12.75574709355146,12.79250717163086,3300200,0.0,0
1999-08-31,12.829264899662562,12.8660249710083,12.608704471588135,12.8660249710083,2498700,0.0,0
1999-09-01,12.866031629799386,12.939551810541097,12.351390364607411,12.424910545349121,3925100,0.0,0
1999-09-02,12.277866770581502,12.277866770581502,11.98378612936997,12.057306289672852,4257100,0.0,0
1999-09-03,12.130824600357608,12.27786489854376,12.057304451264532,12.204344749450684,2635900,0.0,0
1999-09-07,12.351388044135515,12.939549379570538,12.314627960670824,12.645468711853027,2887900,0.0,0
1999-09-08,12.53518846145896,12.755748962247093,12.424908211064892,12.645468711853027,2895500,0.0,0
1999-09-09,12.424910539638496,12.461670629992456,12.130829816806816,12.277870178222656,4243200,0.0,0
1999-09-10,12.314627609944415,12.498428022033139,12.167587280273438,12.167587280273438,3306900,0.0,0
1999-09-13,12.094067115437948,12.866028846210583,12.057307033020203,12.167587280273438,2010800,0.0,0
1999-09-14,12.314625356826314,12.314625356826314,11.947024599906126,11.983784675598145,3196600,0.0,0
1999-09-15,12.057304826982183,12.0940649026742,11.873504448522088,11.983784675598145,2846200,0.0,0
1999-09-16,11.983784675598145,12.0940649026742,11.836744372830069,11.983784675598145,2861400,0.0,0
1999-09-17,11.983786034584044,12.057306194305419,11.763225555419922,11.763225555419922,3299900,0.0,0
1999-09-20,11.763221644148041,11.799981711786003,11.395620967768416,11.616181373596191,3257900,0.0,0
1999-09-21,11.542665643403025,12.130826950073242,11.39562531673547,12.130826950073242,3200800,0.0,0
1999-09-22,11.836740075806041,12.057300449889384,11.689699826417145,11.910260200500488,2539400,0.0,0
1999-09-23,11.910261914699891,11.983782049975817,11.616181373596191,11.616181373596191,2073700,0.0,0
1999-09-24,11.616186822725645,11.873507416899947,11.285346058787256,11.43238639831543,4416100,0.0,0
1999-09-27,11.57942449345308,11.652944648967068,11.248583793640137,11.248583793640137,2075200,0.0,0
1999-09-28,11.217684525467776,11.291243112520023,10.923450177258784,11.144125938415527,2221700,0.01,0
1999-09-29,11.107353463464854,11.144132779569041,10.666001670214595,10.813118934631348,2774000,0.0,0
1999-09-30,10.813114643096924,11.438362768718173,10.813114643096924,11.328024864196777,5461500,0.0,0
1999-10-01,11.180908793787802,11.622260456700479,11.107350183302357,11.40158462524414,4537400,0.0,0
1999-10-04,11.328027750821722,11.364807061701013,10.776338087632352,10.960234642028809,5286100,0.0,0
1999-10-05,10.960231153932337,11.180906948977954,10.629217461363911,10.739555358886719,3641900,0.0,0
1999-10-06,10.702779283394685,10.997013765412408,10.665999973142469,10.886675834655762,3015100,0.0,0
1999-10-07,10.886673624605042,10.886673624605042,10.776335716247559,10.776335716247559,2195800,0.0,0
1999-10-08,10.849898240591527,10.849898240591527,10.408546447753906,10.408546447753906,2983700,0.0,0
1999-10-11,10.482102030331326,10.81311577865758,10.482102030331326,10.702777862548828,4309700,0.0,0
1999-10-12,10.73955604008266,11.328024864196777,10.665997437068393,11.328024864196777,4383700,0.0,0
1999-10-13,11.144127649803684,11.401582744023571,10.59243816218964,10.739555358886719,4175000,0.0,0
1999-10-14,10.702776416544449,10.702776416544449,10.114307610136507,10.1878662109375,5609700,0.0,0
1999-10-15,9.893635925771566,10.114311820026694,9.746518662934815,9.967194557189941,3912600,0.0,0
1999-10-18,10.04075117111206,10.702778720855713,9.967192554473877,10.298206329345703,2932400,0.0,0
1999-10-19,10.44532356262207,10.739558029174805,10.151089096069336,10.298206329345703,2144800,0.0,0
1999-10-20,10.29820411213899,10.445321313740974,9.930411108134026,10.1878662109375,2365900,0.0,0
1999-10-21,10.114307740363932,10.151087041237984,9.709735430749376,9.893631935119629,3175800,0.0,0
1999-10-22,8.900592278743137,10.59244039784307,8.238564753877943,10.15108871459961,18619200,0.0,0
1999-10-25,10.077529449189436,10.813115540371147,9.930412230953094,10.261425971984863,5610900,0.0,0
1999-10-26,10.445322695151766,10.555660610945623,10.00397103197634,10.33498477935791,3144300,0.0,0
1999-10-27,10.29820594234743,10.37176455622134,10.0775301007257,10.15108871459961,2121600,0.0,0
1999-10-28,10.224647152591759,10.518881603026054,10.224647152591759,10.44532299041748,2050300,0.0,0
1999-10-29,10.55566372190203,10.886677566839724,10.55566372190203,10.813118934631348,2901400,0.0,0
1999-11-01,10.813114776611329,11.07056989034017,10.555659662882487,11.033790588378906,2878200,0.0,0
1999-11-02,11.07057248060952,11.180910412309949,10.813117306641859,10.923455238342285,2187300,0.0,0
1999-11-03,10.923456882943913,10.9602361990481,10.518884405797841,10.813118934631348,1604300,0.0,0
1999-11-04,10.776334232754177,10.776334232754177,10.518879148695204,10.592437744140625,2018900,0.0,0
1999-11-05,10.77633627393254,10.923453492689298,10.629219055175781,10.629219055175781,2174300,0.0,0
1999-11-08,10.739560302422971,10.923456882943913,10.702780986318784,10.813118934631348,1525700,0.0,0
1999-11-09,11.033791891286072,11.070571197590358,10.44532299041748,10.44532299041748,2361800,0.0,0
1999-11-10,9.967194526549802,10.298208366914926,9.121270267838934,9.158049583435059,10779600,0.0,0
1999-11-11,9.26838532090187,9.672957696020603,9.158047400414944,9.415502548217773,5941900,0.0,0
1999-11-12,9.709738640730826,10.11431108409461,9.452283449499326,9.672959327697754,3697900,0.0,0
1999-11-15,9.709737396240234,9.8568546295166,9.4155029296875,9.562620162963867,2895300,0.0,0
1999-11-16,9.489056742998708,9.63617390180489,9.23160171508789,9.23160171508789,2648600,0.0,0
1999-11-17,9.23160814410471,9.63618061257145,9.158049513474394,9.525842666625977,2120300,0.0,0
1999-11-18,9.562619375804115,9.636177986387223,9.26838493347168,9.26838493347168,2208800,0.0,0
1999-11-19,9.415504979723282,9.709739510339636,9.341946347069195,9.636180877685547,2814000,0.0,0
1999-11-22,9.562619775533676,9.78329561650753,9.415502548217773,9.415502548217773,3321600,0.0,0
1999-11-23,9.562620162963867,9.59939947128296,9.378723621368408,9.562620162963867,2739400,0.0,0
1999-11-24,9.672960031516437,10.00397387289913,9.562622084388874,9.967194557189941,3757900,0.0,0
1999-11-26,9.967194557189941,10.00397387289913,9.709739347225625,9.967194557189941,1355200,0.0,0
1999-11-29,9.489063526022024,9.636180789991357,9.415504894037356,9.599401473999023,2976400,0.0,0
1999-11-30,9.45228413726131,9.967194557189941,9.378725505842935,9.967194557189941,2940100,0.0,0
1999-12-01,9.415505579275678,9.636181491289951,9.415505579275678,9.48906421661377,2041100,0.0,0
1999-12-02,9.415502154637897,9.52584007051256,9.194826322888572,9.26838493347168,2835000,0.0,0
1999-12-03,9.268386471656061,9.415503717237904,9.121269226074219,9.121269226074219,3083200,0.0,0
1999-12-06,9.12126626080347,9.194824859680917,8.974149063048575,9.084486961364746,2089900,0.0,0
1999-12-07,8.937373492677333,9.158049381385416,8.60635965961521,8.67991828918457,4689200,0.0,0
1999-12-08,8.679917489328693,9.305165783051521,8.56957955514231,9.121269226074219,4307000,0.0,0
1999-12-09,9.268384735107421,9.341943344116212,9.047708908081054,9.194826126098633,3980900,0.0,0
1999-12-10,9.19482475373803,9.19482475373803,9.047707557678223,9.047707557678223,3141300,0.0,0
1999-12-13,8.863812347253164,9.010929564634958,8.569577912489573,8.827033042907715,2505400,0.0,0
1999-12-14,8.53279788434998,9.010928800283386,8.53279788434998,8.900590896606445,2943600,0.0,0
1999-12-15,8.753476366789444,8.827034991720447,8.348903929668923,8.45924186706543,3070600,0.0,0
1999-12-16,8.422463085691808,8.75347691875393,8.312125141337766,8.67991828918457,2739600,0.0,0
1999-12-17,8.679915326706906,8.863811837865951,8.532798117779672,8.643136024475098,3265400,0.0,0
1999-12-20,8.569576556231524,8.643135153280722,8.38568006360853,8.505212783813477,2559900,0.0,0
1999-12-21,8.496021715261168,8.75347691875393,8.385683770907127,8.67991828918457,3074600,0.0,0
1999-12-22,8.459239513316053,8.643136024475098,8.385680908852436,8.643136024475098,2572000,0.0,0
1999-12-23,8.643136325002718,8.753474235534668,8.45923980744947,8.753474235534668,3032000,0.0,0
1999-12-27,8.679916186210438,8.937371327326849,8.60635757446289,8.60635757446289,4684500,0.0,0
1999-12-28,8.60635965961521,9.305166640524137,8.496021715261168,8.67991828918457,4239300,0.0,0
1999-12-29,8.827033729404791,9.525840566316004,8.790254422198938,9.452281951904297,5116800,0.0,0
1999-12-30,9.599401400098062,10.151091135735882,9.562622084388874,9.967194557189941,5337100,0.0,0
1999-12-31,10.003971391157672,10.26142653725364,9.930412777987394,10.114309310913086,2933200,0.0,0
2000-01-03,10.445321419256196,10.518880020800253,9.820073306131706,10.224645614624023,3833200,0.0,0
2000-01-04,10.1878662109375,10.59243851534296,10.07752830973601,10.1878662109375,4736900,0.0,0
2000-01-05,10.151087013079966,10.371762817712138,10.114307712307937,10.224645614624023,2676000,0.0,0
2000-01-06,10.22464732847352,10.22464732847352,9.820074952167014,10.15108871459961,2428500,0.0,0
2000-01-07,10.114311272243283,10.151090585960532,9.709738821353552,9.7465181350708,2461900,0.0,0
2000-01-10,9.930414794979239,9.930414794979239,9.63618028253541,9.783297538757324,2145600,0.0,0
2000-01-11,9.746517953763897,9.783297266796968,9.489062762532399,9.672959327697754,1388000,0.0,0
2000-01-12,9.636176829001274,9.93041123599368,9.636176829001274,9.893631935119629,1638400,0.0,0
2000-01-13,9.893635925771566,10.224649767154258,9.856856610062378,9.967194557189941,2438200,0.0,0
2000-01-14,9.967193325953698,9.967193325953698,9.783296770124293,9.856855392456055,1205700,0.0,0
2000-01-18,9.930414014787816,10.04075194828546,9.820076081290175,9.856855392456055,1922400,0.0,0
2000-01-19,9.967194818232182,10.1510914015944,9.893636184887294,10.077532768249512,1665300,0.0,0
2000-01-20,10.04075194828546,10.07753125945134,9.746517458958413,9.856855392456055,1770300,0.0,0
2000-01-21,10.040752737145676,10.040752737145676,9.746518224701846,9.783297538757324,2491100,0.0,0
2000-01-24,9.856856685945358,9.930415317930025,9.525842842014358,9.599401473999023,1929700,0.0,0
2000-01-25,9.48906125911015,9.70973710234527,9.26838541587503,9.452281951904297,2462900,0.0,0
2000-01-26,9.709738821353552,10.003973331091538,9.599400880201808,9.7465181350708,2689000,0.0,0
2000-01-27,10.040749009335514,10.482100614141471,9.893631807733529,10.1878662109375,3919100,0.0,0
2000-01-28,10.371767131684104,10.629222344172717,10.224649867404898,10.408546447753906,4148000,0.0,0
2000-01-31,10.44532356262207,10.592440795898437,10.224647712707519,10.298206329345703,4220800,0.0,0
2000-02-01,10.298206329345703,10.408544254302978,10.077530479431152,10.298206329345703,2508200,0.0,0
2000-02-02,10.298204216168081,10.371762817712138,10.151087013079966,10.224645614624023,3076400,0.0,0
2000-02-03,10.371763091251767,10.886673315640152,10.224645884283657,10.665997505187988,3936100,0.0,0
2000-02-04,10.739558517723752,10.776337827715958,10.298206797817297,10.48210334777832,2430000,0.0,0
2000-02-07,10.482100720028225,10.482100720028225,10.224645614624023,10.224645614624023,1812700,0.0,0
2000-02-08,10.334986437612505,10.371765748778387,9.709738147792532,9.856855392456055,2746800,0.0,0
2000-02-09,10.003973949914691,10.003973949914691,9.415504894037356,9.599401473999023,2866300,0.0,0
2000-02-10,9.59939843416214,9.59939843416214,8.606357216835022,8.827033042907715,8920800,0.0,0
2000-02-11,8.900594801738345,9.01093275382601,8.165008454487241,8.532801628112793,7279600,0.0,0
2000-02-14,8.56957742001148,8.90059114009776,8.312122304388817,8.643136024475098,1886600,0.0,0
2000-02-15,8.753480542882828,8.790259872894941,8.312128582737476,8.569583892822266,3668100,0.0,0
2000-02-16,8.532801628112793,8.974153436463455,8.348905041300018,8.532801628112793,3947000,0.0,0
2000-02-17,9.084486743596596,9.378721132053165,8.790252355140025,9.341941833496094,2847000,0.0,0
2000-02-18,9.268386471656061,9.305165783051521,9.084489914678757,9.121269226074219,2752600,0.0,0
2000-02-22,9.268388304599496,9.562622853951861,9.268388304599496,9.48906421661377,4359300,0.0,0
2000-02-23,9.489060765221005,9.562619375804115,9.26838493347168,9.26838493347168,4033200,0.0,0
2000-02-24,9.378722849346342,9.415502154637897,9.121267712305462,9.26838493347168,3297300,0.0,0
2000-02-25,9.010927090879346,9.23160285637027,8.937368502382371,8.97414779663086,2252500,0.0,0
2000-02-28,9.010929564634958,9.084488173325857,8.716695129871368,8.827033042907715,1811500,0.0,0
2000-02-29,8.900591651598612,8.937370955944061,8.679915825525919,8.827033042907715,2533900,0.0,0
2000-03-01,8.900594177892653,8.974152807462014,8.60635965961521,8.67991828918457,2881500,0.0,0
2000-03-02,8.827036167013235,8.827036167013235,8.459242993387683,8.532801628112793,2083600,0.0,0
2000-03-03,8.71669549208421,8.71669549208421,8.496019656841572,8.60635757446289,2996500,0.0,0
2000-03-06,8.606355885577097,8.64313518423341,8.312121496326597,8.34890079498291,2744400,0.0,0
2000-03-07,8.42245700220356,8.45923629042279,8.165001984668955,8.201781272888184,3043900,0.0,0
2000-03-08,8.201781272888184,8.348898425765102,8.091443408230495,8.201781272888184,2411500,0.0,0
2000-03-09,8.201781272888184,8.275339849326642,8.054664120011266,8.201781272888184,2159000,0.0,0
2000-03-10,8.20178708434105,8.348904341459274,8.017890512943268,8.238566398620605,3602400,0.0,0
2000-03-13,8.201781272888184,8.275339849326642,8.091443408230495,8.201781272888184,2257200,0.0,0
2000-03-14,8.128226840271141,8.201785454210246,7.650095849666956,7.797213077545166,2965900,0.0,0
2000-03-15,7.797213077545166,7.907550998453824,7.686875156636509,7.797213077545166,2452900,0.0,0
2000-03-16,7.981110867788625,7.981110867788625,7.650097052995548,7.907552242279053,4848300,0.0,0
2000-03-17,8.091446725945724,8.679915578741776,7.907550209446957,8.38568115234375,6011700,0.0,0
2000-03-20,8.238565992272418,8.496021179530931,8.017890117479407,8.45924186706543,1771000,0.0,0
2000-03-21,8.45923629042279,8.49601557864202,8.165001984668955,8.201781272888184,2576000,0.0,0
2000-03-22,8.054669827222824,8.275345712900162,8.017890512943268,8.238566398620605,3040500,0.0,0
2000-03-23,8.20178708434105,8.459242284297943,8.20178708434105,8.238566398620605,2885500,0.0,0
2000-03-24,8.165005178495486,8.238563783707157,7.833991455042966,7.981108665466309,3613400,0.0,0
2000-03-27,7.944329512746711,8.459239758943257,7.944329512746711,8.38568115234375,3566100,0.0,0
2000-03-28,8.385683233087713,8.385683233087713,7.68687629699707,7.68687629699707,3799700,0.0,0
2000-03-29,8.128226765489156,8.385681911907366,7.870771619070948,8.31212329864502,4698100,0.0,0
2000-03-30,8.34890308639043,8.34890308639043,8.0914479251361,8.128227233886719,4463300,0.0,0
2000-03-31,8.128224155129908,8.1650034499495,7.981106975851539,8.054665565490723,3595100,0.0,0
2000-04-03,8.165004301701348,8.385680093639222,7.944328509763474,8.34890079498291,2803700,0.0,0
2000-04-04,8.348901849043997,8.643136275442023,8.091446725945724,8.38568115234375,3690700,0.0,0
2000-04-05,8.238565160138574,8.38568239514105,8.0914479251361,8.128227233886719,1772500,0.0,0
2000-04-06,8.16500358081801,8.643134421136182,8.12822428540892,8.42245864868164,1981700,0.0,0
2000-04-07,8.496020129534989,8.937371824575768,8.496020129534989,8.790254592895508,2653100,0.0,0
2000-04-10,8.863815058666061,9.231608214627308,8.863815058666061,9.158049583435059,3091200,0.0,0
2000-04-11,9.084490597004793,9.121269911162708,8.753476769583566,9.010931968688965,1919800,0.0,0
2000-04-12,9.010927090879346,9.047706385127833,8.643134148394475,8.97414779663086,2009700,0.0,0
2000-04-13,8.90059786293128,8.937377192943393,8.569583892822266,8.569583892822266,1606200,0.0,0
2000-04-14,8.422461703891667,8.532799630143524,8.0914479251361,8.128227233886719,3181500,0.0,0
2000-04-17,8.128225284594077,8.165004584524366,7.833990885151757,7.944328784942627,2824700,0.0,0
2000-04-18,8.01788639918165,8.42245864868164,8.01788639918165,8.42245864868164,2441300,0.0,0
2000-04-19,8.422461703891667,8.422461703891667,8.128227233886719,8.128227233886719,1697700,0.0,0
2000-04-20,8.20178708434105,8.275345712900162,8.128228455781937,8.238566398620605,2278500,0.0,0
2000-04-24,8.238563891704576,8.753474134936111,8.201784588616608,8.716694831848145,2983400,0.0,0
2000-04-25,8.827038840139554,9.084494139643626,8.459245555133739,8.863818168640137,2445600,0.0,0
2000-04-26,8.9373768256413,9.084494139643626,8.863818168640137,8.863818168640137,1640400,0.0,0
2000-04-27,8.900592516655703,8.900592516655703,8.56957874537512,8.790254592895508,2388100,0.0,0
2000-04-28,8.863812945783138,9.599399082362652,8.863812945783138,9.415502548217773,3653300,0.0,0
2000-05-01,9.452281559880072,9.709736699643342,9.305164337158203,9.305164337158203,1969600,0.0,0
2000-05-02,9.305162757997088,9.305162757997088,9.084486961364746,9.084486961364746,1386900,0.0,0
2000-05-03,9.047708559639846,9.084487862727812,8.64313622567221,8.716694831848145,1306000,0.0,0
2000-05-04,8.790254592895508,8.900592516655703,8.64313736121525,8.790254592895508,1577200,0.0,0
2000-05-05,8.827033269973029,9.452281459929452,8.75347465938992,9.26838493347168,2290800,0.0,0
2000-05-08,9.19482784886514,9.378724405842442,9.084489914678757,9.121269226074219,1894300,0.0,0
2000-05-09,9.084488173325857,9.158046782016754,8.679915825525919,8.827033042907715,1278100,0.0,0
2000-05-10,8.827033042907715,8.97415026028951,8.716695129871368,8.827033042907715,1137600,0.0,0
2000-05-11,9.82007137147507,11.18090523194165,9.268381968583212,11.144125938415527,12046700,0.0,0
2000-05-12,11.07056871842872,11.438361699107416,10.665996439682155,11.291244506835938,4319500,0.0,0
2000-05-15,11.144130516685918,11.438364985773333,10.923454664870354,11.070571899414062,2361800,0.0,0
2000-05-16,10.997011286417644,11.32802500406901,10.849894078572591,11.033790588378906,2037600,0.0,0
2000-05-17,10.96023198445638,11.107349192301433,10.849894078572591,11.033790588378906,1142200,0.0,0
2000-05-18,10.997015515152288,11.033794831256477,10.702780986318784,10.813118934631348,1599900,0.0,0
2000-05-19,10.629217461363911,10.813113957235258,10.408541666318293,10.739555358886719,1912100,0.0,0
2000-05-22,10.813113957235258,10.849893256409528,10.59243816218964,10.739555358886719,2173700,0.0,0
2000-05-23,10.739558121690719,11.144130516685918,10.665999504418865,11.070571899414062,1534700,0.0,0
2000-05-24,11.107354164123535,11.254471437820536,10.813119616729534,11.107354164123535,2268900,0.0,0
2000-05-25,10.99701694660248,11.622265401760481,10.776341021252598,11.438368797302246,2830200,0.0,0
2000-05-26,11.6590431482514,12.063615623427316,11.6590431482514,11.990056991577148,3112800,0.0,0
2000-05-30,11.842933866712782,11.990051057603624,11.69581667582194,11.916492462158203,2131900,0.0,0
2000-05-31,11.916498359726983,12.284291518977815,11.732601780101566,11.990056991577148,2184600,0.0,0
2000-06-01,12.026833340571477,12.137171261127179,11.695819578904372,11.953274726867676,2578800,0.0,0
2000-06-02,11.916494795419638,11.953274100343771,11.180908696936944,11.364805221557617,2465300,0.0,0
2000-06-05,11.438363768019766,11.879715424663615,11.328025853858804,11.695818901062012,1612900,0.0,0
2000-06-06,11.475143235729588,11.548701846215033,11.217688099030525,11.40158462524414,1325200,0.0,0
2000-06-07,11.328025916633482,11.511922441254155,11.291246611709347,11.364805221557617,1016500,0.0,0
2000-06-08,11.217689722876758,11.254469033443566,10.849896617208667,10.923455238342285,1672100,0.0,0
2000-06-09,10.960227006401112,11.254461288452148,10.886668435888353,11.254461288452148,1295200,0.0,0
2000-06-12,11.328019858964907,11.585474855759564,11.14412343268301,11.254461288452148,1287300,0.0,0
2000-06-13,10.997015515152288,11.107353463464854,10.592443038006218,10.813118934631348,1892500,0.0,0
2000-06-14,10.813113957235258,10.960231153932337,10.70277605971245,10.739555358886719,2204500,0.0,0
2000-06-15,10.739557639702218,10.776336946687499,10.408543876834683,10.518881797790527,2042200,0.0,0
2000-06-16,10.482101799339377,10.482101799339377,10.11430875374852,10.261425971984863,1812900,0.0,0
2000-06-19,10.33498526286412,10.665999025731654,10.261426648893556,10.518881797790527,1874100,0.0,0
2000-06-20,10.555663712033112,10.555663712033112,10.224649867404898,10.408546447753906,1248600,0.0,0
2000-06-21,10.371765417801706,10.665999897739344,10.07753093786407,10.48210334777832,2178800,0.0,0
2000-06-22,10.334987815614303,10.592443028102915,10.187870551335095,10.408546447753906,1315600,0.0,0
2000-06-23,10.37176730162906,10.408546618301504,10.003974134904626,10.077532768249512,1028200,0.0,0
2000-06-26,10.224646667425779,10.408543190221206,10.11430875374852,10.261425971984863,1415000,0.0,0
2000-06-27,10.261427021026611,10.84989595413208,10.224647712707519,10.298206329345703,2870100,0.0,0
2000-06-28,10.15108871459961,10.334985249284385,9.967192179914834,10.15108871459961,1389500,0.0,0
2000-06-29,10.003971391157672,10.224647230668502,9.636178325306286,10.114309310913086,1791200,0.0,0
2000-06-30,10.114310995528573,11.245274861392222,10.114310995528573,11.18091106414795,3256100,0.0,0
2000-07-03,11.070571899414062,11.10735120804999,10.665999504418865,11.070571899414062,813900,0.0,0
2000-07-05,11.0705732157973,11.328028406862352,10.776338711722952,11.217690467834473,2172500,0.0,0
2000-07-06,11.217682697834114,11.879709873443995,11.180903410300232,11.475137710571289,2388800,0.0,0
2000-07-07,11.328023804903808,11.475140997175284,11.2176859107002,11.291244506835938,1395600,0.0,0
2000-07-10,11.401586940414028,11.438366253125041,11.07057312601491,11.18091106414795,1027100,0.0,0
2000-07-11,11.254469689569975,11.401586940414028,11.18091106414795,11.18091106414795,1510100,0.0,0
2000-07-12,11.364804165703909,11.6958178792681,11.291245562689644,11.328024864196777,1443300,0.0,0
2000-07-13,11.328030834627304,11.475148118193893,11.25447219284401,11.438368797302246,1250300,0.0,0
2000-07-14,11.364810155518951,11.622265401760481,11.364810155518951,11.438368797302246,836900,0.0,0
2000-07-17,11.475145565836053,11.511924878547067,11.144131751436936,11.18091106414795,1408900,0.0,0
2000-07-18,11.180909825321844,11.180909825321844,10.8498960475985,11.070571899414062,1145000,0.0,0
2000-07-19,10.9970139529081,11.107351885545974,10.923455331149517,10.960234642028809,854500,0.0,0
2000-07-20,11.03379144317729,11.328025881662018,10.960232833556107,10.9970121383667,831000,0.0,0
2000-07-21,11.033790071131818,11.254465872554455,10.629217768523652,10.849893569946289,1191300,0.0,0
2000-07-24,10.92345261738218,10.92345261738218,10.48210099647785,10.665997505187988,999200,0.0,0
2000-07-25,10.70277946587377,11.070572574666683,10.70277946587377,10.960234642028809,823700,0.0,0
2000-07-26,11.070569528898139,11.144128130419057,10.849893724335386,10.905062675476074,1372000,0.0,0
2000-07-27,10.886675356234427,11.144130516685918,10.886675356234427,11.070571899414062,700800,0.0,0
2000-07-28,11.07056989034017,11.144128494262695,11.033790588378906,11.033790588378906,937300,0.0,0
2000-07-31,11.07057248060952,11.254469033443566,10.923455238342285,10.923455238342285,1713800,0.0,0
2000-08-01,10.960232833556107,11.03379144317729,10.739557004692562,10.9970121383667,1887900,0.0,0
2000-08-02,11.254471437820536,11.548705985214536,11.107354164123535,11.107354164123535,1747100,0.0,0
2000-08-03,11.180911154825178,11.29124909385306,11.033793902788005,11.217690467834473,940100,0.0,0
2000-08-04,11.328026870201374,11.80615787446312,11.291247562181239,11.732599258422852,2332400,0.0,0
2000-08-07,11.879718652619564,12.872760149897362,11.769380708477588,12.615304946899414,4475300,0.0,0
2000-08-08,12.578523445129395,12.725640678405762,12.173951053619385,12.504964828491211,2724900,0.0,0
2000-08-09,12.284287776587144,12.321067081307465,11.511922377460408,11.695818901062012,3926500,0.0,0
2000-08-10,11.769377107073547,11.769377107073547,11.401584072477498,11.548701286315918,1594100,0.0,0
2000-08-11,11.659042358398438,11.732600985265304,11.58548373153157,11.659042358398438,1051900,0.0,0
2000-08-14,11.732598144344598,12.137170494149585,11.695818839816873,12.026832580566406,2052200,0.0,0
2000-08-15,12.0636097630368,12.0636097630368,11.622258186340332,11.622258186340332,1143900,0.0,0
2000-08-16,11.548696285639055,11.732592723308466,11.291241272901878,11.475137710571289,1386900,0.0,0
2000-08-17,11.475140997175284,11.548699593311024,11.291244506835938,11.291244506835938,894600,0.0,0
2000-08-18,11.364799847969643,11.62225486070682,11.32802056043576,11.475137710571289,989300,0.0,0
2000-08-21,11.438365358019631,11.585482597351074,11.29124811868819,11.585482597351074,1138000,0.0,0
2000-08-22,11.548701286315918,11.842935713992755,11.438363375937103,11.548701286315918,1442800,0.0,0
2000-08-23,11.585475573172937,11.659034148240702,11.32802056043576,11.475137710571289,1782400,0.0,0
2000-08-24,11.364799144221287,11.364799144221287,11.14412343268301,11.254461288452148,920500,0.0,0
2000-08-25,11.291250756244786,11.328030074669035,11.033795527275034,11.107354164123535,1248100,0.0,0
2000-08-28,11.18090523194165,11.2544638189939,11.033788057837157,11.144125938415527,1567000,0.0,0
2000-08-29,11.180909825321844,11.180909825321844,10.886675356234427,11.070571899414062,1355600,0.0,0
2000-08-30,11.0705732157973,11.29124909385306,11.0705732157973,11.217690467834473,2073200,0.0,0
2000-08-31,11.291251346874317,11.364809987570565,11.144134065481817,11.153328895568848,2925600,0.0,0
2000-09-01,11.144128494262695,11.18090779622396,11.033790588378906,11.033790588378906,1768600,0.0,0
2000-09-05,11.107354164123535,11.217692119396284,11.033795527275034,11.107354164123535,1900500,0.0,0
2000-09-06,11.180911154825178,11.29124909385306,11.144131841815886,11.217690467834473,865700,0.0,0
2000-09-07,11.254469780843765,11.364807719871646,11.180911154825178,11.217690467834473,1072900,0.0,0
2000-09-08,11.254466760653658,11.511921882629395,11.217687457514266,11.511921882629395,3244500,0.0,0
2000-09-11,11.62226029162137,11.842936119943294,11.548701682180727,11.695818901062012,1439600,0.0,0
2000-09-12,11.769377510502652,11.842936119943294,11.62226029162137,11.695818901062012,1164400,0.0,0
2000-09-13,11.732597803613942,11.732597803613942,11.475142679396708,11.548701286315918,1061300,0.0,0
2000-09-14,11.548699590224254,11.69581678245641,11.36480309993406,11.622258186340332,1316800,0.0,0
2000-09-15,11.511916998105171,11.548696285639055,11.32802056043576,11.475137710571289,2805600,0.0,0
2000-09-18,11.364804165703909,11.401583467211042,11.144128356661115,11.328024864196777,1242800,0.0,0
2000-09-19,11.18091106414795,11.401586940414028,11.18091106414795,11.18091106414795,1324200,0.0,0
2000-09-20,11.107348671606031,11.21768657231735,10.629217768523652,10.849893569946289,2356400,0.0,0
2000-09-21,10.886677566839724,10.997015515152288,10.592443038006218,10.813118934631348,3716600,0.0,0
2000-09-22,10.739556108672042,10.813114712156098,10.665997505187988,10.665997505187988,3032300,0.0,0
2000-09-25,10.813115019033386,10.92345292739087,10.665997807890074,10.776335716247559,1246300,0.0,0
2000-09-26,10.666002014372822,10.813119283536587,10.5556640625,10.5556640625,1020200,0.0,0
2000-09-27,10.451148390769958,10.671947300434113,10.230349481105804,10.598347663879395,1937200,0.01,0
2000-09-28,10.414349256335077,11.003146387435294,10.414349256335077,10.892746925354004,1661900,0.0,0
2000-09-29,10.892746874081192,10.892746874081192,10.08315082262921,10.267149925231934,1949700,0.0,0
2000-10-02,10.303949117660522,10.635147482156754,10.193549662828445,10.598347663879395,1567900,0.0,0
2000-10-03,10.561547460853022,10.708746728600103,10.451148010042711,10.635147094726562,1177800,0.0,0
2000-10-04,10.561547259761863,10.782346157178486,10.487947627289655,10.745546340942383,1323600,0.0,0
2000-10-05,10.745548688932614,11.187146580258611,10.745548688932614,11.150346755981445,2093600,0.0,0
2000-10-06,11.1503469217019,11.371145870646492,11.076747272053701,11.223946571350098,1432200,0.0,0
2000-10-09,11.113545239766438,11.150345058441161,10.524748140970866,11.039945602416992,1468100,0.0,0
2000-10-10,11.039947116889827,11.591944472734317,11.039947116889827,11.076746940612793,1821400,0.0,0
2000-10-11,11.113547630050556,11.150347456640127,10.782349190744414,10.819149017333984,1567600,0.0,0
2000-10-12,10.819148177831945,10.929547649034312,10.414350116756601,10.451149940490723,1881200,0.0,0
2000-10-13,10.451149548982318,10.635148660760176,10.377549904271175,10.48794937133789,1246500,0.0,0
2000-10-16,10.561546319261543,10.929544448852539,10.524746506302444,10.929544448852539,1211800,0.0,0
2000-10-17,10.85594654083252,10.892746359615002,10.74554708448507,10.85594654083252,1166800,0.0,0
2000-10-18,10.671947691914097,10.671947691914097,10.340749315268488,10.561548233032227,1451400,0.0,0
2000-10-19,10.524747443525758,10.745546340942383,10.524747443525758,10.745546340942383,1219100,0.0,0
2000-10-20,10.671948879660166,11.187146411781692,10.671948879660166,11.076746940612793,1333400,0.0,0
2000-10-23,10.89274426542532,11.62874049957568,10.745545018595248,11.518341064453125,1935000,0.0,0
2000-10-24,11.444747924804688,11.591947255027256,11.039949766692626,11.444747924804688,1408400,0.0,0
2000-10-25,11.260741808515418,11.665539716664664,11.223941998683667,11.297541618347168,1249600,0.0,0
2000-10-26,11.371142204361732,11.371142204361732,10.671945758138841,10.929544448852539,2603500,0.0,0
2000-10-27,10.819150371356221,10.929549864941489,10.561551552990597,10.782350540161133,1485000,0.0,0
2000-10-30,10.745545919839438,11.334342956542969,10.524747031075615,11.334342956542969,1974100,0.0,0
2000-10-31,11.518342188000679,12.033539602160454,11.334343111515045,11.775940895080566,7806900,0.0,0
2000-11-01,12.03354445135737,12.401542752622122,11.959944791104421,12.217543601989746,4156200,0.0,0
2000-11-02,12.291141573781301,12.438340874066107,11.591944897428473,12.107142448425293,3406400,0.0,0
2000-11-03,12.07034562217505,12.29114462745874,11.84954661689136,12.180745124816895,1703600,0.0,0
2000-11-06,12.10713698271382,12.879932960333852,12.070337174255725,12.732733726501465,3704700,0.0,0
2000-11-07,12.953539757870724,13.726336163880056,12.843140271297962,13.579136848449707,9170400,0.0,0
2000-11-08,13.579131284943019,14.499126629451352,13.39513221604135,14.388727188110352,7148400,0.0,0
2000-11-09,14.388725854912582,14.683124337877546,14.241526613430102,14.425525665283203,3425400,0.0,0
2000-11-10,14.425531283291905,14.425531283291905,14.020733211566876,14.167932510375977,1594900,0.0,0
2000-11-13,14.131128491648019,14.425527001890686,13.983929236526684,14.388727188110352,1846200,0.0,0
2000-11-14,14.462332967611461,14.499132797045586,14.278333820440832,14.351933479309082,2370200,0.0,0
2000-11-15,14.204732570044895,15.30872732937481,14.204732570044895,15.124728202819824,2522600,0.0,0
2000-11-16,15.124724955234713,15.639922398965336,14.940725868188062,15.161524772644043,2483500,0.0,0
2000-11-17,15.271928304564982,15.566326922484308,14.903930032165826,15.051129341125488,1998400,0.0,0
2000-11-20,14.903934373045868,15.639931132208627,14.793534859171453,15.603131294250488,1758700,0.0,0
2000-11-21,15.198324590053373,15.382323677100025,14.977525685597392,15.161524772644043,2502800,0.0,0
2000-11-22,15.01432402237602,15.051123836156354,14.131128491648019,14.388727188110352,2132300,0.0,0
2000-11-24,14.388728503939472,14.683127041104473,14.388728503939472,14.535927772521973,492700,0.0,0
2000-11-27,14.535925096395065,14.793523768989408,14.278326423800722,14.425525665283203,1231900,0.0,0
2000-11-28,14.20473416157258,14.388733308743209,13.983935184967825,14.351933479309082,1082800,0.0,0
2000-11-29,14.241532325744629,14.425531451400245,14.167932675482383,14.241532325744629,1006800,0.0,0
2000-11-30,14.278330850227695,14.499129780901319,13.983932275996196,14.094331741333008,2426500,0.0,0
2000-12-01,14.020727751206378,14.499125286024444,13.873528509723897,14.425525665283203,2036900,0.0,0
2000-12-04,14.425528962733381,15.455923888642909,14.315129506385931,15.198325157165527,2828100,0.0,0
2000-12-05,15.271924199531977,15.382323651576787,14.71992693930793,15.345523834228516,2543700,0.0,0
2000-12-06,15.235128477325066,15.271928304564982,14.646331241486417,15.051129341125488,1399400,0.0,0
2000-12-07,15.124722862243653,15.308721923828125,14.719924926757812,15.27192211151123,1209700,0.0,0
2000-12-08,15.051128552197829,15.382326979996803,14.940729076264837,15.124728202819824,2120800,0.0,0
2000-12-11,14.793533471551271,15.308731154640123,14.793533471551271,14.867133140563965,1572200,0.0,0
2000-12-12,14.830327210602936,15.087925946270978,14.793527391221788,14.903926849365234,734000,0.0,0
2000-12-13,14.830326467011105,15.014325554691144,14.75672683193909,14.793526649475098,775300,0.0,0
2000-12-14,14.5727270025956,15.014324790553042,14.5727270025956,14.683126449584961,1370500,0.0,0
2000-12-15,14.71992626524808,15.051124606216163,14.646326633921841,14.683126449584961,1892800,0.0,0
2000-12-18,14.683130077693773,15.235127449035646,14.683130077693773,15.235127449035645,2956000,0.0,0
2000-12-19,14.793526598550741,15.271924224872034,14.793526598550741,15.161524772644043,1083900,0.0,0
2000-12-20,14.71992605148428,15.014324572513964,14.388727715325881,14.977524757385254,2365500,0.0,0
2000-12-21,15.01432342529297,15.34552173614502,14.793524551391602,15.27192211151123,5994100,0.0,0
2000-12-22,15.308724403381348,15.308724403381348,15.051125675439835,15.308724403381348,1333000,0.0,0
2000-12-26,15.30872732937481,15.30872732937481,14.90392925095384,15.124728202819824,1011000,0.0,0
2000-12-27,15.014326840019667,16.00792199855038,15.014326840019667,15.934322357177734,4366000,0.0,0
2000-12-28,15.93432446080833,16.48632184397721,15.93432446080833,16.449522018432617,3436500,0.0,0
2000-12-29,16.228719505103857,16.67031731476655,16.19191968763197,16.33911895751953,1957600,0.0,0
2001-01-02,16.19191955637049,16.523117910932612,15.529522847246241,15.897521018981934,1713800,0.0,0
2001-01-03,15.897518559506066,16.854313657994858,15.750319313584713,16.78071403503418,3236400,0.0,0
2001-01-04,16.339118222577856,16.486317485844324,15.750321169511986,16.044719696044922,2511500,0.0,0
2001-01-05,16.191918959311387,16.59671693329417,15.529522274612287,16.044719696044922,2400200,0.0,0
2001-01-08,16.191914525525323,16.228714331265152,15.750316856647359,16.007915496826172,1159900,0.0,0
2001-01-09,16.412723617048453,16.707122246950668,16.191924644621793,16.67032241821289,3279300,0.0,0
2001-01-10,16.523125462098555,16.523125462098555,15.89752828424627,16.191926956176758,2520200,0.0,0
2001-01-11,16.19191937113917,16.228719187891762,15.603122303097747,15.823921203613281,2209900,0.0,0
2001-01-12,15.823917932578334,15.897517550869395,15.087921749667714,15.492719650268555,1863900,0.0,0
2001-01-16,15.492722458795669,16.081519511861536,15.38232301134582,16.044719696044922,1323700,0.0,0
2001-01-17,16.228728539538835,16.375927891371386,15.492731780376074,15.603131294250488,2179700,0.0,0
2001-01-18,15.713522653953703,15.78712229167714,14.867126820134182,15.014326095581055,1880500,0.0,0
2001-01-19,15.051128552197829,15.419126805307801,14.940729076264837,15.124728202819824,1607500,0.0,0
2001-01-22,14.940734211004006,15.75033064608304,14.940734211004006,15.603131294250488,1749100,0.0,0
2001-01-23,15.566316576004029,15.566316576004029,14.499122295379639,14.719921112060547,2157700,0.0,0
2001-01-24,14.71993128458659,14.867130597432455,13.910335063934326,14.572731971740723,2661600,0.0,0
2001-01-25,14.27832456920249,14.867121458654138,14.204724958021034,14.609522819519043,1632100,0.0,0
2001-01-26,14.867126788123178,15.198325157165526,14.719927512993246,15.198325157165527,1292700,0.0,0
2001-01-29,15.267512282670857,15.550134682228128,14.719930681627655,14.943673133850098,1373000,0.0,0
2001-01-30,14.837687752296667,14.861239052923215,14.19001070096664,14.378425598144531,2118500,0.0,0
2001-01-31,14.54328654283899,14.54328654283899,14.013368337350984,14.366646766662598,2121800,0.0,0
2001-02-01,14.337213905478668,14.855355014591495,14.113470311535051,14.372541427612305,1750700,0.0,0
2001-02-02,14.37253596659578,14.572727054357529,14.025145615658705,14.131129264831543,1752300,0.0,0
2001-02-05,14.072253423185828,14.154685798180093,13.589439879391678,14.054590225219727,2354700,0.0,0
2001-02-06,14.131138280060027,14.560960133215113,13.995715141072857,14.484416961669922,1560200,0.0,0
2001-02-07,14.484409953402752,14.943671006544843,14.131131442726309,14.67282485961914,2586800,0.0,0
2001-02-08,14.525623335063074,14.596279475525382,14.042809931534595,14.131129264831543,3800100,0.0,0
2001-02-09,14.307770951032527,14.325435270636413,14.072252304854832,14.125244140625,1103600,0.0,0
2001-02-12,14.184127580332214,14.26655884605924,13.907393243218792,14.248895645141602,1326500,0.0,0
2001-02-13,14.307771392963822,14.719929878786452,14.160572094175958,14.60216999053955,1859100,0.0,0
2001-02-14,14.602176213524292,14.719936151956746,14.337218036614273,14.348994255065918,1645200,0.0,0
2001-02-15,14.348990075590628,14.51385259372564,14.172350219392388,14.266557693481445,1610500,0.0,0
2001-02-16,13.954494841877592,14.166461081642133,13.848511160474525,13.936830520629883,1933300,0.0,0
2001-02-20,14.084028638925712,14.278331664071835,13.94860555659025,14.119356155395508,1685800,0.0,0
2001-02-21,14.131138906688756,14.307777693805557,13.90150825882851,13.966275215148926,2149800,0.0,0
2001-02-22,14.131131435962434,14.160570843904118,13.671869259998742,13.836732864379883,1386000,0.0,0
2001-02-23,13.836730744756363,13.836730744756363,13.342141130419643,13.571771621704102,1923400,0.0,0
2001-02-26,13.630651600790351,13.836730794681088,13.259709950220033,13.789627075195312,1204900,0.0,0
2001-02-27,14.101694619850605,14.619835706929734,13.695424201944359,14.572731971740723,1821200,0.0,0
2001-02-28,14.366651157708178,14.937785148620605,14.225339967401194,14.937785148620605,2562000,0.0,0
2001-03-01,14.80825269315149,14.861244542939103,14.137024093230776,14.513854026794434,1494500,0.0,0
2001-03-02,14.54329361368811,15.149754107872813,14.425533705649794,14.837692260742188,1439600,0.0,0
2001-03-05,15.04376275639109,15.308721853064432,14.961331536555447,15.238065719604492,1377400,0.0,0
2001-03-06,15.279278509564286,15.514797021917161,14.884784580232896,15.06731128692627,1133100,0.0,0
2001-03-07,15.143864682380023,15.279288901752276,15.043769106170071,15.249848365783691,683400,0.0,0
2001-03-08,15.897522406780354,16.339120251413142,15.603123843691828,15.985841751098633,6084700,0.0,0
2001-03-09,15.897530050825354,15.985849437610442,15.709115059539318,15.868090629577637,3991200,0.0,0
2001-03-12,15.367604174741727,15.656114612220653,14.825910810505025,15.426484107971191,2714100,0.0,0
2001-03-13,15.279293857397663,15.308733279872936,14.808255236499463,15.073214530944824,1803500,0.0,0
2001-03-14,14.719936073782854,15.243965438636085,14.3372179604729,14.95545482635498,2155800,0.0,0
2001-03-15,15.043768612105826,15.043768612105826,14.555066961493335,15.00255298614502,1990600,0.0,0
2001-03-16,14.837692471779807,15.603128515790578,14.784700624713029,15.491256713867188,2937400,0.0,0
2001-03-19,15.455926184103166,15.779764188267771,15.132088179938563,15.662005424499512,4491200,0.0,0
2001-03-20,15.662008184038251,15.956406829892197,15.609016337941204,15.720888137817383,3466000,0.0,0
2001-03-21,15.455923562109415,15.803313933920133,15.432371139526367,15.432371139526367,1433400,0.0,0
2001-03-22,15.432372148143596,15.438260254174189,14.013371162971252,14.419641494750977,2501600,0.0,0
2001-03-23,13.954493788191174,15.302838763123164,13.925053255001343,15.055543899536133,2581800,0.0,0
2001-03-26,15.308727507711989,15.438262490020744,15.073208847586269,15.296951293945312,1833200,0.0,0
2001-03-27,15.296951196851207,15.296951196851207,14.749369613633593,14.967225074768066,2542600,0.0,0
2001-03-28,14.719933802538579,14.896572558952313,14.684606275864198,14.867133140563965,1345600,0.0,0
2001-03-29,14.778807203929096,15.01432581564467,14.690487864915923,14.97311019897461,1583300,0.0,0
2001-03-30,15.002557101893418,15.002557101893418,14.248897167758669,14.543295860290527,2153200,0.0,0
2001-04-02,14.484407721060581,14.572727054357529,14.101689861412979,14.131129264831543,2059900,0.0,0
2001-04-03,14.19001056474963,14.19001056474963,13.25382307072272,13.601213455200195,2480200,0.0,0
2001-04-04,13.595326268837164,13.942716676809816,13.501118814780998,13.548222541809082,2373900,0.0,0
2001-04-05,13.601217317804375,14.201790809631348,13.601217317804375,14.201790809631348,2322600,0.0,0
2001-04-06,14.131135731495764,14.425534392568592,13.995712616932288,14.248895645141602,1534800,0.0,0
2001-04-09,14.649273436265071,15.149751267016573,14.643386452704616,14.896568298339844,2859100,0.0,0
2001-04-10,14.896573216416114,15.190971905460241,14.896573216416114,14.996668815612793,1841100,0.0,0
2001-04-11,15.026108695161419,15.026108695161419,14.608061991187574,14.867133140563965,1841000,0.0,0
2001-04-12,14.849470877181634,15.455932638333252,14.808255236499463,15.073214530944824,1716000,0.0,0
2001-04-16,15.014332202978016,15.291066549090797,14.796476692561118,15.049659729003906,1685600,0.0,0
2001-04-17,14.978998235215895,15.479475984692463,14.808246540612757,15.432371139526367,2204500,0.0,0
2001-04-18,15.603122487054888,15.662002419161468,14.772918701171875,14.772918701171875,3091000,0.0,0
2001-04-19,14.778805764173514,14.778805764173514,14.131128802771574,14.6669340133667,3567500,0.0,0
2001-04-20,14.572724874402034,14.67282040330947,14.131127150935306,14.260662078857422,2993500,0.0,0
2001-04-23,14.160566549949987,14.513844953331587,14.160566549949987,14.260662078857422,1840400,0.0,0
2001-04-24,14.278329849243164,14.531512785019455,14.101691166304121,14.278329849243164,1172700,0.0,0
2001-04-25,14.248893351631278,14.54329196531753,14.166460976130848,14.384316444396973,979500,0.0,0
2001-04-26,14.47263276986663,14.867126874426532,14.36664911147123,14.454968452453613,2767000,0.0,0
2001-04-27,14.484407203629251,14.837685647238006,14.425527275854257,14.61394214630127,1784600,0.0,0
2001-04-30,14.690492495940072,14.761147540207345,14.13113463412271,14.372541427612305,2510700,0.0,0
2001-05-01,14.307769677870978,14.543289426132691,14.18412282077083,14.531513214111328,2082600,0.0,0
2001-05-02,14.57272379922945,14.666931216775128,14.525620090456611,14.608051300048828,1293500,0.0,0
2001-05-03,14.337210063703967,14.48440934336614,14.160570254284531,14.31954574584961,1667600,0.0,0
2001-05-04,14.248892831891432,14.572730845917423,14.172348566221732,14.254779815673828,1241700,0.0,0
2001-05-07,14.337204873321967,15.043760486086974,14.2901011658043,15.026097297668457,1737300,0.0,0
2001-05-08,15.020214814837322,15.803314947277338,15.014326708813996,15.485363960266113,3687200,0.0,0
2001-05-09,15.397043742638743,15.66200288345226,14.808246650201,15.308724403381348,1569300,0.0,0
2001-05-10,15.532474005392507,15.791545160624878,15.397050880878119,15.779768943786621,2461900,0.0,0
2001-05-11,15.7797649797316,15.921077300207717,15.544246317340688,15.732661247253418,1645200,0.0,0
2001-05-14,15.720882277297747,16.25079941768099,15.614898624612842,16.074159622192383,5096400,0.0,0
2001-05-15,16.04472746514343,16.133046841260633,15.832760064028712,16.09183120727539,2487900,0.0,0
2001-05-16,16.015279288363217,16.280237271803802,15.897519435917724,16.221357345581055,1697600,0.0,0
2001-05-17,16.221361151473637,16.604080200195312,16.191921742975715,16.604080200195312,4577900,0.0,0
2001-05-18,16.604072693043108,16.627623984584975,16.403881661252985,16.486312866210938,1980000,0.0,0
2001-05-21,16.456875443020962,16.486314841736206,16.19780446677075,16.42743492126465,968700,0.0,0
2001-05-22,16.515758158243283,16.568749986934055,16.368558883666992,16.368558883666992,2794500,0.0,0
2001-05-23,16.30967947225552,16.32145456027701,16.133039675437537,16.233135223388672,2096200,0.0,0
2001-05-24,16.191925621355505,16.56286742327002,15.897526973694495,16.380340576171875,2435000,0.0,0
2001-05-25,16.339122413649854,16.35089862726173,16.091827543008083,16.138931274414062,880300,0.0,0
2001-05-29,16.121270780775045,16.38034192652558,16.121270780775045,16.191926956176758,797500,0.0,0
2001-05-30,16.250794335587543,16.486312866210938,16.168362007588648,16.486312866210938,1216300,0.0,0
2001-05-31,16.427440796530828,16.562863875920655,16.33323333929951,16.474544525146484,2076100,0.0,0
2001-06-01,16.397999412407053,16.5039830697886,16.23902392633474,16.368558883666992,1132200,0.0,0
2001-06-04,16.39800083819357,16.456880777751895,16.274352852816946,16.392112731933594,1218000,0.0,0
2001-06-05,16.368557633479018,16.821931634076382,16.35089444062539,16.72183609008789,3950600,0.0,0
2001-06-06,16.957356413836557,17.063340073917256,16.53931100245309,16.786605834960938,4140100,0.0,0
2001-06-07,16.662961789283447,16.869041052177113,16.662961789283447,16.83371353149414,1500700,0.0,0
2001-06-08,16.84548932837293,16.84548932837293,16.633521963447716,16.745393753051758,999800,0.0,0
2001-06-11,16.757165240072023,16.89847753498903,16.4215510664872,16.515758514404297,1542200,0.0,0
2001-06-12,16.574634866136062,16.78071403503418,16.121260919168428,16.78071403503418,2406300,0.0,0
2001-06-13,16.839601903153678,17.281199849269377,16.78072195239659,17.145776748657227,4836100,0.0,0
2001-06-14,17.239981973648334,17.57559618926673,17.239981973648334,17.504940032958984,4989700,0.0,0
2001-06-15,17.398952080698127,17.65213498755438,17.245865838592756,17.363624572753906,4331400,0.0,0
2001-06-18,17.310634415479672,17.310634415479672,17.04567639583374,17.210538864135742,2241500,0.0,0
2001-06-19,17.369516736612493,17.446059875550834,17.192878032575404,17.351852416992188,2614600,0.0,0
2001-06-20,17.487283236632027,17.81112135755258,17.15755588390203,17.79345703125,3358100,0.0,0
2001-06-21,17.793454558769703,17.887662039875746,17.487280806695946,17.605039596557617,2427900,0.0,0
2001-06-22,17.605038669927712,17.605038669927712,17.075121335837643,17.163440704345703,1709000,0.0,0
2001-06-25,17.075116777372614,17.075116777372614,16.721838274611798,16.76305389404297,1657400,0.0,0
2001-06-26,16.81015862442118,17.722794904695746,16.551088680212416,17.587371826171875,3418600,0.0,0
2001-06-27,17.234096878598173,17.516719307132828,17.016241388034977,17.487279891967773,1866700,0.0,0
2001-06-28,17.928869652175436,18.10550830840683,17.693349946478655,17.964197158813477,4330100,0.0,0
2001-06-29,17.870001764349936,18.223280437849425,17.769906158909112,18.14673614501953,2842100,0.0,0
2001-07-02,18.146737016576186,18.37048067385673,17.77579512156328,17.875890731811523,1715100,0.0,0
2001-07-03,17.875889430953457,17.94065638131242,17.669810116257686,17.79345703125,671500,0.0,0
2001-07-05,17.840558336720377,17.869998876528832,17.440177102701295,17.711023330688477,1323400,0.0,0
2001-07-06,17.781674713499353,17.799337909584885,17.269420689231108,17.375404357910156,1235900,0.0,0
2001-07-09,17.47550238438146,17.958315944851464,17.387183022375762,17.72868537902832,2113000,0.0,0
2001-07-10,17.799338042066186,17.911209817953562,17.546155081235444,17.587371826171875,2127000,0.0,0
2001-07-11,17.63447277759171,18.099621881069886,17.63447277759171,17.811111450195312,2227400,0.0,0
2001-07-12,18.005421136039995,18.305707889584934,17.840557490061876,18.199724197387695,2454200,0.0,0
2001-07-13,18.25271207240393,18.50000692604848,18.0701852661315,18.370471954345703,1947100,0.0,0
2001-07-16,18.60598858596954,18.635427991755158,18.07607142053904,18.26448631286621,2747300,0.0,0
2001-07-17,18.193834193578923,18.535336542267245,17.9936430454125,18.470569610595703,1995000,0.0,0
2001-07-18,18.547105908849815,18.58832152007178,18.44112226682694,18.541217803955078,2524600,0.0,0
2001-07-19,18.547115325927734,18.605995281729506,18.429355414324192,18.547115325927734,2646200,0.0,0
2001-07-20,18.664875256745965,18.75319462901867,18.529451021349953,18.600107192993164,2411900,0.0,0
2001-07-23,18.605996734264973,18.623659936255216,18.158510607495554,18.246829986572266,967300,0.0,0
2001-07-24,18.182048511912196,18.182048511912196,17.457828565203638,17.622692108154297,2208300,0.0,0
2001-07-25,17.516718444739777,17.928876975009135,17.204655493362022,17.869997024536133,2701300,0.0,0
2001-07-26,17.864109779650786,18.187947838324487,17.36951996866578,18.152620315551758,2009500,0.0,0
2001-07-27,18.140844892305086,18.399916024380047,17.781679295177575,17.82878303527832,2022000,0.0,0
2001-07-30,17.987749067384794,18.12317323967905,17.869990333572208,18.099620819091797,1489500,0.0,0
2001-07-31,17.98774555568807,18.34691203823604,17.928866761797124,18.252704620361328,1945800,0.0,0
2001-08-01,18.370472318210812,18.54122291506284,18.223273024388742,18.352807998657227,2530900,0.0,0
2001-08-02,18.25271809491629,18.529452448834476,18.146734390807502,18.246829986572266,2837100,0.0,0
2001-08-03,18.311592371533596,18.311592371533596,18.087848816076292,18.134952545166016,919900,0.0,0
2001-08-06,17.928868273759964,18.134946315839077,17.192872057645697,17.422502517700195,3469500,0.0,0
2001-08-07,17.546152237626902,17.781671964071254,17.19287489404295,17.705127716064453,2605600,0.0,0
2001-08-08,17.78167094456414,17.869990275396365,17.487272426429247,17.53437614440918,3612600,0.0,0
2001-08-09,17.516715161185346,17.587371313116595,16.810158134038605,17.175212860107422,3214400,0.0,0
2001-08-10,17.263527774414978,17.769893551268616,17.2517515649437,17.663909912109375,2006900,0.0,0
2001-08-13,17.546152356822684,18.040741988849643,17.4872735478529,17.69923973083496,1758800,0.0,0
2001-08-14,17.69924363216902,17.922987198521245,17.610924276205367,17.858219146728516,1269800,0.0,0
2001-08-15,18.017194445893452,18.17028185181968,17.852330826501774,17.92298698425293,1876700,0.0,0
2001-08-16,17.86410891718467,17.928876975009135,17.528494659442703,17.869997024536133,1062100,0.0,0
2001-08-17,17.722795791544566,17.77578762893022,17.5461559592452,17.59914779663086,1932000,0.0,0
2001-08-20,17.546151219526063,17.610919252844276,17.3695125579834,17.3695125579834,2255300,0.0,0
2001-08-21,17.369520449379433,18.076077662638678,17.34596801818465,17.734575271606445,2400000,0.0,0
2001-08-22,17.81110692793323,18.482335061050815,17.793442615941345,18.252704620361328,2785300,0.0,0
2001-08-23,17.722789157903726,18.193826288309758,17.605029313781667,18.046627044677734,1982200,0.0,0
2001-08-24,18.046634979447482,18.529448531158078,18.046634979447482,18.41168975830078,1627400,0.0,0
2001-08-27,18.41169446196938,18.653101299497315,18.394030136159326,18.47646141052246,1444000,0.0,0
2001-08-28,18.252704792814868,18.346912211579664,17.91120261903223,18.299808502197266,1696200,0.0,0
2001-08-29,18.299808329298685,18.311584537293275,17.958306158742595,18.252704620361328,932900,0.0,0
2001-08-30,18.276265341805303,18.276265341805303,17.64036329761054,17.822891235351562,1597300,0.0,0
2001-08-31,17.75223416368472,18.31748002172138,17.71101854213817,18.211496353149414,1301900,0.0,0
2001-09-04,18.21738022350486,18.452898808322004,17.92886981672371,18.011301040649414,1588700,0.0,0
2001-09-05,17.869999539097165,18.252717586463028,17.634480827106003,18.217390060424805,1273500,0.0,0
2001-09-06,17.958314104661895,18.105513400601748,17.640363086371895,17.669803619384766,1869900,0.0,0
2001-09-07,17.634476102810822,17.811114808722042,17.51671621684234,17.669803619384766,1552000,0.0,0
2001-09-10,17.63446628709569,17.840544288270927,17.398946646253915,17.516706466674805,1946800,0.0,0
2001-09-17,16.927923636002973,17.016243012973757,16.162487538200434,16.191926956176758,4688100,0.0,0
2001-09-18,16.250797123205604,16.415659561401572,15.632559610847329,15.862191200256348,3531200,0.0,0
2001-09-19,16.06827441232282,16.127153227606296,14.596281569407562,15.626676559448242,4306500,0.0,0
2001-09-20,15.161527843439897,15.39115839120997,15.002552330502988,15.314615249633789,4248800,0.0,0
2001-09-21,15.014323759413381,15.397041591417645,14.896563908162298,15.043763160705566,5286100,0.0,0
2001-09-24,15.190965290208904,16.097713396660833,15.143861565395907,15.208629608154297,3790200,0.0,0
2001-09-25,15.903676169259207,15.903676169259207,15.314651125953311,15.461907386779785,2620700,0.01,0
2001-09-26,15.609163659124158,16.027370900911404,15.48546893920718,15.5208101272583,2455100,0.0,0
2001-09-27,15.815327651570042,16.209974600643406,15.550265848656416,15.756424903869629,2456200,0.0,0
2001-09-28,15.992035273317068,16.021487209830248,15.650400674099695,15.750535011291504,3306000,0.0,0
2001-10-01,15.69751635012135,15.69751635012135,15.467796954880274,15.603272438049316,2890800,0.0,0
2001-10-02,15.726966997972989,16.463248203430975,15.726966997972989,16.416126251220703,3726500,0.0,0
2001-10-03,16.198191533554507,16.993375706260625,16.198191533554507,16.781326293945312,3571900,0.0,0
2001-10-04,16.7813261496683,16.869679696214625,16.345447679693624,16.475032806396484,2040500,0.0,0
2001-10-05,16.48092097707839,16.787214279174805,16.257091947685566,16.787214279174805,1468100,0.0,0
2001-10-08,16.639964176493322,16.698866929247018,15.514925980456324,15.726975440979004,2809300,0.0,0
2001-10-09,15.844779401169953,15.903682152355465,15.656291496157541,15.874231338500977,2218400,0.0,0
2001-10-10,15.803546458673615,16.133400264190527,15.638618994176941,16.021486282348633,1704900,0.0,0
2001-10-11,16.109837990911554,16.245313505051637,15.314653817975271,16.056825637817383,3389700,0.0,0
2001-10-12,15.962577090324086,16.198186856265476,15.544368772736629,16.139284133911133,2218600,0.0,0
2001-10-15,16.021487745034452,16.274767666649705,15.832998715483056,16.12162208557129,2707000,0.0,0
2001-10-16,16.268877099868707,16.34544988427622,16.186412804957023,16.245315551757812,1882500,0.0,0
2001-10-17,16.37489913657832,16.49270461896144,16.050935745239258,16.050935745239258,1794300,0.0,0
2001-10-18,16.198188718358722,16.31599417660996,16.080383260107485,16.221750259399414,2277500,0.0,0
2001-10-19,16.369012916892324,16.398463731225387,16.145182683445455,16.286548614501953,980200,0.0,0
2001-10-22,16.109836464893473,16.58105608834243,16.109836464893473,16.469141006469727,1414600,0.0,0
2001-10-23,16.49269906280852,16.61050450550468,16.25708930089216,16.39256477355957,2018700,0.0,0
2001-10-24,16.43380067131091,16.63406930257403,16.345447127748063,16.563386917114258,3264000,0.0,0
2001-10-25,16.492701811029598,16.78721434336941,16.32188400300395,16.763652801513672,1804600,0.0,0
2001-10-26,16.869681265715165,17.258437805468695,16.681193382619686,16.728315353393555,1800500,0.0,0
2001-10-29,16.492706004515647,16.51626755236222,15.909571177030303,16.021486282348633,1787200,0.0,0
2001-10-30,16.13340001980525,16.186412378180577,15.220411400632752,15.243971824645996,3069300,0.0,0
2001-10-31,15.609169492916184,15.768206583799133,14.18961869683476,14.431118965148926,5262000,0.0,0
2001-11-01,14.696181404336512,14.925900907446406,14.260301701983337,14.825766563415527,2712200,0.0,0
2001-11-02,15.073153782882027,15.079044169240024,14.47823824244025,14.607823371887207,2019200,0.0,0
2001-11-05,14.666727560401615,14.949459392648658,14.59604516407807,14.660837173461914,2078800,0.0,0
2001-11-06,14.902339366996781,15.497255043891096,14.784534983245674,14.931791305541992,2693900,0.0,0
2001-11-07,15.049596533067815,16.316001874600037,15.049596533067815,15.891902923583984,3719900,0.0,0
2001-11-08,15.962580324728053,16.610508154959682,15.903677590438594,15.980250358581543,2980900,0.0,0
2001-11-09,16.127509994354977,16.59873084342067,15.844778159001427,16.20997428894043,1661200,0.0,0
2001-11-12,16.080386059483512,16.227642346194813,15.685739166158173,16.056825637817383,811000,0.0,0
2001-11-13,16.227645430959868,16.40435368269025,16.133401479427604,16.32777976989746,877900,0.0,0
2001-11-14,16.404340875908254,16.575157483401163,15.844766867499953,16.033254623413086,1625400,0.0,0
2001-11-15,16.021483824585207,16.604618562615215,15.96258108748115,16.539825439453125,1797400,0.0,0
2001-11-16,16.846118309944334,17.228984405368383,16.639959297492542,17.211313247680664,2420300,0.0,0
2001-11-19,17.111180696881405,17.228986179981217,16.757766494534664,17.14063262939453,1560900,0.0,0
2001-11-20,17.081729686971457,17.09351045983817,16.79899787902832,16.79899787902832,1653300,0.0,0
2001-11-21,16.846121387441553,17.111182060321976,16.846121387441553,16.93447494506836,1055100,0.0,0
2001-11-23,16.787216404453076,17.19953444974244,16.757765596993675,17.187753677368164,625700,0.0,0
2001-11-26,17.04049564645056,17.287886223571135,16.863787449378048,17.258434295654297,1501500,0.0,0
2001-11-27,17.170086715481407,17.47638013121842,16.952147990670635,17.052282333374023,1823600,0.0,0
2001-11-28,16.90502146478597,17.252546376931782,16.90502146478597,17.228984832763672,1118000,0.0,0
2001-11-29,17.346791528212982,17.364461564107128,16.45736339580594,16.89324188232422,2402100,0.0,0
2001-11-30,16.787214683746615,17.3585686036192,16.787214683746615,17.258434295654297,1648800,0.0,0
2001-12-03,17.05228537280814,17.258443359111222,16.905029026319216,17.20543098449707,1361400,0.0,0
2001-12-04,17.140629551033708,17.25843388950017,16.698860753963128,16.84611701965332,1561600,0.0,0
2001-12-05,17.0228271484375,17.134742245048777,16.905022788799208,17.0228271484375,2010600,0.0,0
2001-12-06,16.9639269369367,17.417476654052734,16.905025310070947,17.417476654052734,1317400,0.0,0
2001-12-07,17.317334446325304,17.67074966430664,17.140627399072642,17.67074966430664,1542300,0.0,0
2001-12-10,17.670753068109168,17.829790115356445,17.55294759826462,17.829790115356445,1836800,0.0,0
2001-12-11,17.906365229104004,17.906365229104004,17.588292216435022,17.78856086730957,1863400,0.0,0
2001-12-12,17.818012496172372,17.88280562839818,17.376243591308594,17.376243591308594,1722400,0.0,0
2001-12-13,17.37623832572433,17.935812551705887,17.258432870735767,17.906360626220703,2920600,0.0,0
2001-12-14,17.90636196754527,17.994715503667013,17.670752163395235,17.876911163330078,1734100,0.0,0
2001-12-17,17.847458910033847,18.0712890625,17.68842299730659,18.0712890625,2476200,0.0,0
2001-12-18,18.230319224790122,18.306891959565878,18.13018495717523,18.289220809936523,1579200,0.0,0
2001-12-19,18.28923169388849,18.29512208060365,18.141975396438575,18.259780883789062,1031200,0.0,0
2001-12-20,18.259784639753075,18.301016231764002,17.847466472690584,18.224443435668945,1190100,0.0,0
2001-12-21,18.542513812048128,18.68387973122091,18.230331161845243,18.55429458618164,2876100,0.0,0
2001-12-24,18.560181151923576,18.62497427284129,18.348131755084673,18.49538803100586,387400,0.0,0
2001-12-26,18.412929273836014,18.731002321588253,18.212660600871956,18.677989959716797,1080700,0.0,0
2001-12-27,18.677982603892858,18.96071434020996,18.677982603892858,18.96071434020996,1777400,0.0,0
2001-12-28,18.966607146693292,19.14331421311622,18.848801686760584,19.0726318359375,1571500,0.0,0
2001-12-31,18.878262446730837,19.113873490861625,18.795799255371094,18.795799255371094,1133400,0.0,0
2002-01-02,17.818009721787167,18.40703483655699,17.812119335822317,18.359912872314453,3924500,0.0,0
2002-01-03,18.377577459681234,18.407028255499693,17.9652595773677,18.02416229248047,1661200,0.0,0
2002-01-04,18.230323835682736,18.35401854394645,17.729652370976275,18.147859573364258,2123300,0.0,0
2002-01-07,18.024168517884025,18.206765986673048,17.82979027730829,18.136083602905273,1340500,0.0,0
2002-01-08,18.053616016520564,18.2303241905202,17.853347426739926,18.130189895629883,735100,0.0,0
2002-01-09,18.14197041272175,18.318678595204595,17.88280020930864,17.906360626220703,1060700,0.0,0
2002-01-10,17.75911128050379,17.829794805699926,17.61185496619866,17.68842887878418,1443600,0.0,0
2002-01-11,17.835683887177062,18.03595254984668,17.61185367667505,17.87102508544922,1303000,0.0,0
2002-01-14,17.723768480956952,18.265671713659138,17.67664650956878,18.041841506958008,1701300,0.0,0
2002-01-15,18.259777892493315,18.259777892493315,17.82978984401405,18.000606536865234,1014800,0.0,0
2002-01-16,18.024172395926268,18.071294369735526,17.08173179626465,17.08173179626465,1104800,0.0,0
2002-01-17,17.90047632125133,18.088964214474508,17.74144036351706,17.888696670532227,1385400,0.0,0
2002-01-18,17.700200957468418,17.847457208773402,17.617737816249964,17.664859771728516,1687000,0.0,0
2002-01-22,17.576509475708008,17.78855887606822,17.38213123320323,17.576509475708008,1156300,0.0,0
2002-01-23,17.64129886425653,17.700200464356747,17.435139893477754,17.67074966430664,1070900,0.0,0
2002-01-24,17.611846940730416,17.788555111459086,17.55294421715419,17.67074966430664,1690900,0.0,0
2002-01-25,17.75910701323216,17.75910701323216,17.37624091273163,17.552947998046875,1985100,0.0,0
2002-01-28,17.494047793469726,17.723767247566418,17.458705474780743,17.61774253845215,1989600,0.0,0
2002-01-29,17.700210855290994,17.829797147927707,17.42336935248135,17.49405288696289,2031300,0.0,0
2002-01-30,17.376242474305077,17.611852317058013,16.669411822569923,17.0228271484375,2903200,0.0,0
2002-01-31,16.934468808032836,16.999261917767203,16.374894606724816,16.97570037841797,2115400,0.0,0
2002-02-01,15.815328287532612,15.88012030147965,14.490021466624459,14.802204132080078,20623500,0.0,0
2002-02-04,14.136606358082282,14.990693441607034,12.958555828242092,14.478240966796875,10349000,0.0,0
2002-02-05,14.195517030105597,14.902347068321882,14.166065076340027,14.813993453979492,4364300,0.0,0
2002-02-06,14.843430878828473,14.931784406689438,14.548918370307875,14.566588401794434,3607100,0.0,0
2002-02-07,14.431116730666925,14.725629317007067,14.431116730666925,14.554811477661133,2698600,0.0,0
2002-02-08,14.637280464172363,14.725634043739456,14.51947494243176,14.637280464172363,3177800,0.0,0
2002-02-11,14.725633462270102,14.725633462270102,14.001132565560814,14.136608123779297,3166000,0.0,0
2002-02-12,14.136602251810276,14.19550498588806,13.859760862163759,14.007017135620117,3916300,0.0,0
2002-02-13,13.842088117871693,13.983453989364744,13.706612631458698,13.753734588623047,5835700,0.0,0
2002-02-14,13.812641267805999,14.21317745656013,13.812641267805999,14.001129150390625,4052500,0.0,0
2002-02-15,14.166053955108811,14.490018451334896,14.024688058446554,14.460566520690918,2592100,0.0,0
2002-02-19,14.460573050540091,14.507695037372688,14.219072727588431,14.401671409606934,2309500,0.0,0
2002-02-20,14.755077246161784,14.755077246161784,14.442894684601976,14.672614097595215,1966100,0.0,0
2002-02-21,14.813987623306549,14.866999995742148,14.578377703302062,14.637280464172363,2029000,0.0,0
2002-02-22,14.401664675402097,14.866993937351872,14.401664675402097,14.855213165283203,1879600,0.0,0
2002-02-25,14.637268377506219,15.002463171085846,14.578365665274598,14.86109733581543,1981800,0.0,0
2002-02-26,15.25575104622854,15.609166358281108,15.079043951940408,15.167397499084473,3613800,0.0,0
2002-02-27,15.285198060142429,15.832990325594096,15.226295339837407,15.491355895996094,2144000,0.0,0
2002-02-28,15.609161801815961,15.986137425441846,15.497246742248535,15.497246742248535,2080700,0.0,0
2002-03-01,15.567936090938558,16.02737502423005,15.538484157088845,15.921351432800293,1285700,0.0,0
2002-03-04,16.05093970576023,16.310111156867055,16.02148888963572,16.274768829345703,1971400,0.0,0
2002-03-05,16.3042240165084,16.56339551923838,16.121626448517134,16.151077270507812,2348500,0.0,0
2002-03-06,16.151071775727466,16.575169534885262,15.944912721499863,16.528047561645508,2356400,0.0,0
2002-03-07,16.49270537980029,16.787217975868156,16.422021862414393,16.480924606323242,2461600,0.0,0
2002-03-08,16.492711094045767,16.551613858362714,16.139295631620858,16.174636840820312,1567500,0.0,0
2002-03-11,16.257092443479582,16.374896785472018,16.14517736363201,16.26887321472168,2247300,0.0,0
2002-03-12,16.19819407220667,16.469145142873053,16.13929132361244,16.239425659179688,1131500,0.0,0
2002-03-13,16.239429363898935,16.42791730361925,15.956697454318464,16.168746948242188,919800,0.0,0
2002-03-14,16.068607525713546,16.34544895949493,15.962582812166003,16.23353385925293,765000,0.0,0
2002-03-15,16.198191182665095,16.227641989970333,16.0273733545611,16.19230079650879,1709400,0.0,0
2002-03-18,16.22764569013099,16.26298801512743,15.774097087442067,16.12162208557129,1192800,0.0,0
2002-03-19,15.933128937511356,16.24531265342521,15.915458903057152,16.198190689086914,1351600,0.0,0
2002-03-20,16.050937267524663,16.445584210417536,16.050937267524663,16.304218292236328,998300,0.0,0
2002-03-21,16.06272232119298,16.22175944282303,15.868343991470724,16.027379989624023,875100,0.0,0
2002-03-22,15.933130197113421,16.080386487746544,15.80943545225024,15.838886260986328,2215000,0.0,0
2002-03-25,15.738751447857064,16.139288725651063,15.738751447857064,15.844776153564453,1485800,0.0,0
2002-03-26,15.874228579641242,16.43380180996131,14.719738676869857,15.838886260986328,8516700,0.0,0
2002-03-27,15.63861641305512,15.844775428780727,15.373555784387555,15.450128555297852,2140300,0.0,0
2002-03-28,15.444239420875979,16.133398908821636,15.314654289035623,16.050935745239258,2904400,0.0,0
2002-04-01,15.903678122822356,16.233531873018656,15.891897350874855,16.080385208129883,1615900,0.0,0
2002-04-02,15.785877070256136,16.02148808127092,15.685742727617823,15.726975440979004,2157400,0.0,0
2002-04-03,15.738744159658767,15.874220733924963,15.550256380563274,15.709293365478516,1544400,0.0,0
2002-04-04,15.815326732995901,15.874229477275168,15.609167689756664,15.68574047088623,1364000,0.0,0
2002-04-05,15.832998998763003,15.903682526543996,15.438352017054145,15.467803955078125,1684700,0.0,0
2002-04-08,15.049590751665031,15.632726585296503,15.049590751665031,15.47957992553711,1875400,0.0,0
2002-04-09,15.550262307902237,15.756421316173583,15.344103299630891,15.47957992553711,1129900,0.0,0
2002-04-10,15.403007900683267,15.874228708623868,15.291092804319376,15.314654350280762,1842000,0.0,0
2002-04-11,15.344106154524228,15.432460834134048,15.202740240015505,15.243971824645996,1594100,0.0,0
2002-04-12,15.18506827766898,15.591494809050005,15.031921608831789,15.432458877563477,1005800,0.0,0
2002-04-15,15.403011678365777,15.691633946321048,15.273426514225644,15.279316902160645,1085900,0.0,0
2002-04-16,15.314655482266051,15.779985938111283,15.30287470841458,15.597387313842773,1522000,0.0,0
2002-04-17,15.52081674773152,15.609170317284985,15.302876894254823,15.320548057556152,984500,0.0,0
2002-04-18,15.255754952171088,15.41479205183458,14.990694242875195,15.308767318725586,1364800,0.0,0
2002-04-19,15.314658698057157,15.461915031692321,15.16740236442199,15.296987533569336,1323200,0.0,0
2002-04-22,15.090824619216567,15.108494654436335,14.79042166224124,15.026031494140625,1711200,0.0,0
2002-04-23,14.949456422276162,15.332323632948135,14.949456422276162,15.302871704101562,2068300,0.0,0
2002-04-24,15.432461299014594,15.450131336687706,15.179180273253081,15.249862670898438,1438600,0.0,0
2002-04-25,15.267535691128755,15.373560423983548,15.132060142915002,15.320548057556152,1428700,0.0,0
2002-04-26,15.320544206939303,15.620947166700033,15.173287920202258,15.214519500732422,1155700,0.0,0
2002-04-29,15.255750129778836,15.361774829373077,15.14383504426533,15.273421287536621,1272900,0.0,0
2002-04-30,15.243968121747866,15.726969616672754,15.196846161691308,15.514920234680176,2456400,0.0,0
2002-05-01,15.579716125933368,15.579716125933368,15.020141767555469,15.255751609802246,2191600,0.0,0
2002-05-02,15.196849692130543,15.208630465750558,15.05548377911961,15.126167297363281,2006200,0.0,0
2002-05-03,15.167401763125474,15.432463602551325,15.037816599115404,15.33821964263916,1589500,0.0,0
2002-05-06,15.403008298607398,15.556154980883786,15.137947640552259,15.226301193237305,1757500,0.0,0
2002-05-07,15.049593126087956,15.420679624219135,14.737410495014856,15.34410572052002,2832900,0.0,0
2002-05-08,15.255751894519967,16.109838852515228,15.055483244003511,15.856557846069336,4299600,0.0,0
2002-05-09,15.856560176102363,16.257097535992006,15.815328587315465,15.874231338500977,1759000,0.0,0
2002-05-10,15.874230399270457,16.11573065371333,15.726974091757656,15.756424903869629,1766800,0.0,0
2002-05-13,15.650396619427267,16.045043478647568,15.650396619427267,15.980250358581543,1243900,0.0,0
2002-05-14,16.139289005337513,16.42202080980596,16.05682584323663,16.339557647705078,1653100,0.0,0
2002-05-15,16.257094485604195,16.64585099761739,16.23353294016033,16.339557647705078,1536100,0.0,0
2002-05-16,16.339564356212414,16.43380832972882,15.768210126334614,16.174636840820312,1808300,0.0,0
2002-05-17,16.15696316977805,16.775439247530084,16.15696316977805,16.669414520263672,1489400,0.0,0
2002-05-20,16.610515192624785,16.610515192624785,16.310112131600157,16.32189178466797,1115900,0.0,0
2002-05-21,16.280657062792255,16.49270650595269,16.06271835596756,16.074499130249023,1306600,0.0,0
2002-05-22,16.109840344664637,16.239425491452348,15.815327728211814,15.956693649291992,1549600,0.0,0
2002-05-23,15.974360674526311,16.286543248108643,15.874226365920837,16.26887321472168,1053500,0.0,0
2002-05-24,16.209974679197654,16.315999400876905,15.956693649291992,15.956693649291992,1369700,0.0,0
2002-05-28,15.992034347540422,16.20997417121544,15.96847392317029,16.021486282348633,1349100,0.0,0
2002-05-29,16.02737675308468,16.545719609988645,16.02737675308468,16.32777976989746,1431900,0.0,0
2002-05-30,16.257090012626964,16.357224306259788,16.133394180032997,16.15695571899414,1458600,0.0,0
2002-05-31,16.080392243456142,16.392576095790876,16.080392243456142,16.168746948242188,1964500,0.0,0
2002-06-03,16.168737793748363,16.333664085886504,15.880114535554405,15.950798034667969,1283800,0.0,0
2002-06-04,16.00381804937729,16.13340321581184,15.744646593031552,15.891902923583984,1457200,0.0,0
2002-06-05,15.89190251634482,16.086280822753906,15.838890148826284,16.086280822753906,1515000,0.0,0
2002-06-06,16.215870035764105,16.46915001981199,16.145186491824518,16.380796432495117,1594000,0.0,0
2002-06-07,16.121613385420897,16.569271359028406,16.039149128408198,16.516260147094727,1647800,0.0,0
2002-06-10,16.492706342028224,16.75776814334426,16.48681595494604,16.704755783081055,1294100,0.0,0
2002-06-11,16.74009692471969,17.01693837577474,16.551609032641657,16.610511779785156,1278100,0.0,0
2002-06-12,16.61050994041428,16.745985457408874,16.410241296389074,16.58694839477539,2498900,0.0,0
2002-06-13,16.492701592683282,16.75776331767043,16.433798862299902,16.657629013061523,1186100,0.0,0
2002-06-14,16.787214110914285,16.787214110914285,16.522152386088344,16.598726272583008,3340400,0.0,0
2002-06-17,16.58695416598861,16.84023525235081,16.52216101641408,16.8343448638916,2407900,0.0,0
2002-06-18,16.905024627390684,16.963926251877798,16.751877932075946,16.928585052490234,1496600,0.0,0
2002-06-19,16.757769693927372,16.92858644121044,16.722427368164062,16.722427368164062,1469500,0.0,0
2002-06-20,16.669412609057115,16.92269362327032,16.61051098819708,16.728315353393555,1847400,0.0,0
2002-06-21,16.669417816658186,16.834345327629027,16.6399669970276,16.734210968017578,2794600,0.0,0
2002-06-24,16.734206537657695,16.875572456716217,16.52215709733168,16.610511779785156,2028300,0.0,0
2002-06-25,16.72831592669911,16.87557223084871,16.08038796374559,16.11573028564453,1710200,0.0,0
2002-06-26,15.815318705840864,16.133391565946976,15.62683091859638,15.974355697631836,3018400,0.0,0
2002-06-27,15.726972154013222,15.85066689781465,15.349995289264355,15.650398254394531,2941500,0.0,0
2002-06-28,15.520813951265092,15.92724164615473,15.34410572052002,15.34410572052002,3848400,0.0,0
2002-07-01,15.344112231570705,15.562052138259672,15.061380290577073,15.190966606140137,2346500,0.0,0
2002-07-02,15.13794555297563,15.349993825482253,14.425224596186748,14.990689277648926,2638300,0.0,0
2002-07-03,14.931791295151351,15.096717656983447,14.460570390045094,14.825766563415527,1262000,0.0,0
2002-07-05,14.813983680502643,15.520814375866868,14.813983680502643,15.420680046081543,784600,0.0,0
2002-07-08,15.420682842170779,15.550268006310914,15.208633370417266,15.279316902160645,1148700,0.0,0
2002-07-09,15.137948387633063,15.30287472785748,14.837545394897461,14.837545394897461,1237900,0.0,0
2002-07-10,14.825767858918372,15.02014617626032,14.54892635345459,14.54892635345459,1825500,0.0,0
2002-07-11,14.548916766292542,14.866989656219758,13.842086374380605,14.501794815063477,3031400,0.0,0
2002-07-12,14.431116664044868,14.878775928032402,14.301531531104931,14.51947021484375,1457500,0.0,0
2002-07-15,14.254407548179548,14.584261282173234,13.842089538080296,14.448785781860352,1918900,0.0,0
2002-07-16,14.36042572078109,14.755072425446288,13.912767811839936,14.242621421813965,1791600,0.0,0
2002-07-17,14.578377171076195,14.84932828832032,14.313315318575047,14.54892635345459,1521300,0.0,0
2002-07-18,14.372215355866347,14.713849943579984,14.372215355866347,14.513581275939941,1537200,0.0,0
2002-07-19,14.342761157679906,14.525358620898162,13.671271791514755,13.736064910888672,2187400,0.0,0
2002-07-22,13.900994984845362,14.301532301758455,13.253067038278678,13.417994499206543,2765200,0.0,0
2002-07-23,13.41799135142564,13.724283530613906,12.899648666381836,12.899648666381836,2052600,0.0,0
2002-07-24,12.546238176591094,13.359093702632567,12.457884608145692,13.347312927246094,3719100,0.0,0
2002-07-25,13.253067520222523,13.653604851701036,13.064579628580034,13.471007347106934,2270000,0.0,0
2002-07-26,13.400327236756034,13.54758358001709,13.253070893494979,13.54758358001709,1627900,0.0,0
2002-07-29,13.594700511314581,14.631384917319192,13.571140089358918,14.607823371887207,2463300,0.0,0
2002-07-30,14.342768727390036,14.372219548025386,13.8951092881766,14.118938446044922,1802900,0.0,0
2002-07-31,14.124820041122547,14.67261350232175,13.547575777623294,13.942222595214844,2860900,0.0,0
2002-08-01,13.606487466887364,14.60194074420133,13.547584700018005,14.31331729888916,3567700,0.0,0
2002-08-02,14.272081276496,14.354545573949826,14.048252179924724,14.248520851135254,2868900,0.0,0
2002-08-05,14.230845066534666,14.230845066534666,13.747844707041738,13.806747436523438,2266500,0.0,0
2002-08-06,13.694834531509871,14.342762411459361,13.694834531509871,14.065919876098633,2080900,0.0,0
2002-08-07,14.054143155775892,14.490021716232594,14.054143155775892,14.431118965148926,1778900,0.0,0
2002-08-08,14.283857429728789,15.02013874053955,14.283857429728789,15.02013874053955,1526300,0.0,0
2002-08-09,14.955353184539861,14.955353184539861,14.737414435534014,14.819877624511719,1927500,0.0,0
2002-08-12,14.548925940795817,14.925901788348039,14.519474000532895,14.743304252624512,1256700,0.0,0
2002-08-13,14.519469721105406,14.784531487964909,14.43111617331101,14.525360107421875,1345400,0.0,0
2002-08-14,14.266189785698483,14.843435329315401,14.201397778361175,14.713849067687988,1910700,0.0,0
2002-08-15,14.631385800043873,14.80220252082601,14.460567955785349,14.690288543701172,1508000,0.0,0
2002-08-16,14.490020446116322,15.279314320413306,14.490020446116322,14.660837173461914,1331800,0.0,0
2002-08-19,14.607825817260245,14.87288763036024,14.578375004016474,14.755082130432129,1240400,0.0,0
2002-08-20,14.625495509790252,14.920008106542754,14.625495509790252,14.772751808166504,1052700,0.0,0
2002-08-21,14.766864766740479,15.255755743165286,14.766864766740479,15.037817001342773,1111100,0.0,0
2002-08-22,14.961238060907693,15.42067806625562,14.961238060907693,15.326434135437012,1143800,0.0,0
2002-08-23,15.326438999351888,15.520817308786642,15.320548611371848,15.34999942779541,1701000,0.0,0
2002-08-26,15.43246222769913,15.544376217951708,14.878778169934483,15.26164436340332,1129400,0.0,0
2002-08-27,15.432457389009045,15.491358997631233,15.002468231124348,15.143834114074707,1267100,0.0,0
2002-08-28,15.079044170007764,15.108494978322923,14.401665467472194,14.725628852844238,1555900,0.0,0
2002-08-29,14.460563592622654,14.949454307556152,14.407551251674054,14.949454307556152,1271400,0.0,0
2002-08-30,14.872893309834119,15.249869255996503,14.872893309834119,14.978918075561523,1127200,0.0,0
2002-09-03,14.725628852844238,14.931787881479321,14.643165690780734,14.725628852844238,1810600,0.0,0
2002-09-04,14.743305381248522,15.232196392271955,14.743305381248522,15.108500480651855,1898800,0.0,0
2002-09-05,15.020149150669797,15.020149150669797,14.437014083166902,14.643173217773438,1725600,0.0,0
2002-09-06,14.755081165490884,14.97891137602112,14.666727608061132,14.872886657714844,862700,0.0,0
2002-09-09,14.872876779269072,15.0495837767612,14.613705542601684,14.961230278015137,851200,0.0,0
2002-09-10,14.93178607656425,15.002468457367263,14.749188615434255,14.925895690917969,914900,0.0,0
2002-09-11,14.990689277648926,15.220408707646193,14.931786542823,14.990689277648926,606400,0.0,0
2002-09-12,14.931787421612366,15.161506865129448,14.784531137619101,14.896446228027344,1739200,0.0,0
2002-09-13,14.872884323386206,14.931787060253283,14.66672530608956,14.855213165283203,1278900,0.0,0
2002-09-16,14.855217378463665,14.866998153873553,14.67261985351674,14.825766563415527,1253100,0.0,0
2002-09-17,14.872887928276274,14.955351105791848,14.519472544889254,14.53714370727539,1353000,0.0,0
2002-09-18,14.543029306974317,14.631382842864753,14.224955229597354,14.419333457946777,1035000,0.0,0
2002-09-19,14.018804083017223,14.52536628697815,13.995243651204301,14.118938446044922,1114800,0.0,0
2002-09-20,14.113044797820354,14.637278047177105,14.036472007766823,14.53714370727539,2273600,0.0,0
2002-09-23,14.19550288142722,14.578368910959224,13.959893103521068,14.213172912597656,1642800,0.0,0
2002-09-24,14.048255371800025,14.124828175966009,13.235399727852025,13.54758358001709,2185100,0.0,0
2002-09-25,13.665375834534235,13.91865555528072,13.524008893615553,13.75961971282959,1645600,0.0,0
2002-09-26,13.83623587232173,13.930520185417528,13.453205709875336,13.883378028869629,1287300,0.01,0
2002-09-27,13.918732566782472,14.201585446680266,13.488559214152465,13.635878562927246,1384400,0.0,0
2002-09-30,13.6358770746978,14.083727980969254,13.41195218354073,13.741947174072266,1970200,0.0,0
2002-10-01,13.82445325020452,14.437302551055243,13.571064802616783,14.354804039001465,1684900,0.0,0
2002-10-02,14.354796564363784,14.73193370761231,14.325332022574154,14.34890365600586,2317900,0.0,0
2002-10-03,14.46675718672461,14.46675718672461,13.848016474673177,13.90105152130127,2083300,0.0,0
2002-10-04,13.906947775450458,14.201586494744081,13.288205790559342,13.50623893737793,1950200,0.0,0
2002-10-07,13.535703159546184,13.612309860505409,12.787321622526386,12.852141380310059,1920200,0.0,0
2002-10-08,12.875712307394267,13.146779390686293,12.404289680338644,12.964103698730469,4117900,0.0,0
2002-10-09,12.964104842643744,13.199815614991197,12.610538122143755,12.787322044372559,1854800,0.0,0
2002-10-10,12.846252715070523,13.553386366377762,12.72839785582462,13.529814720153809,2056900,0.0,0
2002-10-11,13.641771105549534,13.96587433852819,13.635878196881842,13.942302703857422,1744300,0.0,0
2002-10-14,13.942308887459228,13.995343965032827,13.341245424263711,13.553385734558105,1353900,0.0,0
2002-10-15,13.464986930555229,13.84212405411379,13.258739644625159,13.753732681274414,2958700,0.0,0
2002-10-16,13.90105549334668,13.93641182654894,13.347134361375982,13.476776123046875,1199900,0.0,0
2002-10-17,13.818555245649033,13.918732446911434,13.553379970555202,13.68302059173584,1256500,0.0,0
2002-10-18,13.700696528121716,14.195689524860752,13.435521307026804,14.0542631149292,1370300,0.0,0
2002-10-21,14.054269048829308,14.08373247518762,13.641774336066934,13.883378028869629,1411200,0.0,0
2002-10-22,13.859803468494672,13.895159794599742,13.671234897324515,13.806768417358398,1534500,0.0,0
2002-10-23,13.806771763366237,13.90694898157254,13.31767149187843,13.582845687866211,1595100,0.0,0
2002-10-24,13.582843478749284,13.582843478749284,13.023030628962545,13.052494049072266,1780900,0.0,0
2002-10-25,13.023032623853071,13.046603138759934,11.903405628815772,12.298221588134766,4714900,0.0,0
2002-10-28,12.30411325738188,13.39427681747311,12.30411325738188,13.011246681213379,4807300,0.0,0
2002-10-29,13.011243812514104,13.641770395701556,12.999457995791992,13.512129783630371,3904000,0.0,0
2002-10-30,13.936408720550116,14.142656012185958,13.411952253097894,13.653555870056152,3220900,0.0,0
2002-10-31,14.024801155506395,14.024801155506395,13.258741013214728,13.565165519714355,2836300,0.0,0
2002-11-01,13.435524900745573,14.113194841704457,13.41784729724899,13.977660179138184,3463400,0.0,0
2002-11-04,14.437301687872212,14.737833408902862,14.119091233619336,14.555157661437988,2718700,0.0,0
2002-11-05,14.596405159453116,14.596405159453116,14.254624225968636,14.549263000488281,1836300,0.0,0
2002-11-06,14.496228985916462,14.761403227903816,14.41372935875696,14.749618530273438,1943700,0.0,0
2002-11-07,14.731935381644263,14.808540951087526,14.58461602782782,14.779077529907227,1401700,0.0,0
2002-11-08,14.731933474855332,14.731933474855332,14.348903429300558,14.443187713623047,1452100,0.0,0
2002-11-11,14.407829968803078,14.838002114146628,14.242831925512565,14.75550365447998,1611300,0.0,0
2002-11-12,14.761391430653143,14.849783897963796,14.643536680833789,14.726035118103027,1604300,0.0,0
2002-11-13,14.70247337474933,14.779078951561566,14.531582368384031,14.76140022277832,6387100,0.0,0
2002-11-14,14.808542674581624,14.849793042575435,14.637652788723395,14.743722915649414,1451500,0.0,0
2002-11-15,14.61407956750685,14.790863467894525,14.596401964238321,14.731935501098633,1680000,0.0,0
2002-11-18,14.731938725982298,14.749617457078259,14.390157792497819,14.549263000488281,1427100,0.0,0
2002-11-19,14.407829654628992,14.431400160895254,13.576948796524503,13.718375205993652,3169400,0.0,0
2002-11-20,13.718383878560179,14.113199942742579,13.48856483442195,13.553385734558105,3114300,0.0,0
2002-11-21,13.671237330489127,14.18980099349942,13.529809752983324,14.113195419311523,2759600,0.0,0
2002-11-22,14.10730217899582,14.289977870049169,14.054267119664603,14.08962345123291,1529000,0.0,0
2002-11-25,14.378365670844438,14.502114486371198,14.10140574879081,14.372472763061523,2258200,0.0,0
2002-11-26,14.284089823426793,14.508015955489862,14.148556236311615,14.166234970092773,1836800,0.0,0
2002-11-27,14.16623702617298,14.731943101781523,14.16623702617298,14.649444580078125,1193800,0.0,0
2002-11-29,14.555151898192053,14.761398084330295,14.555151898192053,14.684792518615723,1054700,0.0,0
2002-12-02,14.761399234337713,14.8203272023784,14.561044817373885,14.720149993896484,1294000,0.0,0
2002-12-03,14.761398922517838,14.761398922517838,14.525688179291755,14.731935501098633,2172200,0.0,0
2002-12-04,14.584613089180435,14.73193241331357,14.437293765047299,14.661218643188477,1430500,0.0,0
2002-12-05,14.761400981246716,14.773186801041124,14.46676223013235,14.478548049926758,840400,0.0,0
2002-12-06,14.331224704506095,14.714254750060867,14.25461914497807,14.443187713623047,3532900,0.0,0
2002-12-09,14.401940543871312,14.44908269278916,13.965875385391842,14.060159683227539,2267800,0.0,0
2002-12-10,13.971767530845572,13.995339167891103,13.606416148299994,13.712486267089844,2302200,0.0,0
2002-12-11,13.612311742350114,13.700703150789467,13.37070803476894,13.435527801513672,1809100,0.0,0
2002-12-12,13.58284731966587,13.753738351707117,13.435527929543865,13.671239852905273,1826600,0.0,0
2002-12-13,13.677132135229279,13.730167207512364,13.464992970054722,13.69481086730957,1735900,0.0,0
2002-12-16,13.80087572434249,14.21337032318115,13.700698528850662,14.213370323181152,1713600,0.0,0
2002-12-17,14.213373527346404,14.390156324440039,14.007126181432088,14.242836952209473,1239300,0.0,0
2002-12-18,14.24283928280723,14.266409801763075,14.024806081687226,14.142662048339844,1760100,0.0,0
2002-12-19,14.024806606682576,14.172126008534105,13.559277881289814,13.624098777770996,1727600,0.0,0
2002-12-20,13.73016583765076,13.889271038626061,13.724274051502945,13.794986724853516,2969300,0.0,0
2002-12-23,13.800882202629007,14.183912439087896,13.67124152806138,13.848024368286133,1035100,0.0,0
2002-12-24,13.641769982880527,13.777303499211316,13.612306565924204,13.741947174072266,582500,0.0,0
2002-12-26,13.671233905006936,13.877480062280714,13.547485086685407,13.600520133972168,1156800,0.0,0
2002-12-27,13.624098346727617,13.700703938725294,13.235174104103269,13.400172233581543,1411300,0.0,0
2002-12-30,13.229278127725081,13.48855937541926,12.905174882171185,13.45909595489502,2466500,0.0,0
2002-12-31,13.400168818599024,13.565166906028159,13.323563246123989,13.50623893737793,1176900,0.0,0
2003-01-02,13.582851038742035,13.92463207244873,13.582851038742035,13.92463207244873,1565400,0.0,0
2003-01-03,13.924624846824859,14.08373001890935,13.806770037988459,14.030694961547852,1200700,0.0,0
2003-01-06,13.877481409532866,14.242833868093294,13.877481409532866,14.001230239868164,2172500,0.0,0
2003-01-07,14.024799214128658,14.024799214128658,13.712482966160156,13.90105152130127,1885200,0.0,0
2003-01-08,13.99533664542099,13.99533664542099,13.85391022051056,13.94819450378418,1684700,0.0,0
2003-01-09,13.95997830510942,14.17211734987489,13.948192490412131,13.99533462524414,1478100,0.0,0
2003-01-10,13.712487512564236,14.248729940523049,13.706594602767613,14.119088172912598,2442100,0.0,0
2003-01-13,14.142656671710384,14.18979881565779,13.93051646196837,14.001230239868164,1307100,0.0,0
2003-01-14,13.995338298847585,14.207478523254395,13.877482368853258,14.207478523254395,1402200,0.0,0
2003-01-15,14.289975011584877,14.466757758021567,14.107299357072657,14.13086986541748,1464500,0.0,0
2003-01-16,14.136763294654886,14.201584161918076,13.94230181682265,14.018908500671387,1185500,0.0,0
2003-01-17,14.071941352913937,14.071941352913937,13.812660151573528,13.90105152130127,1176400,0.0,0
2003-01-21,14.007125772725026,14.007125772725026,13.688915398492252,13.889269828796387,1166100,0.0,0
2003-01-22,13.918737060449226,14.348909428003026,13.877486685350354,14.142662048339844,3718400,0.0,0
2003-01-23,14.14266249752703,14.231053913345008,14.0012360074267,14.083734512329102,1700700,0.0,0
2003-01-24,14.113195874879352,14.113195874879352,13.612309799920745,13.641773223876953,1276900,0.0,0
2003-01-27,13.635882260086996,13.794987469652474,13.288208412795505,13.435527801513672,1522900,0.0,0
2003-01-28,13.417840652377679,13.618194968473134,13.417840652377679,13.42962646484375,1696600,0.0,0
2003-01-29,13.34123877278541,13.588735303416396,13.058385916052096,13.470880508422852,1447700,0.0,0
2003-01-30,13.417847301896805,13.647665139091949,13.394275665283203,13.394275665283203,1430600,0.0,0
2003-01-31,13.235174491472876,13.571063671022856,13.235174491472876,13.547492027282715,1571800,0.0,0
2003-02-03,13.547486948661426,13.653557057813295,13.435523930783628,13.559272766113281,1087400,0.0,0
2003-02-04,13.329457422886112,13.394277183003323,13.058389190902126,13.288207054138184,1616000,0.0,0
2003-02-05,13.423736214578595,13.588733125921477,13.205703136644862,13.235166549682617,1381000,0.0,0
2003-02-06,13.29409518495326,13.370701861131536,12.964100221300896,12.987671852111816,2562000,0.0,0
2003-02-07,13.052496666099962,13.093745912107027,12.757857910097897,12.93464183807373,1467100,0.0,0
2003-02-10,13.034815917803908,13.123207298504719,12.81088988780731,12.822675704956055,1407200,0.0,0
2003-02-11,12.78731933830486,12.964102099165066,12.693035049318432,12.781426429748535,1165400,0.0,0
2003-02-12,12.84625268379141,13.011250835083471,12.669469833374023,12.669469833374023,1213300,0.0,0
2003-02-13,12.669468700222895,12.816788103713858,12.52214929673193,12.634112358093262,1476300,0.0,0
2003-02-14,12.634105637841058,12.893386840820312,12.510356820274241,12.893386840820312,1002700,0.0,0
2003-02-18,12.893388538549516,13.146777990970865,12.66946362940821,13.023030281066895,1715000,0.0,0
2003-02-19,13.028921207907771,13.052491714989118,12.698925117111067,12.94642162322998,1671700,0.0,0
2003-02-20,12.946425060292654,12.975889606913228,12.463217735290527,12.463217735290527,1725800,0.0,0
2003-02-21,12.522146537559184,12.551609962182164,11.962332478061732,12.298221588134766,3941100,0.0,0
2003-02-24,12.08018376395955,12.109647177215606,11.838580178596931,11.879829406738281,2144300,0.0,0
2003-02-25,11.685369114263358,11.944651447632895,11.42608678089382,11.78554630279541,2933900,0.0,0
2003-02-26,11.78554323516355,11.844471176130765,11.66768735322912,11.750186920166016,1819700,0.0,0
2003-02-27,11.779654657925757,11.873938948541838,11.667691641335137,11.773761749267578,1975300,0.0,0
2003-02-28,11.779654774952087,11.803226409818983,11.661799972489847,11.726619720458984,1555300,0.0,0
2003-03-03,11.785551820317975,11.891621966534085,11.632339511778904,11.708946228027344,1522600,0.0,0
2003-03-04,11.614656293456273,11.673584254589482,11.543943639262322,11.620549201965332,2006900,0.0,0
2003-03-05,11.5851951984259,11.80322836116087,11.5851951984259,11.767870903015137,1909200,0.0,0
2003-03-06,11.773763812706092,11.826798875967096,11.55573177392872,11.767870903015137,1611500,0.0,0
2003-03-07,11.614655341905381,11.92107981552781,11.579299017705035,11.78554630279541,2420500,0.0,0
2003-03-10,11.708942118266226,11.815011103295017,11.549836954786917,11.726619720458984,1224800,0.0,0
2003-03-11,11.750196594898298,11.90340891798034,11.67358987137832,11.703054428100586,1970400,0.0,0
2003-03-12,11.70304909328422,11.815010985917437,11.57930025937724,11.773761749267578,1418700,0.0,0
2003-03-13,12.050723203979567,12.398396957714938,11.85626170815787,12.380718231201172,2645500,0.0,0
2003-03-14,12.327683766164068,12.651785900073575,12.20393492255449,12.52214527130127,1773100,0.0,0
2003-03-17,12.59286021094935,13.011246681213379,12.575181481968405,13.011246681213379,2409200,0.0,0
2003-03-18,12.987676776819548,13.011247292610792,12.746071965224015,12.981783866882324,1718600,0.0,0
2003-03-19,13.023029878070034,13.034815695017338,12.65767742040514,12.751961708068848,2495400,0.0,0
2003-03-20,12.769645901980812,12.981786202050097,12.551612690914286,12.881608963012695,2493500,0.0,0
2003-03-21,12.96999610201415,13.317669868469238,12.77553459907804,13.317669868469238,3367300,0.0,0
2003-03-24,13.140884819519494,13.146777728057653,12.663570467502314,12.740177154541016,1812100,0.0,0
2003-03-25,12.669466508088808,13.052496666099962,12.59286092606964,12.93464183807373,1822200,0.0,0
2003-03-26,12.787318663307754,12.969994323081487,12.675355654562482,12.899280548095703,1291600,0.0,0
2003-03-27,12.78731736725861,12.869815826416016,12.651782739269313,12.869815826416016,1703700,0.0,0
2003-03-28,12.787323494522216,12.90517833208249,12.681253353947547,12.810894012451172,1265700,0.0,0
2003-03-31,12.657682642099637,12.757859879563277,12.404293092988205,12.480899810791016,1289100,0.0,0
2003-04-01,12.480900399341841,12.62232689584943,12.327688080469152,12.37483024597168,1975800,0.0,0
2003-04-02,12.522142636034367,12.905172656580438,12.48089340483118,12.893386840820312,1692400,0.0,0
2003-04-03,12.893390000333149,12.893390000333149,12.421968493979252,12.463217735290527,2354300,0.0,0
2003-04-04,12.56928943424242,12.69303829767988,12.315899921260748,12.433755874633789,2072700,0.0,0
2003-04-07,12.698927759503864,12.810890782319913,12.345362212013125,12.368932723999023,1609500,0.0,0
2003-04-08,12.433753286785038,12.463216707017214,12.345361902131073,12.380718231201172,1250700,0.0,0
2003-04-09,12.368932723999023,12.610536372631179,12.292327155098022,12.368932723999023,1497900,0.0,0
2003-04-10,12.327684313667971,12.433754434627742,12.19215076975606,12.416075706481934,1514600,0.0,0
2003-04-11,12.463215367482734,12.610534700724747,12.315896034240723,12.315896034240723,855000,0.0,0
2003-04-14,12.286437231081253,12.6400039884279,12.274651410246227,12.610539436340332,992700,0.0,0
2003-04-15,12.64000425945283,12.816787079937834,12.557504635796436,12.805001258850098,1707800,0.0,0
2003-04-16,12.816785311068871,12.922855438304039,12.492683143590403,12.551609992980957,988300,0.0,0
2003-04-17,12.498576684241542,12.698931147381739,12.463220344851438,12.592862129211426,958500,0.0,0
2003-04-21,12.58696987912228,12.669468383347342,12.315901599020501,12.321794509887695,1321100,0.0,0
2003-04-22,12.327680375801078,12.82856627369081,12.256966609763689,12.71660327911377,2208300,0.0,0
2003-04-23,12.657680390797365,12.698929635835574,12.469111771218337,12.492683410644531,1942400,0.0,0
2003-04-24,12.492683430407569,12.533932675511032,12.044832396220075,12.286436080932617,2693100,0.0,0
2003-04-25,12.298221426458682,12.321791941055679,11.897512562691409,12.062509536743164,2535900,0.0,0
2003-04-28,12.180368672779013,12.457328754611636,12.127333596093932,12.37483024597168,1733900,0.0,0
2003-04-29,12.657683235815435,12.822681377011888,12.610541070324718,12.704825401306152,4578800,0.0,0
2003-04-30,12.651785340929562,12.887497199491028,12.610536102868537,12.799104690551758,3316500,0.0,0
2003-05-01,12.775530815124512,12.85213636221565,12.551604833244916,12.775530815124512,1257800,0.0,0
2003-05-02,12.775533737301554,13.09374293702419,12.72839159201089,13.023030281066895,2146300,0.0,0
2003-05-05,12.993571281433105,13.105534345750975,12.928751506476765,12.993571281433105,1746700,0.0,0
2003-05-06,12.993570443377155,13.31767379308645,12.952321191804181,13.22928237915039,2561200,0.0,0
2003-05-07,13.223387359309429,13.223387359309429,13.00535419068151,13.15856647491455,2180900,0.0,0
2003-05-08,13.117321136551283,13.246961819993297,12.94053716026712,13.028929710388184,1819700,0.0,0
2003-05-09,13.070176449165356,13.358922318437077,13.058390628225837,13.347136497497559,4144700,0.0,0
2003-05-12,13.464990864301958,13.641773661627145,13.299992762562866,13.582845687866211,2575200,0.0,0
2003-05-13,13.671239303240226,14.066055297851562,13.606418414526248,14.066055297851562,3668000,0.0,0
2003-05-14,14.148554959068255,14.231053461350408,13.954093400861893,14.142662048339844,2697000,0.0,0
2003-05-15,14.207477826735321,14.502116513319082,14.14854986462709,14.490330696105957,2565800,0.0,0
2003-05-16,14.525685134735731,14.661218643188477,14.419615041526715,14.661218643188477,2412700,0.0,0
2003-05-19,14.54337050992123,14.561048117569731,14.37837238680273,14.44908618927002,2480300,0.0,0
2003-05-20,14.449080742093008,14.555150843827558,13.983551100915216,14.231047630310059,2059100,0.0,0
2003-05-21,14.160334405795123,14.20158363836653,14.054264308350193,14.13086986541748,1774600,0.0,0
2003-05-22,14.089624959207349,14.437298774719238,14.083732049322343,14.437298774719238,2447600,0.0,0
2003-05-23,14.472652672047488,14.496224307616698,14.331226230504575,14.378368377685547,1780500,0.0,0
2003-05-27,14.248722775715171,14.525682653144584,14.142652700627337,14.431398391723633,2313000,0.0,0
2003-05-28,14.437297642224761,14.708364731926094,14.437297642224761,14.614080429077148,2185500,0.0,0
2003-05-29,14.614085019527081,14.731940997086937,14.466765609556212,14.578728675842285,3960600,0.0,0
2003-05-30,14.584615598472773,15.032466555765415,14.584615598472773,15.008894920349121,2795300,0.0,0
2003-06-02,15.079608702640567,15.344783981286684,14.920503535452896,15.008894920349121,1971100,0.0,0
2003-06-03,15.014789012954111,15.067824072864566,14.596402566946669,14.702472686767578,1492300,0.0,0
2003-06-04,14.696579185946629,15.144430160522461,14.555152739863338,15.144430160522461,1558300,0.0,0
2003-06-05,15.144429754738578,15.17389317539909,14.908717893624669,15.038359642028809,2071100,0.0,0
2003-06-06,15.026584762157412,15.14444077850274,14.731945845252366,14.820337295532227,1792100,0.0,0
2003-06-09,14.826217837477163,14.826217837477163,14.549257891311855,14.69068431854248,1024100,0.0,0
2003-06-10,14.6906875555605,14.790864770750396,14.655331221951588,14.76140022277832,832300,0.0,0
2003-06-11,14.820326769142634,14.849791314280406,14.678900324353746,14.779077529907227,1370600,0.0,0
2003-06-12,14.83800331103252,15.091392742113335,14.83800331103252,14.997108459472656,1842300,0.0,0
2003-06-13,14.991218764430478,15.01478927816394,14.531581945073707,14.614080429077148,1666600,0.0,0
2003-06-16,14.584617095693732,14.667115580204976,14.437297731090766,14.525689125061035,2725100,0.0,0
2003-06-17,14.584618099629637,14.749616203967365,14.454977454479899,14.602296829223633,2514300,0.0,0
2003-06-18,14.5846210928505,14.590514003924575,14.401945345385624,14.555157661437988,1766200,0.0,0
2003-06-19,14.5846210928505,14.59640691499865,14.289982282893924,14.555157661437988,2165200,0.0,0
2003-06-20,14.555153538763735,14.58461696183088,14.30765696354406,14.360692024230957,2451700,0.0,0
2003-06-23,14.3017606058842,14.307653513868315,13.700697478991597,13.759625434875488,1764900,0.0,0
2003-06-24,13.906945644544109,14.060157889975587,13.612306970396807,14.013015747070312,1687500,0.0,0
2003-06-25,14.018911705457693,14.266407166588815,13.818557273530757,14.048375129699707,1879400,0.0,0
2003-06-26,13.965879665891075,14.231053913345008,13.918737502524298,14.083734512329102,2832000,0.0,0
2003-06-27,14.05426989498764,14.101412054373803,13.895164685575185,13.9658784866333,1501100,0.0,0
2003-06-30,14.101409666917156,14.337120423940673,14.083730938656313,14.195693969726562,2411000,0.0,0
2003-07-01,14.142654783145122,14.366579656003744,14.024798877036025,14.337116241455078,2425800,0.0,0
2003-07-02,14.337118885369268,14.7024713625165,14.28997673902357,14.637650489807129,1937300,0.0,0
2003-07-03,14.584617005920933,14.7201505507716,14.49622561249474,14.614080429077148,1387200,0.0,0
2003-07-07,14.702466675992966,14.761393497173644,14.590503692626953,14.590503692626953,1349200,0.0,0
2003-07-08,14.466760247394312,14.843898561423302,14.466760247394312,14.773184776306152,1979300,0.0,0
2003-07-09,14.702473671613207,14.885149376898239,14.49622632747457,14.743722915649414,1151300,0.0,0
2003-07-10,14.643550923532704,14.667121446839115,14.289984082272506,14.31944751739502,1412900,0.0,0
2003-07-11,14.307656513023991,14.513902715914812,14.307656513023991,14.384262084960938,1535700,0.0,0
2003-07-14,14.466756775240384,14.578719773154775,14.301759856163612,14.425507545471191,1076900,0.0,0
2003-07-15,14.437291298557074,14.584610597521943,14.372470447346275,14.431398391723633,1038500,0.0,0
2003-07-16,14.160335401277079,14.242833872219597,13.724270288647894,14.172120094299316,1856500,0.0,0
2003-07-17,14.113191746215353,14.142655161552355,13.706590095612693,13.777302742004395,1908400,0.0,0
2003-07-18,13.87748798620771,13.965880531461872,13.789096564911452,13.91873836517334,2036200,0.0,0
2003-07-21,14.024802006501512,14.077837063689017,13.700699878317842,13.783198356628418,1235400,0.0,0
2003-07-22,13.783203312227005,13.906952198142887,13.612313385148157,13.853917121887207,972400,0.0,0
2003-07-23,13.901051854622464,13.90694476260658,13.688911663023363,13.759625434875488,1467400,0.0,0
2003-07-24,13.877483987399364,14.007125750304873,13.629987404711438,13.641773223876953,1769000,0.0,0
2003-07-25,13.671237009794995,14.124979782801216,13.635879554269174,14.08962345123291,1016600,0.0,0
2003-07-28,14.024801215894927,14.172120561120535,13.842125542523245,13.983551979064941,1022300,0.0,0
2003-07-29,13.995339306398924,14.083730698279412,13.730164006799933,13.877483367919922,1526800,0.0,0
2003-07-30,13.948196757338883,14.10140902340174,13.806770309578743,13.977660179138184,1595100,0.0,0
2003-07-31,14.142656907173036,14.284083341369879,13.971765930045148,14.077836036682129,2014900,0.0,0
2003-08-01,13.977663183511538,14.060162805405628,13.853915436607009,13.9658784866333,2016900,0.0,0
2003-08-04,13.995336574571567,14.142655906935477,13.948194433173407,14.036585807800293,1584700,0.0,0
2003-08-05,14.201586972517529,14.979433037787986,14.166230639720933,14.525689125061035,4399900,0.0,0
2003-08-06,14.466762770727305,14.914613824031388,14.148553492090896,14.331229209899902,1841100,0.0,0
2003-08-07,14.289979906935345,14.531583601012278,14.20158850343656,14.496227264404297,1649100,0.0,0
2003-08-08,14.478541063218515,14.661216686050048,14.466755249111424,14.619967460632324,850000,0.0,0
2003-08-11,14.661228816949265,14.855690414788048,14.608194857500528,14.673014640808105,1570700,0.0,0
2003-08-12,14.66711523085559,14.708364472128714,14.472653719169767,14.702472686767578,1802400,0.0,0
2003-08-13,14.720152905251657,14.726045815616978,14.525691359027,14.549263000488281,1224800,0.0,0
2003-08-14,14.584618099629637,14.619974434859996,14.525690124940617,14.602296829223633,1707800,0.0,0
2003-08-15,14.619976001874102,14.849795015398227,14.478549521836507,14.826223373413086,1069100,0.0,0
2003-08-18,15.120857370372484,15.132643187636123,14.838004499789493,14.908717155456543,1841300,0.0,0
2003-08-19,15.173891261316705,15.46852992658499,15.138534936192556,15.374245643615723,2103200,0.0,0
2003-08-20,15.344787142072219,15.409606904904004,15.238717008764988,15.36835765838623,1470900,0.0,0
2003-08-21,15.450850558050782,15.674776563737508,15.409601326465665,15.527457237243652,1966000,0.0,0
2003-08-22,15.662995002346566,15.769065126066717,15.368356269327286,15.427284240722656,1419400,0.0,0
2003-08-25,15.42139093383265,15.60995953827303,15.262285752352,15.321213722229004,1377200,0.0,0
2003-08-26,15.250497205928259,15.279961747575593,14.867467156171612,15.109070777893066,1857900,0.0,0
2003-08-27,15.109065697926853,15.321205830632609,15.026567256966597,15.244600296020508,1355000,0.0,0
2003-08-28,15.256392842968545,15.468533084942745,15.173894359515263,15.321213722229004,1103700,0.0,0
2003-08-29,15.26228230449756,15.692454476693023,15.250496488393148,15.680669784545898,1142600,0.0,0
2003-09-02,15.680671574860387,15.798526377488523,15.215141901200614,15.727813720703125,2078500,0.0,0
2003-09-03,15.657095574072342,15.68066720239961,15.43906363183062,15.503883361816406,1839000,0.0,0
2003-09-04,15.562808189103706,15.680664059201566,15.503880254054776,15.556915283203125,1708800,0.0,0
2003-09-05,15.48621037842373,15.58049467190926,15.27407015610257,15.33889102935791,1561700,0.0,0
2003-09-08,15.40370841853104,15.627634424217764,15.380137910749799,15.527457237243652,1195800,0.0,0
2003-09-09,15.439067090935758,15.527458469052798,15.297639537199675,15.309425354003906,1471600,0.0,0
2003-09-10,15.32121112316253,15.32121112316253,15.044251172868469,15.097286224365234,1092300,0.0,0
2003-09-11,15.203355203401417,15.256390254898182,15.097286224365234,15.097286224365234,910900,0.0,0
2003-09-12,15.050144315069119,15.215141256549225,14.885146249631644,15.1738920211792,826300,0.0,0
2003-09-15,15.08549865571608,15.232817976330578,15.044249425777176,15.091391563415527,756200,0.0,0
2003-09-16,15.07372046138501,15.386037983615832,15.07372046138501,15.380145072937012,976500,0.0,0
2003-09-17,15.327107067321405,15.386035038873576,15.262286186218262,15.262286186218262,800000,0.0,0
2003-09-18,15.350675637791324,15.833884044166886,15.321212217724826,15.598172187805176,1625700,0.0,0
2003-09-19,15.598166605453093,15.733701211542485,15.527453973017526,15.716022491455078,1318400,0.0,0
2003-09-22,15.598164500550315,15.609950312351476,15.468523942608169,15.556915283203125,1130300,0.0,0
2003-09-23,15.556925819474632,15.727816834460555,15.556925819474632,15.633532524108887,1152400,0.0,0
2003-09-24,15.692458450317723,15.869242364777046,15.556924902669207,15.67478084564209,2052200,0.0,0
2003-09-25,15.65709906424161,15.869239270647403,15.62763564622185,15.639421463012695,1674600,0.0,0
2003-09-26,15.58047174268883,15.58636687253048,15.14424225383616,15.421306610107422,2044100,0.01,0
2003-09-29,15.421300289421417,15.87521498175427,15.409510034570557,15.757314682006836,2163300,0.0,0
2003-09-30,15.657106673875044,15.674792063955739,15.41541196467765,15.427202224731445,1936300,0.0,0
2003-10-01,15.415408656375927,15.621733665513595,15.38593413694805,15.533308982849121,1669700,0.0,0
2003-10-02,15.533312795580773,15.562787322243326,15.309302345173354,15.32109260559082,1353000,0.0,0
2003-10-03,15.503834474307329,15.562784641860548,15.3269850960286,15.356459617614746,1825900,0.0,0
2003-10-06,15.326989187928374,15.433099292976566,15.209088821345665,15.33877944946289,1361800,0.0,0
2003-10-07,15.262138646344033,15.615838500563095,15.226768998236379,15.598153114318848,2104900,0.0,0
2003-10-08,15.615835841938747,15.615835841938747,15.356455843087238,15.380036354064941,992900,0.0,0
2003-10-09,15.380042312413654,15.61584189163806,15.279827350695646,15.326987266540527,1333800,0.0,0
2003-10-10,15.326991596003486,15.37415152516978,15.214986342590514,15.232671737670898,985000,0.0,0
2003-10-13,15.309304765729587,15.321095028011216,15.067610010862694,15.11476993560791,1488600,0.0,0
2003-10-14,15.15013571774987,15.36235474680816,14.932020435117241,15.356459617614746,2339900,0.0,0
2003-10-15,15.444887129474024,15.55099609348058,15.35646130623032,15.421306610107422,2287400,0.0,0
2003-10-16,15.35646392639204,15.515629086130641,15.273934343289614,15.486154556274414,1495100,0.0,0
2003-10-17,15.533308946851623,15.598153114318848,15.421303749399737,15.598153114318848,1702500,0.0,0
2003-10-20,15.609946719978344,15.615841849990868,15.415411927089394,15.60405158996582,1387200,0.0,0
2003-10-21,15.604043258418178,15.763208310629249,15.503828350475708,15.574568748474121,1162000,0.0,0
2003-10-22,15.503834474307329,15.550994383473718,15.338775354415429,15.356459617614746,1561600,0.0,0
2003-10-23,15.356456230924476,15.356456230924476,14.973281912904646,15.085287094116211,2293600,0.0,0
2003-10-24,15.085290193505877,15.085290193505877,14.678535280341855,14.855385780334473,2099200,0.0,0
2003-10-27,14.85539431798408,15.067613465807929,14.708019378815118,14.955609321594238,1674500,0.0,0
2003-10-28,14.961497322146569,15.120662462390312,14.761068519786905,14.973287582397461,1658400,0.0,0
2003-10-29,14.973285713823255,15.326985606542742,14.843596240391195,15.285720825195312,1674800,0.0,0
2003-10-30,15.285726993988257,15.60405623883584,15.1324569411426,15.256251335144043,1675900,0.0,0
2003-10-31,15.256250406976422,15.421310713317741,15.091191225016452,15.279830932617188,1127000,0.0,0
2003-11-03,15.279827350695646,15.362356922328917,15.250352824935502,15.326987266540527,1057600,0.0,0
2003-11-04,15.29751250975117,15.338777294944608,15.12066198471792,15.179612159729004,1207400,0.0,0
2003-11-05,15.108871948052798,15.220877169790477,14.878967498932218,15.014552116394043,1111500,0.0,0
2003-11-06,14.943815850704285,15.244460797037233,14.855391131049021,15.161930084228516,2060700,0.0,0
2003-11-07,15.37414924374533,15.798588543257917,15.250354869697123,15.651213645935059,3038600,0.0,0
2003-11-10,15.651204637110265,15.757314682006836,15.53330546174342,15.757314682006836,1645800,0.0,0
2003-11-11,15.757324469852238,15.86343458066034,15.698374283360927,15.828064918518066,2000900,0.0,0
2003-11-12,15.863437117903704,16.09923677720213,15.716062190294505,16.081552505493164,1764500,0.0,0
2003-11-13,16.21123554171914,16.65336014740239,16.122810845458694,16.617990493774414,3333500,0.0,0
2003-11-14,16.65336611289508,16.88327063040379,16.488305796202347,16.67694664001465,2589200,0.0,0
2003-11-17,16.553144003744322,16.58261852558867,16.32913471433684,16.570829391479492,1194400,0.0,0
2003-11-18,16.59441619420164,16.6415761248401,16.476516929796198,16.511886596679688,1055800,0.0,0
2003-11-19,16.50599212420881,16.724107514863707,16.50599212420881,16.665157318115234,1595700,0.0,0
2003-11-20,16.671048392300992,16.671048392300992,16.435247662703752,16.606203079223633,1411300,0.0,0
2003-11-21,16.588512906299275,16.606198293236414,16.311448590569373,16.59440803527832,1375500,0.0,0
2003-11-24,16.65335488963515,16.84199448193542,16.60619499156008,16.777149200439453,1471900,0.0,0
2003-11-25,17.113169432493198,17.113169432493198,16.800734319321645,17.066009521484375,2676600,0.0,0
2003-11-26,17.066017501772762,17.51993143584578,17.007067304350624,17.360767364501953,2300800,0.0,0
2003-11-28,17.272337683406505,17.348973260408492,17.154438439037584,17.337182998657227,783300,0.0,0
2003-12-01,17.337176790845263,17.343071919610065,17.172116558573336,17.242856979370117,3669200,0.0,0
2003-12-02,17.18390707667629,17.301807404998463,17.15443255678618,17.213382720947266,1984300,0.0,0
2003-12-03,17.272341506177998,17.360767364501953,17.20160216877663,17.360767364501953,1757000,0.0,0
2003-12-04,17.360757794918634,17.37844205733032,17.160327908793068,17.24875259399414,2026800,0.0,0
2003-12-05,17.17212155452771,17.20159720692719,16.895057168259616,16.97758674621582,1697900,0.0,0
2003-12-08,16.92452866407694,17.066009521484375,16.859684489177916,17.066009521484375,2228700,0.0,0
2003-12-09,17.089591479089346,17.28412628173828,17.089591479089346,17.28412628173828,1441000,0.0,0
2003-12-10,17.278233751575705,17.3902389955262,17.236968957589028,17.325393676757812,1756900,0.0,0
2003-12-11,17.413822429743725,17.484561767145095,17.260552366198766,17.360767364501953,1663200,0.0,0
2003-12-12,17.33128524632887,17.36076089624868,17.048325753385146,17.183910369873047,1400500,0.0,0
2003-12-15,17.24875783331905,17.272337231823858,17.124962336929862,17.130857467651367,1547800,0.0,0
2003-12-16,17.13085767776134,17.331287627225947,17.107278278967332,17.27823257446289,1435500,0.0,0
2003-12-17,17.30181312561035,17.31949739363914,17.16622849027722,17.30181312561035,2412700,0.0,0
2003-12-18,17.242873403423577,17.37256298663765,17.071917879549563,17.313613891601562,2579800,0.0,0
2003-12-19,17.343075300625422,17.366654695900564,17.089590336226504,17.26054573059082,3320500,0.0,0
2003-12-22,17.24285886717043,17.478658421674346,17.142643915958644,17.419708251953125,3787700,0.0,0
2003-12-23,17.46687296476195,17.502243750947226,17.195703683629144,17.31949806213379,2274100,0.0,0
2003-12-24,17.31949496793067,17.378445143326484,17.254650786938242,17.272335052490234,693000,0.0,0
2003-12-26,17.33128880795324,17.378448733135347,17.301814276357415,17.325393676757812,661800,0.0,0
2003-12-29,17.378446608228497,17.443291919068084,17.178016669616294,17.402027130126953,1438100,0.0,0
2003-12-30,17.348965177656993,17.390229950180235,17.27232963635893,17.354860305786133,1104400,0.0,0
2003-12-31,17.372546958522854,17.490447288582637,17.242857494961797,17.449182510375977,2512800,0.0,0
2004-01-02,17.43739154354694,17.684981327101596,17.390231638316568,17.584766387939453,1446500,0.0,0
2004-01-05,17.626038648223552,17.74393902354865,17.32539370308773,17.348974227905273,2546800,0.0,0
2004-01-06,17.348970416214186,17.348970416214186,17.077800062297023,17.148540496826172,1829000,0.0,0
2004-01-07,17.113172040418974,17.183911355521893,16.9481117645436,16.995271682739258,2132800,0.0,0
2004-01-08,17.0070600155953,17.048324798791405,16.78304958627215,16.883264541625977,1536100,0.0,0
2004-01-09,16.859689264013188,16.88326866400504,16.671049566553222,16.765369415283203,2537200,0.0,0
2004-01-12,16.77126333581944,16.94811275832777,16.671048363229733,16.918638229370117,2658400,0.0,0
2004-01-13,16.97758728728542,17.030642338914163,16.84789778573806,16.918638229370117,2535800,0.0,0
2004-01-14,16.948109356434703,16.948109356434703,16.65335962849671,16.877368927001953,1699000,0.0,0
2004-01-15,16.871475640203908,16.936319818531953,16.482404948330515,16.830209732055664,2090400,0.0,0
2004-01-16,16.830203251424578,16.98936831985097,16.553139006830204,16.612089157104492,1872900,0.0,0
2004-01-20,16.65336398419555,16.735893569801945,16.323244517388694,16.393983840942383,2263900,0.0,0
2004-01-21,16.505990540811435,16.505990540811435,16.411670684814453,16.411670684814453,1890100,0.0,0
2004-01-22,16.42345572075284,16.494195028045418,16.32913589477539,16.32913589477539,1491500,0.0,0
2004-01-23,16.388082091424536,16.576722834939556,16.340922186640984,16.42934799194336,1413300,0.0,0
2004-01-26,16.41756462945253,16.529569871994536,16.364509573742176,16.47651481628418,1460200,0.0,0
2004-01-27,16.5059866949152,16.62388704963133,16.181762406017526,16.29966163635254,1916500,0.0,0
2004-01-28,16.388082767867353,16.56493326139105,16.169968620883253,16.270183563232422,1538600,0.0,0
2004-01-29,16.32913777823576,16.535461718621427,16.081547925391817,16.41756248474121,1764200,0.0,0
2004-01-30,16.429347240880805,16.55903669201165,16.217127116866,16.364501953125,1311300,0.0,0
2004-02-02,16.346822003888455,16.842001708333772,16.252502167268503,16.706417083740234,2400800,0.0,0
2004-02-03,16.74178720038247,16.830211909090345,16.470617943760818,16.800737380981445,1681900,0.0,0
2004-02-04,16.74178861910912,17.001168761096213,16.653363902907987,16.794843673706055,2028300,0.0,0
2004-02-05,16.84789725216237,17.36076236020393,16.771262804670773,17.08959197998047,2485300,0.0,0
2004-02-06,17.00706327433964,17.44918796366711,17.00706327433964,17.366657257080078,1916600,0.0,0
2004-02-09,17.242857240837377,17.319491667180188,17.10727265033348,17.213382720947266,1048400,0.0,0
2004-02-10,17.18391677223554,17.39024190102227,17.13675683917413,17.360767364501953,1696100,0.0,0
2004-02-11,17.21338603829971,17.31949500498188,16.50598618079876,17.09548568725586,2526400,0.0,0
2004-02-12,17.27233862038028,17.596564089840907,17.178018770016067,17.325393676757812,1956500,0.0,0
2004-02-13,17.348970430539474,17.49634530524758,17.213385815659468,17.26054573059082,2012100,0.0,0
2004-02-17,17.301817167079815,17.549407096747593,17.166232500075946,17.360767364501953,1565100,0.0,0
2004-02-18,17.449186557226916,17.531716132780666,17.242861493961406,17.28412628173828,1687700,0.0,0
2004-02-19,17.27823020085429,17.455080727229927,17.10138079885973,17.183910369873047,2191800,0.0,0
2004-02-20,17.183914313462076,17.20749483880949,16.623890329036968,16.8066349029541,3443600,0.0,0
2004-02-23,16.830216469208246,16.924536333969943,16.68284153997041,16.753582000732422,1607300,0.0,0
2004-02-24,16.712308675782094,17.124957592533946,16.653358509280142,17.054218292236328,2621100,0.0,0
2004-02-25,17.09548593507372,17.207491157750912,17.066011409076033,17.154436111450195,2226000,0.0,0
2004-02-26,17.21258353999834,17.260050115631564,16.998983383802635,17.052383422851562,1844700,0.188,0
2004-02-27,15.230845959071049,17.23630939523859,15.230845959071049,16.909976959228516,1807300,0.0,0
2004-03-01,17.02865352885243,17.02865352885243,16.815053337183855,16.856586456298828,2316000,0.0,0
2004-03-02,16.90998769508757,16.99305393916739,16.660787831155414,16.880321502685547,1741200,0.0,0
2004-03-03,16.82098026981306,17.20664625258427,16.82098026981306,17.1591796875,1936300,0.0,0
2004-03-04,17.473648178264515,17.503314360096233,17.349047724848244,17.384647369384766,2368700,0.0,0
2004-03-05,17.32531661335688,17.621982985971265,17.212583074889544,17.485515594482422,1556700,0.0,0
2004-03-08,17.325318088893155,17.59231716797003,17.295650770089615,17.51518440246582,1812700,0.0,0
2004-03-09,17.544849993830216,17.6516500745115,17.307517109923175,17.396516799926758,1533000,0.0,0
2004-03-10,17.325317083395937,17.521116849365814,17.206650078453766,17.212583541870117,1471700,0.0,0
2004-03-11,17.147314519654124,17.497380897391434,16.97524862798402,17.384647369384766,2428500,0.0,0
2004-03-12,17.384647101777247,17.61604761693336,17.14138079308648,17.592313766479492,3142500,0.0,0
2004-03-15,17.621981205293007,17.621981205293007,17.117648196472274,17.206647872924805,2492100,0.0,0
2004-03-16,17.36684858383128,17.38464784073599,17.171048836033233,17.325315475463867,2452200,0.0,0
2004-03-17,17.36091656184597,17.888982352102826,17.36091656184597,17.705049514770508,1848400,0.0,0
2004-03-18,17.621980068466954,17.740645918850888,17.354979924641736,17.6101131439209,1245900,0.0,0
2004-03-19,17.503316581133497,17.5626500840182,17.43804961479108,17.49738311767578,2051100,0.0,0
2004-03-22,17.396512041693704,17.485511707354412,16.90997947983584,16.97524642944336,1935300,0.0,0
2004-03-23,17.070186739355893,17.17698683576196,16.83285382050499,17.03458595275879,1619500,0.0,0
2004-03-24,16.998985301326787,17.058318810484376,16.64298537807382,16.89218521118164,1910500,0.0,0
2004-03-25,16.909985603436684,17.02865262175186,16.64298537807382,16.89218521118164,2108000,0.0,0
2004-03-26,16.90998591392668,17.08205298047381,16.731986514878166,16.791318893432617,1516200,0.0,0
2004-03-29,16.90998616282522,17.242252240729616,16.90998616282522,17.171052932739258,1546500,0.0,0
2004-03-30,17.236315393716367,17.69318186847995,17.21851613605829,17.62198257446289,2423800,0.0,0
2004-03-31,17.681309426883416,18.17377539503973,17.532976290309925,17.906776428222656,5415200,0.0,0
2004-04-01,17.794051793470924,18.17971791438243,17.78218486502624,18.055118560791016,2692700,0.0,0
2004-04-02,18.078844246721818,18.39331093790813,17.912711839952717,18.066978454589844,2647000,0.0,0
2004-04-05,18.06104511591322,18.096644755936342,17.84744501239019,18.08477783203125,2037500,0.0,0
2004-04-06,18.096652077264483,18.197518707880874,17.888985351678663,18.185651779174805,1495900,0.0,0
2004-04-07,18.179715091139432,18.179715091139432,17.90678256945266,17.983915328979492,1153100,0.0,0
2004-04-08,18.096644286561524,18.221243589256776,17.88897765037731,17.90084457397461,1497800,0.0,0
2004-04-12,17.90084880913579,18.08478164164207,17.888981882730896,17.977981567382812,832600,0.0,0
2004-04-13,17.989845417695385,18.043245445694115,17.74064566426537,17.817779541015625,1245000,0.0,0
2004-04-14,17.817789207969664,17.912722391096896,17.72285602484243,17.782188415527344,1046600,0.0,0
2004-04-15,17.811854338047183,17.888987118871118,17.550787539186746,17.66945457458496,1514600,0.0,0
2004-04-16,17.710981957742028,17.710981957742028,17.55078185137945,17.61604881286621,1844600,0.0,0
2004-04-19,17.621983883125935,17.829649449174568,17.592316565338663,17.82371711730957,2100100,0.0,0
2004-04-20,17.794051114074218,17.847451158343834,17.728784141813016,17.758451461791992,3173500,0.0,0
2004-04-21,17.758449252007928,17.829648547712655,17.639782250243517,17.645715713500977,2256200,0.0,0
2004-04-22,17.77031898498535,17.9008518021873,17.610118846810742,17.77031898498535,2949700,0.0,0
2004-04-23,17.79998740816882,17.841520531050378,17.62198798676422,17.66945457458496,1675000,0.0,0
2004-04-26,17.716921162405704,17.79998740816882,17.574521398943478,17.66945457458496,864500,0.0,0
2004-04-27,17.699111323422493,17.85931139622023,17.598244736663784,17.63384437561035,1518400,0.0,0
2004-04-28,17.63384526146249,17.65164564767605,17.432112077810817,17.59824562072754,1631200,0.0,0
2004-04-29,17.59824857211348,17.59824857211348,17.064249344764026,17.176982879638672,2522500,0.0,0
2004-04-30,17.11765099200802,17.218517610245,16.78538495086545,16.850650787353516,2346600,0.0,0
2004-05-03,16.84471731999141,17.117650988210176,16.70231758810476,17.01085090637207,3256800,0.0,0
2004-05-04,17.08798538446858,17.295652105355742,17.08205305194238,17.182918548583984,2207800,0.0,0
2004-05-05,17.147313669904417,17.254113729913712,17.064247459538183,17.23038101196289,1070400,0.0,0
2004-05-06,17.20665109705001,17.254117675498307,16.933718553895407,17.087984085083008,1262600,0.0,0
2004-05-07,17.02864462799848,17.15324392021549,16.838777261485088,16.88624382019043,1272700,0.0,0
2004-05-10,16.7497777409569,16.981178206749057,16.494644561465982,16.767578125,1507900,0.0,0
2004-05-11,16.720118876895352,16.791318180816056,16.48278597767212,16.76165199279785,1855800,0.0,0
2004-05-12,16.70231556637903,16.70824902928432,16.46498270862915,16.672649383544922,1240900,0.0,0
2004-05-13,16.56585442127679,16.678587987844214,16.37598807654809,16.60738754272461,1257400,0.0,0
2004-05-14,16.642977565364053,16.969311146693798,16.62517831315707,16.88624382019043,1684300,0.0,0
2004-05-17,16.838776250300366,16.838776250300366,16.405643786662647,16.464977264404297,1160800,0.0,0
2004-05-18,16.524318692251335,16.64298457313467,16.393784752079416,16.57771873474121,1024500,0.0,0
2004-05-19,16.672652199163355,16.921852024807798,16.459052025270257,16.476852416992188,1900600,0.0,0
2004-05-20,16.60145468425864,16.726055184845062,16.530255368231593,16.565855026245117,1750000,0.0,0
2004-05-21,16.613317902067383,16.820984602181717,16.54211747025669,16.797250747680664,1385300,0.0,0
2004-05-24,16.904049383632575,17.04644910338107,16.642982664914143,16.68451690673828,1177800,0.0,0
2004-05-25,16.74978416540031,17.135450247388214,16.672651401679715,17.01085090637207,1551300,0.0,0
2004-05-26,17.070181626918103,17.248180979823168,17.02864852001974,17.206647872924805,1489100,0.0,0
2004-05-27,17.289064258701647,17.539890100371448,17.277119899794332,17.38461685180664,1243700,0.188,0
2004-05-28,17.444337495503625,17.468226214862025,17.068099278223478,17.175596237182617,1223500,0.0,0
2004-06-01,17.175598700682,17.193515242770573,16.787416068045545,16.91282844543457,2137300,0.0,0
2004-06-02,17.05018566381922,17.157682641220443,16.829220667229627,17.127822875976562,1430200,0.0,0
2004-06-03,17.127818186853297,17.18753884006823,16.793384123557104,16.853103637695312,1674400,0.0,0
2004-06-04,16.960602357570494,17.133792156079554,16.876994117780928,16.990463256835938,1462500,0.0,0
2004-06-07,17.10989825199169,17.372668390518275,17.080038500851245,17.348779678344727,1126300,0.0,0
2004-06-08,17.348781729990996,17.665300369262695,17.2830900418981,17.665300369262695,2310500,0.0,0
2004-06-09,17.641416270478597,17.67724821096238,17.498086230389777,17.60558319091797,1539900,0.0,0
2004-06-10,17.754889306826005,17.88627502431992,17.605588183548132,17.713085174560547,1912300,0.0,0
2004-06-14,17.617526466077173,17.73696777910502,17.55183363000418,17.629470825195312,1160500,0.0,0
2004-06-15,17.754885921162167,17.79669004545603,17.521976577766665,17.611557006835938,2226100,0.0,0
2004-06-16,17.677247297714327,17.82057619132159,17.65933075885962,17.742938995361328,1722200,0.0,0
2004-06-17,17.766828693536453,17.80863281409248,17.587667851417248,17.671276092529297,1823600,0.0,0
2004-06-18,17.66529804795002,17.70112997666279,17.468220731415062,17.581689834594727,1759700,0.0,0
2004-06-21,17.569750103120768,17.72502335384686,17.533918164976832,17.563777923583984,1728200,0.0,0
2004-06-22,17.611550406863476,17.802655554347982,17.587662832966174,17.7489070892334,1496600,0.0,0
2004-06-23,17.736967479848534,17.862379831242723,17.635442707210817,17.820575714111328,1777500,0.0,0
2004-06-24,17.82057610533239,18.017653475476024,17.754883268925585,17.904184341430664,3162400,0.0,0
2004-06-25,17.91612983687867,17.91612983687867,17.43836683019265,17.736968994140625,2843200,0.0,0
2004-06-28,17.826551324271698,18.035573089231473,17.59364083688133,17.987796783447266,4118400,0.0,0
2004-06-29,17.98779692818922,18.35209083557129,17.98779692818922,18.35209083557129,2626600,0.0,0
2004-06-30,18.35209187589354,18.364036237882036,18.023629894749234,18.3043155670166,2214700,0.0,0
2004-07-01,18.304312872918867,18.31028505303411,17.63544464708831,17.844465255737305,2369200,0.0,0
2004-07-02,17.76682717137178,17.79071588911534,17.587666344602095,17.7548828125,1027400,0.0,0
2004-07-06,17.61752955628786,18.011684363709158,17.533921305949093,17.94599151611328,2395600,0.0,0
2004-07-07,17.856405122989308,17.97584641708687,17.707104074905658,17.95195770263672,1613200,0.0,0
2004-07-08,17.95793339942877,18.053485997796106,17.67724778410933,17.707107543945312,1619500,0.0,0
2004-07-09,17.736969575294843,17.754884976709533,17.229345652135542,17.289066314697266,2293000,0.0,0
2004-07-12,17.342809220367084,17.83251644556527,17.312948329149798,17.7489070892334,1691900,0.0,0
2004-07-13,17.754883960157333,17.88626963808604,17.504058103020597,17.796688079833984,1225000,0.0,0
2004-07-14,17.778768728796543,17.796684125204482,17.408501635652588,17.521970748901367,1392100,0.0,0
2004-07-15,17.515997016057582,17.719046510557416,17.408500090842793,17.581689834594727,864800,0.0,0
2004-07-16,17.730996733034555,17.748912133780262,17.390590449943872,17.42045021057129,1050900,0.0,0
2004-07-19,17.46822214462433,17.581691256983845,17.318921100653185,17.432390213012695,666100,0.0,0
2004-07-20,17.39059245842763,17.569753321037567,17.30698306867627,17.510032653808594,968500,0.0,0
2004-07-21,17.605580132093912,17.67724513968712,17.151704788208008,17.151704788208008,1141300,0.0,0
2004-07-22,17.020330155288683,17.145742567570544,16.91283315100291,17.026302337646484,1805100,0.0,0
2004-07-23,17.056153370499022,17.18156685759422,16.91282448458789,17.008377075195312,928200,0.0,0
2004-07-26,17.008381707821687,17.175599356468638,16.984494123201863,17.032270431518555,1263200,0.0,0
2004-07-27,17.050173006015893,17.18155860933506,16.900872012481333,17.020313262939453,1047100,0.0,0
2004-07-28,17.026298322661027,17.026298322661027,16.20215557686343,16.80533218383789,3170500,0.0,0
2004-07-29,17.30698174882715,17.348785870976307,16.578392853612193,16.811302185058594,2979600,0.0,0
2004-07-30,16.811304364787386,16.954633290344134,16.673947620180137,16.80533218383789,2106900,0.0,0
2004-08-02,16.721723808128647,17.002409476268788,16.536590756337368,16.966577529907227,1329500,0.0,0
2004-08-03,16.96060109995953,17.03226611380587,16.620194847112103,16.632139205932617,1990100,0.0,0
2004-08-04,16.620197732561934,16.632142093456125,16.35742748827454,16.518672943115234,1355800,0.0,0
2004-08-05,16.542564898825795,16.61422880004667,16.18424197548989,16.190214157104492,1635100,0.0,0
2004-08-06,16.142429543283036,16.14840172182691,15.766190268554947,15.885631561279297,2486100,0.0,0
2004-08-09,15.891605416120402,16.16631882365683,15.88563323694656,16.10062599182129,2092300,0.0,0
2004-08-10,16.154373386071814,16.542557032900827,16.12451363127418,16.536584854125977,1610600,0.0,0
2004-08-11,16.524640015809798,16.661996706405276,16.39325550381542,16.572416305541992,1950400,0.0,0
2004-08-12,16.57241560830161,16.596304321700952,16.43505892348505,16.452974319458008,1946400,0.0,0
2004-08-13,16.48283726359368,16.66199808009103,16.48283726359368,16.584362030029297,1861200,0.0,0
2004-08-16,16.602284383141612,16.76352986898303,16.554508069456432,16.71575355529785,1610200,0.0,0
2004-08-17,16.71574626577996,16.72171844477086,16.417144150694764,16.54852867126465,1516700,0.0,0
2004-08-18,16.56047488321613,16.596307961173125,16.45297792749875,16.524642944335938,2059100,0.0,0
2004-08-19,16.4947767831964,16.50671999880322,16.35144680515096,16.44700050354004,1425600,0.0,0
2004-08-20,16.482844122082128,16.751585458651046,16.423123445374426,16.691865921020508,1813800,0.0,0
2004-08-23,16.751578545811597,16.775467262267437,16.554501191357698,16.60824966430664,1000300,0.0,0
2004-08-24,16.661998137255587,16.751578545811597,16.52464143486459,16.60824966430664,1330100,0.0,0
2004-08-25,16.584368930762075,16.72172568983578,16.584368930762075,16.691865921020508,1565300,0.0,0
2004-08-26,16.632140353586973,16.82921773141724,16.632140353586973,16.6739444732666,1174600,0.0,0
2004-08-27,16.67991371690217,16.93073952990358,16.596305492260576,16.906850814819336,1413300,0.0,0
2004-08-30,16.88761872221254,16.92970231603387,16.707260135351998,16.755355834960938,1059500,0.188,0
2004-08-31,16.71326727486063,16.773387172305213,16.611063793212338,16.707256317138672,1833600,0.0,0
2004-09-01,16.73732051931628,16.785416221803718,16.623092795899115,16.713272094726562,1494200,0.0,0
2004-09-02,16.7192829407626,17.110060637357105,16.7192829407626,17.055953979492188,1065300,0.0,0
2004-09-03,17.013865730922504,17.170177006663163,16.959757937524135,17.092021942138672,1903100,0.0,0
2004-09-07,17.20625152664034,17.22428669529647,16.947736740112305,16.947736740112305,1294000,0.0,0
2004-09-08,16.99583090811306,17.04993870260615,16.785411834716797,16.785411834716797,1177200,0.0,0
2004-09-09,16.797438072886642,16.87559314843299,16.623090459195186,16.635114669799805,1794600,0.0,0
2004-09-10,16.695232674811425,16.749340469678362,16.508860871740115,16.683208465576172,2076700,0.0,0
2004-09-13,16.659167233165608,16.857563331051857,16.60506056165105,16.701251983642578,1292000,0.0,0
2004-09-14,16.605057184342254,16.605057184342254,16.292434553108126,16.394638061523438,2067800,0.0,0
2004-09-15,16.424693752339678,16.43070585697629,16.154155923842456,16.340526580810547,2022900,0.0,0
2004-09-16,16.364572400802686,16.55695629203083,16.304453653153725,16.41868019104004,1220200,0.0,0
2004-09-17,16.49083151896884,16.538927226175886,16.31648386366073,16.484819412231445,1535700,0.0,0
2004-09-20,16.412673949815883,16.574997378512553,16.382614565253693,16.508865356445312,1116100,0.0,0
2004-09-21,16.50886091097596,16.581005019867238,16.172191078430657,16.292430877685547,1612900,0.0,0
2004-09-22,16.28040557794428,16.40665747337461,16.05796230822971,16.160165786743164,2673200,0.0,0
2004-09-23,16.172192957462354,16.238324969405532,16.094037881550108,16.19624137878418,2083400,0.0,0
2004-09-24,16.196240192129284,16.352551479193114,16.148144499701317,16.214275360107422,1450300,0.0,0
2004-09-27,16.256354048528944,16.26236500449165,16.11206587821468,16.178197860717773,1887700,0.0,0
2004-09-28,16.184215091938636,16.268382262383994,15.91968822479248,15.91968822479248,1900100,0.0,0
2004-09-29,15.92569528270481,16.19022206602585,15.841528138930933,16.178197860717773,4115400,0.0,0
2004-09-30,16.178197588694363,16.532903612479224,16.160161281035514,16.43671226501465,2884300,0.0,0
2004-10-01,16.50285732649625,16.659167529998467,16.472796789905658,16.641132354736328,1855200,0.0,0
2004-10-04,16.695234464239547,16.923688730737013,16.55094737802665,16.83350944519043,2270900,0.0,0
2004-10-05,16.83351134797068,16.857559771737066,16.67720003356506,16.737319946289062,1610500,0.0,0
2004-10-06,16.743326309341832,16.743326309341832,16.623086525135555,16.689218521118164,1267400,0.0,0
2004-10-07,16.6832128518909,16.6832128518909,16.28041091013973,16.322494506835938,1679200,0.0,0
2004-10-08,16.310468514618186,16.4848161352683,16.118085724033154,16.17219352722168,1522800,0.0,0
2004-10-11,16.232305637912788,16.292425517761842,16.015874529132724,16.178197860717773,1116200,0.0,0
2004-10-12,16.142130479618785,16.214273436355413,16.015878585292256,16.16617774963379,966200,0.0,0
2004-10-13,16.184211660333883,16.32248659580131,15.94373326241413,16.03992462158203,1386500,0.0,0
2004-10-14,16.100045281153363,16.100045281153363,15.91968561403079,15.949746131896973,1207800,0.0,0
2004-10-15,16.039928035996425,16.17219089633418,15.853557381272386,15.96778392791748,983600,0.0,0
2004-10-18,15.949745365698556,16.11206756761223,15.745338440793903,16.03992462158203,1413300,0.0,0
2004-10-19,16.045946736603078,16.124101834681934,15.703264662417338,15.73332405090332,1469200,0.0,0
2004-10-20,15.739329777040135,15.9617719137171,15.649150501449697,15.955760955810547,1304700,0.0,0
2004-10-21,15.9557666694722,16.094041684672412,15.913681922214117,16.051958084106445,1037700,0.0,0
2004-10-22,16.14213191082174,16.280406879069773,15.949749146878089,15.991832733154297,1178900,0.0,0
2004-10-25,16.02188952583864,16.112068788555735,15.943734470601566,15.979805946350098,1135500,0.0,0
2004-10-26,15.991836133850382,16.394638061523438,15.961775603909427,16.394638061523438,1446700,0.0,0
2004-10-27,16.322484609891227,16.57498718365856,16.118077709856177,16.43671226501465,2275300,0.0,0
2004-10-28,16.472788699639768,17.35053644322994,16.460764490908968,17.200237274169922,3109900,0.0,0
2004-10-29,17.134102148432714,17.314460659739634,17.007851419856156,17.12207794189453,1404800,0.0,0
2004-11-01,17.013867920876947,17.284406922691456,16.78541365566056,17.128095626831055,2197200,0.0,0
2004-11-02,17.12809110837548,17.32047383816258,17.079995425928704,17.158151626586914,2102500,0.0,0
2004-11-03,17.224286322604726,17.428693305357893,17.1641664194376,17.25434684753418,1558100,0.0,0
2004-11-04,17.27839044215473,17.669168009505444,17.206247491067092,17.591012954711914,1358500,0.0,0
2004-11-05,17.578989124616015,17.8254796483906,17.512857129123276,17.819467544555664,1515400,0.0,0
2004-11-08,17.8194724110842,17.951736438191208,17.735305227792008,17.855545043945312,1647500,0.0,0
2004-11-09,17.86756622174911,18.00584233973378,17.83750684423039,17.95173454284668,1934300,0.0,0
2004-11-10,17.951734908465777,17.969770076667626,17.63310022549572,17.645124435424805,2301000,0.0,0
2004-11-11,17.717264316442044,17.7473248360302,17.59101357424651,17.711252212524414,1512600,0.0,0
2004-11-12,17.71125780154102,17.861557006835938,17.591019125320244,17.861557006835938,1471200,0.0,0
2004-11-15,17.86155450102722,17.94572282393486,17.717267421789256,17.741315841674805,1137100,0.0,0
2004-11-16,17.74732765173969,17.855543246042892,17.687207749716602,17.705244064331055,1107600,0.0,0
2004-11-17,17.85554382893267,17.915662586226563,17.723279810825808,17.729291915893555,1025900,0.0,0
2004-11-18,17.819478112203537,17.957754289027132,17.759359331584502,17.90364646911621,1359000,0.0,0
2004-11-19,17.981790319005114,17.987802422643114,17.747324010580677,17.795419692993164,1103200,0.0,0
2004-11-22,17.76536188744813,17.927685270385226,17.56095491931068,17.615062713623047,1637700,0.0,0
2004-11-23,17.64513177566952,17.669179058839404,17.446736816075905,17.657155990600586,1088100,0.0,0
2004-11-24,17.61505783232363,17.79541747894938,17.60904687612501,17.75934600830078,1132500,0.0,0
2004-11-26,17.789409977582846,18.03590052637463,17.789409977582846,17.969768524169922,595500,0.0,0
2004-11-29,18.08956093834213,18.150061373711136,17.8294098740203,17.96251106262207,2009800,0.188,0
2004-11-30,17.938310239632855,18.035110473632812,17.70840997237041,18.035110473632812,1516700,0.0,0
2004-12-01,18.035105058871263,18.083505161339858,17.88385459441322,17.944355010986328,2005600,0.0,0
2004-12-02,17.902011798350333,18.150062561035156,17.87781116103967,18.150062561035156,1831900,0.0,0
2004-12-03,18.029064827219656,18.12586508544754,17.938314729374778,18.08956527709961,1474600,0.0,0
2004-12-06,18.02906007022924,18.137960620489583,17.932259837542222,18.06536102294922,1131700,0.0,0
2004-12-07,18.119812530189357,18.398112929600938,18.004861813325935,18.246862411499023,2609000,0.0,0
2004-12-08,18.271070995521704,18.392070770263672,18.174270714147976,18.392070770263672,2141900,0.0,0
2004-12-09,18.331560230159344,18.55541147901748,18.06536017967097,18.5130615234375,2236900,0.0,0
2004-12-10,18.500959996605875,18.924461832611335,18.34970950573959,18.815561294555664,2853000,0.0,0
2004-12-13,18.876063634456152,19.009163664483996,18.51306218880319,18.573562622070312,2417800,0.0,0
2004-12-14,18.488860190655195,18.75506138503254,18.367860486992548,18.700611114501953,1473200,0.0,0
2004-12-15,18.736906402393227,18.755056872853263,18.62195688466126,18.640106201171875,2216500,0.0,0
2004-12-16,18.39206166548182,18.410212141985596,17.998810572831758,18.28921127319336,2392800,0.0,0
2004-12-17,18.10770781086058,18.337608034762145,17.859657113776155,17.9322566986084,2910000,0.0,0
2004-12-20,18.083507355950253,18.083507355950253,17.666056854227968,17.859657287597656,2504600,0.0,0
2004-12-21,17.877809524536133,18.04721050835442,17.75680981090861,17.877809524536133,1798100,0.0,0
2004-12-22,17.87780700849717,18.07140860016426,17.823356741145435,18.004858016967773,1478700,0.0,0
2004-12-23,18.010911130943057,18.083510730027744,17.908060737281563,17.96856117248535,751200,0.0,0
2004-12-27,17.974606457101274,18.113757775453657,17.90805703070622,17.956457138061523,1009000,0.0,0
2004-12-28,17.93225894490225,18.089559603675927,17.93225894490225,18.08350944519043,909000,0.0,0
2004-12-29,18.02300879336224,18.18030828618669,18.02300879336224,18.162158966064453,1361200,0.0,0
2004-12-30,18.22265711951309,18.373907589398343,18.107706439294436,18.258956909179688,821800,0.0,0
2004-12-31,18.26500856948997,18.27105872725719,18.0593078212028,18.113758087158203,739400,0.0,0
2005-01-03,18.11980825406445,18.12585725788512,17.865707397460938,17.865707397460938,1451500,0.0,0
2005-01-04,17.98670982696989,18.029059783854045,17.64790901794687,17.666059494018555,1567700,0.0,0
2005-01-05,17.738657940238795,17.738657940238795,17.484557061459874,17.520856857299805,1380500,0.0,0
2005-01-06,17.454311570338643,17.587411622670572,17.387760967197686,17.430110931396484,1224200,0.0,0
2005-01-07,17.42405723867657,17.478507511305853,17.309107688858976,17.345407485961914,1945500,0.0,0
2005-01-10,17.381710347911163,17.454311108868183,17.236509979947073,17.29701042175293,1993300,0.0,0
2005-01-11,17.333306078452605,17.399856663912544,17.19415590335425,17.38775634765625,1668900,0.0,0
2005-01-12,17.393809065268048,17.714460569545366,17.381708747231205,17.69025993347168,2554200,0.0,0
2005-01-13,17.805211162906975,17.944361362513654,17.56321056490626,17.768911361694336,2320500,0.0,0
2005-01-14,17.768906775197966,17.80520656704093,17.60555598098026,17.72050666809082,1567000,0.0,0
2005-01-18,17.708414380828465,17.82336396610114,17.442213094083645,17.6721134185791,1619600,0.0,0
2005-01-19,17.684207803479904,17.70235827851223,17.39985728500508,17.454307556152344,1317600,0.0,0
2005-01-20,17.484566107790528,17.587416544175483,17.363566341070186,17.393815994262695,1732800,0.0,0
2005-01-21,17.333306649041546,17.62370732505414,17.327256490714234,17.460357666015625,1385100,0.0,0
2005-01-24,17.41196060180664,17.5571609652344,17.24255960083263,17.41196060180664,1399100,0.0,0
2005-01-25,17.418008185285462,17.575307690273785,17.339357278841558,17.351457595825195,1233700,0.0,0
2005-01-26,17.387761768140276,17.514812820539074,17.26071186969151,17.472461700439453,1070500,0.0,0
2005-01-27,17.4543084174259,17.617659238928148,17.424057624212647,17.49060821533203,1025700,0.0,0
2005-01-28,17.46036102153738,17.52086030853777,17.157859970735693,17.375659942626953,1668600,0.0,0
2005-01-31,17.545055389404297,17.58740533847093,17.418005542204405,17.545055389404297,1650600,0.0,0
2005-02-01,17.52691035667403,17.871762521714945,17.43616027280007,17.817312240600586,1922400,0.0,0
2005-02-02,17.78705986687399,18.0472109304854,17.76286038516237,17.96856117248535,1531300,0.0,0
2005-02-03,17.95646300944173,18.125862863600638,17.89596256697785,17.938312530517578,1205400,0.0,0
2005-02-04,17.92015684263501,18.119807424110924,17.883855897676078,18.071407318115234,1477400,0.0,0
2005-02-07,18.05931337961384,18.216614068127843,18.004863096899378,18.180313110351562,1243700,0.0,0
2005-02-08,18.119811199435954,18.379961102147448,18.05931076584848,18.319461822509766,1443500,0.0,0
2005-02-09,18.319462361954375,18.319462361954375,17.90806078618495,17.96251106262207,2094400,0.0,0
2005-02-10,18.029057446600117,18.089557871712795,17.696306839404834,18.010908126831055,1904200,0.0,0
2005-02-11,18.010908126831055,18.083507713806565,17.72655647498636,18.010908126831055,1475700,0.0,0
2005-02-14,18.0593093978662,18.258960005816594,17.96855933133415,18.204509735107422,1863200,0.0,0
2005-02-15,18.198462681706587,18.367863681031547,18.101662440363725,18.150062561035156,1720100,0.0,0
2005-02-16,18.08955812785408,18.198458663808964,18.059308491844234,18.174259185791016,1178500,0.0,0
2005-02-17,18.162160922225404,18.198460720329216,18.01696057586038,18.156110763549805,1300100,0.0,0
2005-02-18,18.180312203723588,18.301313082377117,18.095612281036058,18.150062561035156,982900,0.0,0
2005-02-22,18.119805626210596,18.18030488724013,17.774953607015288,17.805204391479492,1638200,0.0,0
2005-02-23,17.75680942974191,17.847559501501966,17.593458608203946,17.732608795166016,1645400,0.0,0
2005-02-24,17.73865766820826,17.799158096313477,17.557157537842293,17.799158096313477,1280700,0.0,0
2005-02-25,17.76870778548954,18.055004680811237,17.646878676670504,18.00627326965332,1428700,0.2,0
2005-02-28,17.969717643907792,18.018449035112265,17.726060687885425,17.81134033203125,1795500,0.0,0
2005-03-01,17.8296186099733,18.14028172680801,17.8296186099733,18.085458755493164,1645500,0.0,0
2005-03-02,18.0001740980069,18.189009253131413,17.908802885895557,18.140277862548828,1411300,0.0,0
2005-03-03,18.12810495985776,18.164653232968437,17.93927085996251,17.981910705566406,1257800,0.0,0
2005-03-04,18.04281251831392,18.25601159567175,17.969714861899924,18.219463348388672,1762500,0.0,0
2005-03-07,18.140274389488642,18.31692521083669,18.05499360091062,18.231645584106445,1723600,0.0,0
2005-03-08,18.1524600982666,18.268197588247507,18.122003414410162,18.1524600982666,1285700,0.0,0
2005-03-09,18.07936668395996,18.225560882797456,18.042818424712642,18.07936668395996,1432300,0.0,0
2005-03-10,18.09763349657617,18.213370963270524,17.981897191729594,18.067176818847656,1574700,0.0,0
2005-03-11,18.00017566181895,18.061090195801288,17.87225618611933,17.91489601135254,1599100,0.0,0
2005-03-14,17.90880730495156,18.00017853960905,17.799161358623255,17.84789276123047,1625800,0.0,0
2005-03-15,17.90880730495156,18.04281953350761,17.82961921140794,17.84789276123047,1482500,0.0,0
2005-03-16,17.805244739916077,17.92098220356955,17.652959031579098,17.68950843811035,1051100,0.0,0
2005-03-17,17.689512290944442,17.738243681752223,17.537226549439126,17.634689331054688,1908200,0.0,0
2005-03-18,17.640785754969414,17.738249731674678,17.451951696415296,17.72606658935547,2953500,0.0,0
2005-03-21,17.72606218633651,17.90880462833919,17.659056082073075,17.82961654663086,1296500,0.0,0
2005-03-22,17.82961916020663,18.042819481694053,17.75652147558158,17.9027156829834,2028800,0.0,0
2005-03-23,17.96971720308897,18.103728235151817,17.811339895097614,17.884437561035156,1654300,0.0,0
2005-03-24,17.817432989457437,17.896621069308537,17.701695492584527,17.713878631591797,1200800,0.0,0
2005-03-28,17.8478885849726,17.914894683571756,17.793065624636565,17.81134033203125,889000,0.0,0
2005-03-29,17.817432586267717,17.957535196136718,17.65905526830135,17.732152938842773,1467800,0.0,0
2005-03-30,17.726057527292028,17.896616785172604,17.604228490079212,17.786972045898438,1520200,0.0,0
2005-03-31,17.768703752858865,17.799160442227194,17.543320301249267,17.57377815246582,1898100,0.0,0
2005-04-01,17.579864866938507,17.634687822137316,17.482402093662376,17.616413116455078,1758900,0.0,0
2005-04-04,17.616420978696475,17.89053587702852,17.54332328519179,17.762615203857422,1988000,0.0,0
2005-04-05,17.77479524096184,18.03672695097265,17.67124087100055,17.9697208404541,1494400,0.0,0
2005-04-06,18.000178938572944,18.07936819572003,17.866167868894895,17.96363067626953,1648400,0.0,0
2005-04-07,17.96972363482328,18.207289100915894,17.96972363482328,18.091552734375,1686900,0.0,0
2005-04-08,18.152465075505077,18.152465075505077,17.98799731099753,18.000179290771484,1384200,0.0,0
2005-04-11,18.04281078595961,18.152455517281474,18.01844451554516,18.13418197631836,1039200,0.0,0
2005-04-12,18.091554273029992,18.274296776051102,18.006273431351442,18.207290649414062,1248100,0.0,0
2005-04-13,18.170742051144988,18.21338189028555,17.756524479182158,17.805255889892578,1580000,0.0,0
2005-04-14,17.78697795604146,17.85398290310946,17.48240642365615,17.567686080932617,2628700,0.0,0
2005-04-15,17.421491394171415,17.54941087648354,17.03163905364078,17.086462020874023,2439300,0.0,0
2005-04-18,17.098649978637695,17.196112800770877,16.964638888666695,17.098649978637695,2043500,0.0,0
2005-04-19,17.098645498019525,17.13519375628005,16.85498850653572,16.970726013183594,1592800,0.0,0
2005-04-20,16.891535131214244,17.013364196098134,16.76361565874942,16.775798797607422,1491800,0.0,0
2005-04-21,16.812348407590374,16.90371963269477,16.556508280189178,16.690519332885742,2516900,0.0,0
2005-04-22,16.66006120163564,16.921992876262017,16.580871961384467,16.751432418823242,2001300,0.0,0
2005-04-25,16.861083984375,16.934180517837323,16.75143802233307,16.861083984375,1295800,0.0,0
2005-04-26,16.854983981077517,16.94635518312032,16.708789825439453,16.708789825439453,1849300,0.0,0
2005-04-27,16.66006043458518,17.20219730520595,16.64787729636161,17.129100799560547,2719900,0.0,0
2005-04-28,17.482402542675235,17.482402542675235,16.842801769544423,17.09255027770996,2514300,0.0,0
2005-04-29,17.147383376013906,17.3544921875,17.007280698199377,17.3544921875,3026800,0.0,0
2005-05-02,17.391036692360164,17.451951240516525,17.202202638738974,17.299665451049805,1847400,0.0,0
2005-05-03,17.305754280013254,17.695605467486004,17.238748171473304,17.543319702148438,2037700,0.0,0
2005-05-04,17.543319427008623,17.939263340155076,17.482406051307475,17.872257232666016,2088000,0.0,0
2005-05-05,17.9088093708079,18.000180616005448,17.811346554350724,17.81743812561035,2504400,0.0,0
2005-05-06,17.92098305735429,17.969714439869858,17.744331069580486,17.786972045898438,1558600,0.0,0
2005-05-09,17.750424903719818,17.823522567749023,17.677328401538567,17.823522567749023,1174200,0.0,0
2005-05-10,17.70170021057129,17.780889473376572,17.64687723227483,17.70170021057129,1459000,0.0,0
2005-05-11,17.707793068471734,17.817439033032304,17.622513390190612,17.805255889892578,1428500,0.0,0
2005-05-12,17.847888297636207,17.90880282612313,17.598139776503025,17.665145874023438,1890900,0.0,0
2005-05-13,17.756524661955545,17.756524661955545,17.48241090958106,17.64078712463379,1676900,0.0,0
2005-05-16,17.64078095939625,17.732153340102705,17.585959157559696,17.713878631591797,1156800,0.0,0
2005-05-17,17.634687822137316,17.652961365971652,17.470218956540883,17.616413116455078,1969200,0.0,0
2005-05-18,17.622510850458298,18.006270509264898,17.616419279766344,17.96363067626953,1263000,0.0,0
2005-05-19,17.96362881586951,18.024543354632133,17.829617760070292,17.90880584716797,887200,0.0,0
2005-05-20,17.96972048467127,17.994086765049488,17.85398297657115,17.93317222595215,982100,0.0,0
2005-05-23,17.939262648292985,18.00017602164489,17.84179985671219,17.951444625854492,1204500,0.0,0
2005-05-24,17.95753971497898,17.95753971497898,17.823528640753175,17.860076904296875,1057700,0.0,0
2005-05-25,17.786981488975126,17.860078020631388,17.610329407417048,17.762615203857422,1656500,0.0,0
2005-05-26,17.847889467101965,18.06718131928457,17.81134121235422,17.987993240356445,1326800,0.0,0
2005-05-27,18.03091986984122,18.171977807595397,17.975723082064295,18.16584587097168,1508500,0.2,0
2005-05-31,18.165853667739267,18.18425182504776,17.9144008767375,18.086124420166016,2695900,0.0,0
2005-06-01,17.994125262801667,18.214912449020538,17.88373166969223,18.15971565246582,1965800,0.0,0
2005-06-02,18.171981736383678,18.18424795182394,18.06158930673338,18.14131736755371,1579300,0.0,0
2005-06-03,18.165843996092587,18.245572031447033,18.09224789672899,18.20877456665039,948600,0.0,0
2005-06-06,18.21491929622078,18.23331745547469,18.055461953984242,18.129056930541992,947700,0.0,0
2005-06-07,18.12905216599241,18.153584598244926,17.889866800384137,17.895999908447266,1714300,0.0,0
2005-06-08,17.932790776591155,18.006386876448634,17.81626410588778,17.877593994140625,2203700,0.0,0
2005-06-09,17.902127398979204,17.969589226963183,17.761068297331853,17.871461868286133,1673100,0.0,0
2005-06-10,17.8775967769375,17.926660461222887,17.712006403810395,17.797868728637695,1094900,0.0,0
2005-06-13,17.74267669030869,17.969595852249263,17.71814425670927,17.889867782592773,893600,0.0,0
2005-06-14,17.908265253869413,18.092253807734707,17.785605438112086,18.018657684326172,1024000,0.0,0
2005-06-15,18.037051235689894,18.049317447294527,17.81626410588778,17.877593994140625,957900,0.0,0
2005-06-16,17.846936213712986,17.932797387055288,17.76107387059993,17.895999908447266,933000,0.0,0
2005-06-17,18.067715594931155,18.067715594931155,17.846929634899364,17.877593994140625,2095700,0.0,0
2005-06-20,17.81627561797189,17.834674947267665,17.644553223628943,17.724281311035156,1415000,0.0,0
2005-06-21,17.724274713820215,17.754940251232384,17.540286168429777,17.564817428588867,1130500,0.0,0
2005-06-22,17.785611339351437,17.816275718579817,17.448298488754933,17.485095977783203,1135200,0.0,0
2005-06-23,17.52802370411497,17.540289921704563,17.28883830997233,17.350168228149414,1788900,0.0,0
2005-06-24,17.36243260242655,17.405363192553832,17.147778482019298,17.153911590576172,2129200,0.0,0
2005-06-27,17.209103523018637,17.442156903079816,17.123242367085844,17.368560791015625,1757300,0.0,0
2005-06-28,17.39923740301949,17.662954145543026,17.35630562794838,17.656822204589844,1560600,0.0,0
2005-06-29,17.675213832573164,17.675213832573164,17.386964753715777,17.442161560058594,1351000,0.0,0
2005-06-30,17.503490588156506,17.601617978956998,17.350166393809392,17.380830764770508,1416200,0.0,0
2005-07-01,17.442154857766813,17.705872571231037,17.393091178734196,17.448287963867188,1062400,0.0,0
2005-07-05,17.399231962287125,17.601619873822127,17.35016826160503,17.478960037231445,1793700,0.0,0
2005-07-06,17.478960121627402,17.497359448136113,17.30110347468923,17.32563591003418,1723000,0.0,0
2005-07-07,17.110978138683734,17.252036102587763,16.988319497373094,17.202972412109375,1817100,0.0,0
2005-07-08,17.25816811487616,17.32563112366658,17.184573168714408,17.2336368560791,1992600,0.0,0
2005-07-11,17.2336398451277,17.288836649207784,17.117113128761883,17.160043716430664,2002600,0.0,0
2005-07-12,17.172314674230098,17.19684711382627,17.098718525212682,17.166181564331055,1737000,0.0,0
2005-07-13,17.172308932273477,17.221372625289145,17.110979023561217,17.123245239257812,1874300,0.0,0
2005-07-14,17.14164743492188,17.172311809530534,17.006721379193614,17.031253814697266,4016800,0.0,0
2005-07-15,17.049644470214844,17.110974362219725,16.98831574798036,17.049644470214844,3020200,0.0,0
2005-07-18,17.098709869261505,17.23363587919409,17.031248034065722,17.14164161682129,2669000,0.0,0
2005-07-19,17.75494402319572,17.93893260767376,17.245907691717523,17.7181453704834,4908600,0.0,0
2005-07-20,17.6874780372602,17.75494105284218,17.528020744829586,17.69361114501953,1855700,0.0,0
2005-07-21,17.699740490631807,17.791734747926707,17.62614438293362,17.68134117126465,2226600,0.0,0
2005-07-22,17.699740388739208,18.000255584716797,17.675207963057556,18.000255584716797,1858100,0.0,0
2005-07-25,18.000252749470846,18.030917106972485,17.79786494855738,17.840795516967773,1985600,0.0,0
2005-07-26,17.791743241535524,17.846940056216987,17.67521650278899,17.754945755004883,2000700,0.0,0
2005-07-27,18.092251695089047,18.25170896904535,18.006390535947407,18.11065101623535,2083900,0.0,0
2005-07-28,17.724280833545556,17.736547052745625,16.773671071190147,16.877931594848633,7851700,0.0,0
2005-07-29,17.3256272358524,17.374690912207367,17.14777067795921,17.245899200439453,5040300,0.0,0
2005-08-01,17.245905920496018,17.36856457429356,17.23363970418503,17.282703399658203,2634600,0.0,0
2005-08-02,17.442162638380882,17.56482130579292,17.30110347468923,17.32563591003418,4246600,0.0,0
2005-08-03,17.29497061762974,17.313368773390998,17.123247088642664,17.135513305664062,6359800,0.0,0
2005-08-04,17.092576213457537,17.135506786929835,17.0189801090976,17.049644470214844,2313300,0.0,0
2005-08-05,16.98832054932164,17.04964928888922,16.933123747894232,16.945388793945312,1627900,0.0,0
2005-08-08,17.049647235820267,17.104844030601033,16.877924914076175,16.92698860168457,2093500,0.0,0
2005-08-09,16.957655835964637,17.141645572943766,16.908592140057692,17.018985748291016,2392200,0.0,0
2005-08-10,17.141642683927557,17.172307050037247,16.77979754893441,16.828861236572266,2243600,0.0,0
2005-08-11,16.681678711586198,16.835002960149414,16.571285065457296,16.77980613708496,3822300,0.0,0
2005-08-12,16.743000067074654,16.77366560508171,16.540612195310743,16.687803268432617,3408800,0.0,0
2005-08-15,16.743000855922748,17.006718646355196,16.687804054680107,16.95765495300293,2865900,0.0,0
2005-08-16,16.98831952502607,16.99445146279653,16.785931655251957,16.865659713745117,2853500,0.0,0
2005-08-17,16.896324951949158,16.95765486074852,16.81659688934949,16.88405990600586,1669100,0.0,0
2005-08-18,16.926989695558408,17.012850861979064,16.82272920643161,16.896324157714844,2881800,0.0,0
2005-08-19,16.957660678120373,17.031256827881112,16.926996298086554,17.000591278076172,2975300,0.0,0
2005-08-22,17.080312839553574,17.166174000766805,16.8779249811434,17.0557804107666,2105400,0.0,0
2005-08-23,16.957655831977153,17.018985744289107,16.816597852499203,16.834997177124023,2908100,0.0,0
2005-08-24,16.834992408193187,16.841124344893654,16.681668255731573,16.78592872619629,2434000,0.0,0
2005-08-25,16.902457189221142,16.902457189221142,16.77366544016973,16.865659713745117,2232800,0.0,0
2005-08-26,16.83498965148077,16.920850788473057,16.712329881688714,16.810457229614258,1547200,0.0,0
2005-08-29,16.773656009258158,16.90858078998984,16.718459242192925,16.798187255859375,2066400,0.0,0
2005-08-30,16.792013330058722,16.81672502509127,16.557245746188883,16.705520629882812,2742000,0.2,0
2005-08-31,16.711698845536986,16.97735636148032,16.588138004932354,16.94646644592285,2402500,0.0,0
2005-09-01,16.952649680385726,17.19359439247012,16.85997872792058,17.162704467773438,2411000,0.0,0
2005-09-02,17.28008497526916,17.3851123559012,17.076208433851072,17.107099533081055,1568500,0.0,0
2005-09-06,17.27390978369575,17.50249924457162,17.27390978369575,17.348047256469727,1623500,0.0,0
2005-09-07,17.471613148487787,17.502503081529902,17.3233393488099,17.49014663696289,2649000,0.0,0
2005-09-08,17.514848306959266,17.6136974434267,17.49013543365508,17.545738220214844,3354800,0.0,0
2005-09-09,17.619878764726614,17.650768683422104,17.490138513780852,17.582809448242188,2013900,0.0,0
2005-09-12,17.66312713194349,17.66312713194349,17.51485338425994,17.5580997467041,1729200,0.0,0
2005-09-13,17.57045659905421,17.712552129953597,17.40364818710709,17.527210235595703,1982300,0.0,0
2005-09-14,17.5766353319395,17.607525255775048,17.310977744803587,17.397470474243164,1990500,0.0,0
2005-09-15,17.471612942883944,17.477791165094743,17.236845212375115,17.43454360961914,1476200,0.0,0
2005-09-16,17.465430356773215,17.483963840399454,17.298621933886427,17.422183990478516,1961800,0.0,0
2005-09-19,17.40982792666112,17.40982792666112,16.958828413558148,17.0329647064209,1750700,0.0,0
2005-09-20,17.02060215736006,17.1318077351257,16.779657524450965,16.89704132080078,2503900,0.0,0
2005-09-21,16.89087125469669,16.921761184152043,16.71170636440488,16.804378509521484,2382800,0.0,0
2005-09-22,16.810553202163852,17.434539352589876,16.754951572593814,17.360403060913086,2898900,0.0,0
2005-09-23,17.391293944213967,17.44071853417989,17.21830846852083,17.341869354248047,1876800,0.0,0
2005-09-26,17.45307615406631,17.60752815542973,17.341870524544607,17.378938674926758,1566600,0.0,0
2005-09-27,17.409826818919807,17.533387691954246,17.32951113199112,17.459251403808594,1274600,0.0,0
2005-09-28,17.558105684435954,17.576640351055005,17.372763731747046,17.47161293029785,2031400,0.0,0
2005-09-29,17.397464515513693,17.588984570122516,17.36039638393207,17.545738220214844,1756100,0.0,0
2005-09-30,17.54574154359259,17.712549934867432,17.514851624486088,17.67548179626465,1576600,0.0,0
2005-10-03,17.76198259112144,17.904078169040314,17.694023324127453,17.78669548034668,2995500,0.0,0
2005-10-04,17.786687071288696,18.009097077289407,17.607522244236183,17.681659698486328,3153200,0.0,0
2005-10-05,17.607528147262197,17.737267262727165,17.403651552692065,17.41600799560547,2054900,0.0,0
2005-10-06,17.35422579633332,17.533389493069095,17.273910101154215,17.341869354248047,2123200,0.0,0
2005-10-07,17.31715987355815,17.36040624803822,17.119460309916605,17.1935977935791,1573800,0.0,0
2005-10-10,17.10710035590633,17.144168498390282,16.971181869506836,16.971181869506836,1261600,0.0,0
2005-10-11,16.940293188285587,17.02678591987664,16.810552912523917,16.84144401550293,2159900,0.0,0
2005-10-12,16.921753095064542,16.99589054004293,16.68080846104053,16.83526039123535,1556600,0.0,0
2005-10-13,16.7920194291116,16.927936747093984,16.649923890533415,16.84144401550293,2319400,0.0,0
2005-10-14,16.835263479161814,16.92793441860148,16.761126020585124,16.872331619262695,1699200,0.0,0
2005-10-17,16.79201901561053,16.989717356307555,16.79201901561053,16.90940284729004,1373900,0.0,0
2005-10-18,16.921762258336404,16.934118702253034,16.841447729629,16.866159439086914,1281900,0.0,0
2005-10-19,16.773479305866797,16.90939775796912,16.656095509516984,16.89704132080078,1760600,0.0,0
2005-10-20,16.927937908495174,16.989718940316816,16.68081495958378,16.736417770385742,1311100,0.0,0
2005-10-21,16.816733145800868,16.98354158672644,16.77966499616471,16.958829879760742,1806100,0.0,0
2005-10-24,17.02060590071973,17.310976346163656,16.995894199322887,17.304798126220703,1609000,0.0,0
2005-10-25,17.23066573590081,17.35422781437163,17.119460100952136,17.13799476623535,2324400,0.0,0
2005-10-26,16.804373291485806,17.298619079551603,16.680811255281903,17.020605087280273,3593000,0.0,0
2005-10-27,17.05149862280009,17.972032271134804,17.05149862280009,17.595169067382812,4367700,0.0,0
2005-10-28,17.947318319064973,18.515701611886094,17.607524458754796,18.509523391723633,4809800,0.0,0
2005-10-31,18.534233934530565,18.534233934530565,18.163549020164982,18.231508255004883,4267100,0.0,0
2005-11-01,18.293287517131308,18.379780223455885,17.916424419503215,18.10794448852539,5423000,0.0,0
2005-11-02,18.039990661040118,18.626907443063242,18.00909955985468,18.565126419067383,2736200,0.0,0
2005-11-03,18.56512785981499,18.682511696679203,18.280936777104397,18.348896026611328,2044100,0.0,0
2005-11-04,18.379791143090955,18.682516973454458,18.367434698167845,18.441572189331055,1515000,0.0,0
2005-11-07,18.435386698047655,18.608373323638578,18.398318556269235,18.577482223510742,1232300,0.0,0
2005-11-08,18.44156880218921,18.61455428583891,18.44156880218921,18.55277442932129,2116900,0.0,0
2005-11-09,18.472455378613677,18.682510152109703,18.472455378613677,18.626907348632812,1628700,0.0,0
2005-11-10,18.63308737667524,18.74429299441851,18.56512812619321,18.688690185546875,1355800,0.0,0
2005-11-11,18.688688946369563,18.836962700737406,18.65779902276691,18.81842803955078,816700,0.0,0
2005-11-14,18.769003673569333,18.99141489690148,18.719579088203865,18.911100387573242,1342300,0.0,0
2005-11-15,18.86167263023604,18.997589922540072,18.86167263023604,18.898740768432617,1227700,0.0,0
2005-11-16,18.886393656814853,18.966709370676192,18.793722676369455,18.84314727783203,1784300,0.0,0
2005-11-17,18.935815172654582,18.991417987536337,18.812254278320324,18.948171615600586,1780000,0.0,0
2005-11-18,19.071728659426245,19.071728659426245,18.7751799987932,18.8740291595459,2550000,0.0,0
2005-11-21,18.812256693586612,19.022311537136133,18.8060784713204,18.99759864807129,1265500,0.0,0
2005-11-22,18.90492832425411,18.966709370676192,18.756654519866387,18.84314727783203,2776400,0.0,0
2005-11-23,18.86785262061563,18.917277202308384,18.750468797204714,18.78135871887207,1814200,0.0,0
2005-11-25,18.719577697162382,18.843139740581762,18.688687775495026,18.78135871887207,532900,0.0,0
2005-11-28,18.874028656641837,18.904919755038296,18.65779685974121,18.65779685974121,2475500,0.0,0
2005-11-29,18.844377315273558,18.863035542108552,18.763527371450508,18.769746780395508,1334900,0.2,0
2005-11-30,18.76974041796706,18.8257138932676,18.60181999206543,18.60181999206543,1523900,0.0,0
2005-12-01,18.757305832531152,18.968760967725576,18.6577976731727,18.900348663330078,2466500,0.0,0
2005-12-02,18.81327987768422,18.9998573854499,18.788402243992337,18.943883895874023,1310100,0.0,0
2005-12-05,18.80084196159187,18.80084196159187,18.527195095255827,18.6267032623291,1503400,0.0,0
2005-12-06,18.769744997364068,18.956322503066232,18.608043938847796,18.869253158569336,1435800,0.0,0
2005-12-07,18.8754646484456,18.918999302430755,18.70132484627464,18.732421875,1206800,0.0,0
2005-12-08,18.775961721290745,18.81327697984999,18.45255965049548,18.539628982543945,1243800,0.0,0
2005-12-09,18.60804187220804,18.72620824535211,18.496094906727414,18.645357131958008,1502500,0.0,0
2005-12-12,18.651582712010722,18.738652075651515,18.46500516528584,18.58938980102539,1433500,0.0,0
2005-12-13,18.558288251077435,18.80083922473124,18.5396300276307,18.65157699584961,2207900,0.0,0
2005-12-14,18.738650184841816,19.248631054477393,18.738650184841816,19.16777992248535,2403400,0.0,0
2005-12-15,19.155341914099186,19.211315412081216,19.018518466938133,19.14290428161621,2025900,0.0,0
2005-12-16,19.18021641566419,19.29838280166569,19.15533878230352,19.28594398498535,2697400,0.0,0
2005-12-19,19.22996743346175,19.254843876629582,19.124239880979463,19.13667869567871,1608900,0.0,0
2005-12-20,19.217532327880335,19.2486293706304,19.018515999203476,19.037174224853516,1818900,0.0,0
2005-12-21,19.155339515240282,19.155339515240282,19.012296676635742,19.012296676635742,1549800,0.0,0
2005-12-22,19.055826876329913,19.124239168396024,18.956318734905,18.993635177612305,1291400,0.0,0
2005-12-23,19.00607268595804,19.14289726922883,18.931442173474526,19.099361419677734,683800,0.0,0
2005-12-27,19.155339410842924,19.279725209266026,18.937666042948823,18.9749813079834,1059400,0.0,0
2005-12-28,18.89413107470787,18.999858652487273,18.819500541117083,18.925228118896484,1258400,0.0,0
2005-12-29,18.819500088456646,18.98120115565526,18.80706127108039,18.919008255004883,1022800,0.0,0
2005-12-30,18.81327632152078,18.95009972227063,18.81327632152078,18.875469207763672,1161200,0.0,0
2006-01-03,18.869251968338325,19.12424176362148,18.7075509200218,19.074487686157227,1728800,0.0,0
2006-01-04,18.950104450665386,19.111805520751993,18.825719833374023,18.825719833374023,1520400,0.0,0
2006-01-05,18.83193754516541,19.02473445564356,18.794621095732868,18.900348663330078,2483600,0.0,0
2006-01-06,19.055826876329913,19.155335017754826,18.87546881483374,18.993635177612305,3149600,0.0,0
2006-01-09,19.030955521474308,19.590689263176007,18.987420846241978,19.304603576660156,2834000,0.0,0
2006-01-10,19.30460304383764,19.690196887736388,19.242410143980486,19.652881622314453,3234100,0.0,0
2006-01-11,19.683981740294843,19.820806386846417,19.329483676467866,19.41033363342285,2412900,0.0,0
2006-01-12,19.41032603193386,19.683974031639583,19.329476106641394,19.472518920898438,1893300,0.0,0
2006-01-13,19.55959486288715,19.739952986035398,19.547156044399404,19.69019889831543,1676200,0.0,0
2006-01-17,19.478737506476154,19.75860490189187,19.410325212878835,19.646657943725586,2120700,0.0,0
2006-01-18,19.646664877741845,19.901654734124328,19.603130197807918,19.833242416381836,2151500,0.0,0
2006-01-19,19.90164412735381,19.90164412735381,19.702627875877138,19.783477783203125,1906100,0.0,0
2006-01-20,19.78970628590469,19.795925694900962,19.29216542851269,19.447647094726562,2499700,0.0,0
2006-01-23,19.447647094726562,19.522277630219875,19.341919514251888,19.447647094726562,1873300,0.0,0
2006-01-24,19.4538649438195,19.78970469907213,19.428987309829218,19.683977127075195,1707700,0.0,0
2006-01-25,19.659103038327085,19.789707073755363,19.590690722875497,19.69019889831543,1436900,0.0,0
2006-01-26,19.84567674871823,19.901650234902355,19.74616859244218,19.75238800048828,1870400,0.0,0
2006-01-27,19.652885528173407,19.795928395911897,19.621788478949078,19.628007888793945,1719300,0.0,0
2006-01-30,19.49739770380347,19.659098750180025,19.348135473201438,19.621782302856445,1787900,0.0,0
2006-01-31,19.628008796312297,19.795929311194204,19.609351752146214,19.64044761657715,1752800,0.0,0
2006-02-01,19.497400518656896,19.721293303768118,19.497400518656896,19.6964168548584,1650100,0.0,0
2006-02-02,19.67775373223431,19.80213950452573,19.441422188357375,19.52227210998535,1512100,0.0,0
2006-02-03,19.516056656333443,19.75238943431759,19.516056656333443,19.683977127075195,1563600,0.0,0
2006-02-06,19.715071565298093,20.175295871016097,19.715071565298093,20.162857055664062,2737600,0.0,0
2006-02-07,20.169083194675085,20.3370036894019,20.13798733397651,20.212617874145508,2624700,0.0,0
2006-02-08,20.212612069917515,20.243707921686642,19.951404068103137,20.237489700317383,2162300,0.0,0
2006-02-09,20.237493453759857,20.39919333642661,20.237493453759857,20.318342208862305,2277700,0.0,0
2006-02-10,20.337002200989282,21.083314665444856,20.337002200989282,20.88429832458496,4385500,0.0,0
2006-02-13,20.82211078302944,20.828331380147283,20.417859751488486,20.548463821411133,2633600,0.0,0
2006-02-14,21.095746853396037,21.108185668747176,20.791004180908203,20.791004180908203,5308500,0.0,0
2006-02-15,20.759914503769583,20.884300321817918,20.585773409517056,20.85942268371582,4493500,0.0,0
2006-02-16,20.896732456431685,21.008679432329064,20.791006075007306,20.996240615844727,3009800,0.0,0
2006-02-17,20.990021960148187,21.05843426316771,20.871856764680942,21.052213668823242,2637000,0.0,0
2006-02-21,21.052209046264636,21.232568283265998,21.00245616474145,21.08330726623535,2906500,0.0,0
2006-02-22,21.14550158014301,21.276105579335514,21.114405728782135,21.22635269165039,1922600,0.0,0
2006-02-23,21.226355118554185,21.2698897899292,21.095748731967486,21.145503997802734,2965800,0.0,0
2006-02-24,21.17660155756572,21.20147919248615,20.965146405665788,21.07087516784668,1911900,0.0,0
2006-02-27,21.021117814485713,21.1330647880701,20.95892610581066,21.052213668823242,2023600,0.0,0
2006-02-28,20.95892329958425,21.027335593443937,20.679055903095215,20.685274124145508,2043400,0.0,0
2006-03-01,20.722588721795297,21.027333720260412,20.68527228143393,20.958921432495117,2799400,0.0,0
2006-03-02,20.90884459090518,21.04030680709906,20.78990053887639,21.027786254882812,2219800,0.22,0
2006-03-03,21.034049663240737,21.0966524371981,20.871287227054893,20.877546310424805,2508800,0.0,0
2006-03-06,20.958922260901836,21.02778409699899,20.7836393239643,20.890060424804688,1918200,0.0,0
2006-03-07,20.85250812997942,21.121694094851858,20.85250812997942,21.09665298461914,3094800,0.0,0
2006-03-08,21.12169441336069,21.315757050461382,21.027791442597827,21.253156661987305,3850500,0.0,0
2006-03-09,21.284454977506087,21.415917214528903,21.021530503460458,21.077869415283203,2397000,0.0,0
2006-03-10,21.07160746773779,21.34705245853948,21.065348385514408,21.20306968688965,2788000,0.0,0
2006-03-13,21.271925371079174,21.47224937692879,21.15298373887175,21.428428649902344,4993300,0.0,0
2006-03-14,21.472261759723395,21.58494437650283,21.390879339148942,21.55364418029785,2273800,0.0,0
2006-03-15,21.56615387537021,21.591194974943896,21.447209846420538,21.5223331451416,1960100,0.0,0
2006-03-16,21.53486308628328,21.741446277730407,21.522342531036223,21.653804779052734,2247800,0.0,0
2006-03-17,21.584935905058472,21.653797742514335,21.509814986038872,21.62249755859375,3742600,0.0,0
2006-03-20,21.647541412666328,21.653800495025685,21.4221762389094,21.478517532348633,2654200,0.0,0
2006-03-21,21.503564287548997,21.503564287548997,21.347060901502637,21.38462257385254,2916600,0.0,0
2006-03-22,21.35957490147698,21.47225749588052,21.328274711487424,21.45347785949707,3089100,0.0,0
2006-03-23,21.47224937692879,21.49729047467262,21.353307744721366,21.428428649902344,2702200,0.0,0
2006-03-24,21.42843496684264,21.509817364475747,21.14046942205007,21.47225570678711,3057600,0.0,0
2006-03-27,21.491039401749333,21.509819038029175,21.409656997784335,21.4346981048584,2886800,0.0,0
2006-03-28,21.48477685688587,21.534859068530277,21.2343705747664,21.440956115722656,3050000,0.0,0
2006-03-29,21.447211530850666,21.804041257673823,21.44095244949101,21.71013832092285,12343000,0.0,0
2006-03-30,21.779006111657203,21.879168157157387,21.622502766309943,21.847867965698242,3621000,0.0,0
2006-03-31,21.879164814123598,22.129568695587757,21.7790027839277,22.098268508911133,3494700,0.0,0
2006-04-03,22.09826661208258,22.40501414650629,22.09826661208258,22.27355194091797,3517800,0.0,0
2006-04-04,21.910475925997,22.51144840683464,21.910475925997,22.461368560791016,3352900,0.0,0
2006-04-05,22.492661111399176,22.536481857299805,22.3424168482745,22.536481857299805,3951800,0.0,0
2006-04-06,22.48014141886687,22.498921056958007,22.148355076314736,22.392499923706055,2896800,0.0,0
2006-04-07,22.680464706006013,22.680464706006013,21.960550744372192,22.210954666137695,1716700,0.0,0
2006-04-10,22.223466782222122,22.392490618962846,22.210946232680143,22.354928970336914,2019700,0.0,0
2006-04-11,22.42379474959988,22.605339167868564,22.361194378911197,22.54899787902832,2456600,0.0,0
2006-04-12,22.574048814402634,22.64290829693075,22.43006598866767,22.436325073242188,2319600,0.0,0
2006-04-13,22.4363197996908,22.655423529081204,22.4363197996908,22.611602783203125,1830000,0.0,0
2006-04-17,22.617863931337784,22.667943759603993,22.273557052333754,22.37997817993164,1084000,0.0,0
2006-04-18,22.373719057147134,22.724285018541973,22.367457586092794,22.63038444519043,1838900,0.0,0
2006-04-19,22.68046128087922,22.962167739868164,22.411275374295478,22.962167739868164,2226200,0.0,0
2006-04-20,23.068592555436815,23.29395775879608,22.868268460906712,23.018512725830078,1913700,0.0,0
2006-04-21,23.005988720704465,23.07485056563014,22.79940318592743,22.924606323242188,1621700,0.0,0
2006-04-24,22.849488139906093,22.880788330980597,22.69298479648208,22.85574722290039,1185400,0.0,0
2006-04-25,22.84948444233467,22.980946656404875,22.73054278027845,22.899566650390625,2278700,0.0,0
2006-04-26,22.949654674372557,23.450464993704763,22.77437165961928,23.362823486328125,3863800,0.0,0
2006-04-27,23.381600163135428,23.83859205890202,23.225096808929564,23.81355094909668,4091800,0.0,0
2006-04-28,23.669566547850188,23.70086673896265,23.193795045955383,23.45046043395996,2896500,0.0,0
2006-05-01,23.381595135099346,23.594439746570757,23.225091814548342,23.28143310546875,3035100,0.0,0
2006-05-02,23.437935830919923,23.563138961791992,23.337773803832487,23.563138961791992,2503900,0.0,0
2006-05-03,23.56314443606047,23.644526848242013,23.200057899034196,23.600706100463867,2548000,0.0,0
2006-05-04,23.569405061392494,23.75720860056443,23.52558431518743,23.669567108154297,1416800,0.0,0
2006-05-05,23.77599808411902,23.87616017235968,23.575673907637704,23.826080322265625,2007600,0.0,0
2006-05-08,23.819804785008824,23.99509012697909,23.738422390095884,23.838586807250977,2261800,0.0,0
2006-05-09,23.78850531210078,23.901187896728516,23.700863832512816,23.901187896728516,1336000,0.0,0
2006-05-10,23.91371566246014,24.001357168483846,23.613229475499466,23.72591209411621,1524200,0.0,0
2006-05-11,23.632002241796236,23.638261324097876,23.39411651746288,23.46297836303711,1612300,0.0,0
2006-05-12,23.35029242412487,23.519316278612383,23.131188754261924,23.16248893737793,2530100,0.0,0
2006-05-15,23.162489512191534,23.162489512191534,22.542735363690472,22.880783081054688,2941000,0.0,0
2006-05-16,22.87453064602581,23.062334192002453,22.805668788622324,23.005992889404297,2693400,0.0,0
2006-05-17,22.80566682202264,23.043552566707017,22.599081267626655,22.661684036254883,3641100,0.0,0
2006-05-18,22.17339303066471,23.087374390990924,22.17339303066471,22.730546951293945,1991800,0.0,0
2006-05-19,22.97468459863884,23.037284962549386,22.68671910376904,22.98094367980957,2910500,0.0,0
2006-05-22,22.98095264888181,23.056075980554784,22.655425375787477,22.862010955810547,2728200,0.0,0
2006-05-23,22.974688658440137,23.162492171408882,22.70550274756615,22.7180233001709,1534400,0.0,0
2006-05-24,22.730552371975122,22.793152770409673,22.15461867655832,22.30486297607422,2624100,0.0,0
2006-05-25,22.448840280124987,22.480140471641892,22.00437135165094,22.342416763305664,2857100,0.0,0
2006-05-26,22.50518069676148,22.768105160845703,22.342415886379534,22.661684036254883,1588800,0.0,0
2006-05-30,22.63038923366177,22.73055129926142,22.242259139917614,22.580307006835938,2641100,0.0,0
2006-05-31,22.617861144274812,23.049809460556947,22.592820039201616,22.924606323242188,2586600,0.0,0
2006-06-01,22.956095182066726,23.327675411881494,22.905710281929814,23.189119338989258,2517900,0.22,0
2006-06-02,23.333971965841705,23.491421172632112,23.075755362804802,23.30248260498047,2328800,0.0,0
2006-06-05,23.145035090025054,23.208013816351087,22.647494983602407,22.685283660888672,1441500,0.0,0
2006-06-06,22.767164393301734,23.145041663549318,22.73567261871019,23.088359832763672,2799400,0.0,0
2006-06-07,23.08205409278572,23.522909938663442,23.025372283675132,23.22060775756836,2928200,0.0,0
2006-06-08,23.082061400522814,23.176529510626104,22.269622680215864,22.974994659423828,3468400,0.0,0
2006-06-09,22.943511632080245,23.327688299166045,22.937212314840963,23.107257843017578,2508300,0.0,0
2006-06-12,23.107256754510313,23.11355607145285,22.50265206224259,22.546737670898438,1892400,0.0,0
2006-06-13,22.38928037089361,22.672689469762567,21.916932673606887,21.967317581176758,2859500,0.0,0
2006-06-14,22.01141281945791,22.074391579032913,21.576851209939097,21.746896743774414,2722100,0.0,0
2006-06-15,21.80357984500384,22.00511477024183,21.74060108179915,21.94843292236328,2824600,0.0,0
2006-06-16,21.885441710177375,22.118465884467792,21.822462982796544,21.99250602722168,3330100,0.0,0
2006-06-19,22.137364377824863,22.137364377824863,21.520161235231598,21.5390567779541,2493800,0.0,0
2006-06-20,21.463480415537244,21.91693256908034,21.293434957026854,21.759483337402344,3129200,0.0,0
2006-06-21,21.80356831444176,22.439664537851847,21.772078949492197,22.257022857666016,2987700,0.0,0
2006-06-22,22.250731508209107,22.25702842177939,21.89804428614465,22.061790466308594,1407600,0.0,0
2006-06-23,22.02399646890731,22.30740312756186,21.91692975581738,22.074378967285156,1365300,0.0,0
2006-06-26,22.05549276475358,22.37039128669041,22.049193448923212,22.288516998291016,2204300,0.0,0
2006-06-27,22.26963193527914,22.294824402770427,21.90434836411329,22.1121826171875,3395300,0.0,0
2006-06-28,22.269615644139307,22.35778681337204,22.061781543104292,22.206634521484375,1414500,0.0,0
2006-06-29,22.20034227739345,22.452262016003136,22.02399990185748,22.40817642211914,2329500,0.0,0
2006-06-30,22.40817974693682,22.64120397811075,22.3326023726493,22.597118377685547,2751200,0.0,0
2006-07-03,22.597117151117903,22.609713379482102,22.326304247499895,22.445964813232422,1051000,0.0,0
2006-07-05,21.916938581904233,22.414478867101188,21.872852977138454,21.94213104248047,3482200,0.0,0
2006-07-06,21.94842956167616,22.04290009450393,21.677616596887706,21.979921340942383,3597700,0.0,0
2006-07-07,22.04289782813418,22.10587657522048,21.778384207389465,21.809873580932617,2093900,0.0,0
2006-07-10,21.885435856593304,21.91062830180132,21.76577534558092,21.879138946533203,1361000,0.0,0
2006-07-11,21.898053025562085,22.068098589645903,21.809881785478503,22.005117416381836,4169600,0.0,0
2006-07-12,22.024002267183654,22.16885529157146,21.841360557200577,21.93583106994629,3221000,0.0,0
2006-07-13,21.954719180715134,21.954719180715134,21.482371530191948,21.48866844177246,2791500,0.0,0
2006-07-14,21.40680113832049,21.41939496416392,20.79589727806341,21.135988235473633,2926100,0.0,0
2006-07-17,21.1045011450932,21.532763393319694,21.073011768529426,21.450891494750977,2329100,0.0,0
2006-07-18,21.413100298991285,21.746891976033254,21.36901469645688,21.715402603149414,2938300,0.0,0
2006-07-19,21.790970697692245,21.986208591898553,21.709098834543745,21.772077560424805,1977600,0.0,0
2006-07-20,21.63353060028787,21.690212438469246,21.249356366486758,21.26824951171875,1979300,0.0,0
2006-07-21,21.224161545844545,21.274544061692563,20.95334861601667,21.110797882080078,2934700,0.0,0
2006-07-24,21.16117905202684,21.41939573584823,21.16117905202684,21.25564956665039,2408100,0.0,0
2006-07-25,21.274540633299125,22.042893696663665,21.268243720764797,21.973615646362305,3262300,0.0,0
2006-07-26,21.97361515056458,21.97361515056458,21.620930396965942,21.75318717956543,2334200,0.0,0
2006-07-27,21.444583147147764,21.904334578326303,21.444583147147764,21.60833168029785,3120500,0.0,0
2006-07-28,21.6020268542126,22.112163058497867,21.413088320120067,21.879138946533203,3807100,0.0,0
2006-07-31,21.91692975126652,21.948419113056673,21.58313819181912,21.652416229248047,1895600,0.0,0
2006-08-01,21.570551745875914,21.570551745875914,21.12969327349232,21.280845642089844,2306900,0.0,0
2006-08-02,21.394204709969458,22.00510616203008,21.362712938200612,21.916934967041016,2715200,0.0,0
2006-08-03,21.879149613430993,22.28221932333553,21.8161684697053,22.168855667114258,2151300,0.0,0
2006-08-04,22.38298106959219,22.471152245943692,22.011400824622033,22.156253814697266,2192600,0.0,0
2006-08-07,22.15625403475868,22.15625403475868,21.633521480505205,21.772077560424805,1836600,0.0,0
2006-08-08,21.92953481219235,22.263326506129037,21.92953481219235,21.94213104248047,2276700,0.0,0
2006-08-09,22.01140125116486,22.042890614402836,21.19896270620918,21.324922561645508,2328700,0.0,0
2006-08-10,21.255643543736035,21.753183628467127,21.217854868097266,21.652416229248047,2127500,0.0,0
2006-08-11,21.55165098638598,21.665014622160616,21.28083812342263,21.331220626831055,1389300,0.0,0
2006-08-14,20.827384153670113,21.65871590391304,20.777001648874737,21.47607421875,1781800,0.0,0
2006-08-15,21.63351895844293,21.954716669450125,21.63351895844293,21.923227310180664,2261400,0.0,0
2006-08-16,21.979911917583102,22.04289064414403,21.853952061976823,22.03029441833496,1910200,0.0,0
2006-08-17,21.979916476960934,22.06808767342969,21.942127791695075,22.024002075195312,2006900,0.0,0
2006-08-18,22.030301239312596,22.042897469021685,21.501271603956667,21.639827728271484,1774800,0.0,0
2006-08-21,21.652423499727554,21.658720413206247,21.35641811404154,21.482378005981445,1591100,0.0,0
2006-08-22,21.43199108767029,21.595739652652806,21.161178186147957,21.494972229003906,1874200,0.0,0
2006-08-23,21.57684209349915,21.614630774769445,21.17377243655463,21.28713607788086,1190500,0.0,0
2006-08-24,21.21785858088646,21.350117767523262,20.94074878516524,21.02262306213379,1666500,0.0,0
2006-08-25,21.035217944909633,21.066707310197025,20.739212625742102,20.884065628051758,1704000,0.0,0
2006-08-28,20.915558717877147,21.1296898034412,20.915558717877147,20.959644317626953,2257900,0.0,0
2006-08-29,21.022623247095233,21.05411261467258,20.707724766352282,20.934452056884766,2596600,0.0,0
2006-08-30,21.06040831819547,21.41309546127565,20.997429586656153,21.350116729736328,2620700,0.0,0
2006-08-31,21.394491053377276,21.78751510082356,21.36279599471157,21.7304630279541,2481200,0.22,0
2006-09-01,21.86358213740138,21.92697224311791,21.692425950153712,21.812868118286133,1788400,0.0,0
2006-09-05,21.933316213640964,22.02206577107618,21.85090953757554,21.882604598999023,1314900,0.0,0
2006-09-06,21.73045976126856,21.89527791063828,21.5022515040967,21.787511825561523,1450900,0.0,0
2006-09-07,21.793851893603232,21.793851893603232,21.0838701245196,21.153600692749023,2626400,0.0,0
2006-09-08,21.299412651403838,21.36914326146886,21.172632362026363,21.1853084564209,1748500,0.0,0
2006-09-11,21.223334156196678,21.445204396118715,21.064856449757176,21.356454849243164,1314000,0.0,0
2006-09-12,21.489578395743088,21.73046277332221,21.489578395743088,21.654394149780273,1507600,0.0,0
2006-09-13,21.571980270492006,21.768493457337243,21.445200065484656,21.698762893676758,1180200,0.0,0
2006-09-14,21.698767043814822,21.933313369750977,21.565646352189802,21.933313369750977,1782400,0.0,0
2006-09-15,22.072772523165757,22.421422958374023,22.034737006929753,22.421422958374023,3722900,0.0,0
2006-09-18,22.212240533402014,22.421429891945337,22.186883514736643,22.294647216796875,2184700,0.0,0
2006-09-19,22.497488606609753,22.497488606609753,22.23758535330948,22.40873908996582,1438800,0.0,0
2006-09-20,22.624281144608847,22.776420838017167,22.48482237867781,22.598926544189453,1631900,0.0,0
2006-09-21,22.80177503711033,22.820791589618022,22.326341878993286,22.40241050720215,1916300,0.0,0
2006-09-22,22.40873908996582,22.50382664871007,22.351687038354683,22.40873908996582,1423000,0.0,0
2006-09-25,22.53553270113612,22.789098036168564,22.21857724143469,22.662315368652344,2064300,0.0,0
2006-09-26,22.78275774379951,23.03632308073519,22.64329898484533,22.732046127319336,2322800,0.0,0
2006-09-27,22.757398113752348,23.201133728027344,22.757398113752348,23.201133728027344,2095400,0.0,0
2006-09-28,23.29621594088122,23.594154714486056,23.20746883849097,23.58147621154785,2479900,0.0,0
2006-09-29,23.670233133336367,23.73362325614707,23.25185203552246,23.25185203552246,2042900,0.0,0
2006-10-02,23.207476847677263,23.372292606399505,23.150424773854564,23.232833862304688,2157400,0.0,0
2006-10-03,23.334253559466895,23.403981704665732,23.106045322300098,23.163097381591797,2408900,0.0,0
2006-10-04,23.17577588567633,23.2391659879216,23.00461970780123,23.163097381591797,3219400,0.0,0
2006-10-05,23.16310506781118,23.346939810772746,23.05533895642129,23.321582794189453,2366500,0.0,0
2006-10-06,23.340600726268253,23.63219917966624,23.150427927016448,23.518095016479492,2401600,0.0,0
2006-10-09,23.48639378264693,23.65121193869509,23.28354252764742,23.61951446533203,1122200,0.0,0
2006-10-10,23.644871414684516,23.771654053270836,23.54978624937805,23.765316009521484,1448200,0.0,0
2006-10-11,23.632190011630527,24.006197419607997,23.632190011630527,23.90477180480957,1918800,0.0,0
2006-10-12,23.89843944637431,24.310480046549227,23.841387373343572,24.152002334594727,1904200,0.0,0
2006-10-13,24.088616837350042,24.215399514866522,24.025226707681025,24.19004249572754,2394500,0.0,0
2006-10-16,24.107625618288587,24.28512227684318,24.05057355271348,24.272443771362305,1424000,0.0,0
2006-10-17,24.120308432031173,24.202717523287575,23.72728436463448,23.923797607421875,2447100,0.0,0
2006-10-18,24.01254600576659,24.088614638060037,23.720945148648312,23.955493927001953,1499100,0.0,0
2006-10-19,23.847724976439387,23.86040348334245,23.505414962768555,23.505414962768555,2532200,0.0,0
2006-10-20,23.62586652659818,23.69559713314742,23.37864158932643,23.68925666809082,2585100,0.0,0
2006-10-23,23.600494960414284,24.037892470824243,23.575137952170326,23.90477180480957,1306600,0.0,0
2006-10-24,23.86673951484402,24.07592879446209,23.61951230340087,23.790668487548828,2259200,0.0,0
2006-10-25,23.61317237226505,23.771650039193005,23.321574045480165,23.695581436157227,2937200,0.0,0
2006-10-26,23.644880844211354,23.936479336524336,23.54979564098512,23.860410690307617,1988500,0.0,0
2006-10-27,23.758980273874563,23.930136507286868,23.51175540944951,23.657554626464844,1428300,0.0,0
2006-10-30,23.581484019449835,23.733621268727035,23.486396425018103,23.651214599609375,1202900,0.0,0
2006-10-31,23.77164685510878,23.835036946118283,23.60049070757076,23.758968353271484,2833800,0.0,0
2006-11-01,23.803351848886575,24.044238648116448,23.587822063928897,23.651214599609375,2261100,0.0,0
2006-11-02,23.537103769229276,23.777988081872113,23.391304605836833,23.695581436157227,2381800,0.0,0
2006-11-03,23.77165748094588,23.828709555627274,23.562465734388095,23.720943450927734,1282800,0.0,0
2006-11-06,23.835043238398626,24.101287010914312,23.822367151391905,24.063251495361328,1537000,0.0,0
2006-11-07,24.088617251126664,24.13933129027576,23.99352963681135,24.082279205322266,1217800,0.0,0
2006-11-08,24.088618967935016,24.386557923724013,23.993531346842758,24.26611328125,3726200,0.0,0
2006-11-09,24.323154808286002,24.494311001022734,24.247086195351102,24.310476303100586,2466400,0.0,0
2006-11-10,24.443602328962605,24.48797589334264,24.23441059558996,24.418245315551758,2613700,0.0,0
2006-11-13,24.399229517378988,24.475298141780602,24.215394791745286,24.29780387878418,1655300,0.0,0
2006-11-14,24.35484884934568,24.35484884934568,24.01253889628504,24.107624053955078,2915300,0.0,0
2006-11-15,24.132983985238972,24.291461685387997,24.120305479045715,24.21539306640625,2803700,0.0,0
2006-11-16,24.342179677213235,24.424586353632552,24.29780610739416,24.380212783813477,1282600,0.0,0
2006-11-17,24.23441541718688,24.291467499623227,24.14566827076998,24.221736907958984,1607400,0.0,0
2006-11-20,24.221729829617196,24.221729829617196,23.94280996264765,24.031557083129883,1630400,0.0,0
2006-11-21,24.044236953418583,24.15200062921298,23.9237947713817,23.974506378173828,1533500,0.0,0
2006-11-22,23.974502018014427,24.08860613526725,23.809686303192215,23.822364807128906,2337500,0.0,0
2006-11-24,23.752634591700627,24.025216384879666,23.720937122306978,23.90477180480957,691900,0.0,0
2006-11-27,23.790680144973685,23.79702060944385,23.22649971606229,23.29623031616211,2154600,0.0,0
2006-11-28,23.315239569074212,23.689247055749828,23.245508990819417,23.53076934814453,1906900,0.0,0
2006-11-29,23.606839121402473,23.73361934613739,23.36595234168612,23.499073028564453,1437300,0.0,0
2006-11-30,23.60110212893122,23.684003199577113,23.33964715161528,23.346025466918945,2857400,0.22,0
2006-12-01,23.435309551426148,23.550094935675006,23.116461802427153,23.244001388549805,2014900,0.0,0
2006-12-04,23.358777245191174,23.779656004896676,23.212107632389255,23.72226333618164,2411300,0.0,0
2006-12-05,23.779662664112628,23.945462402045074,23.67763149478152,23.830677032470703,1711000,0.0,0
2006-12-06,23.830677776414095,24.143149610591248,23.67125391731892,24.104887008666992,2282800,0.0,0
2006-12-07,24.09851298149243,24.16865987411767,23.977349282370568,24.028366088867188,1435800,0.0,0
2006-12-08,24.041112338646766,24.136765170266937,23.894442717404303,23.9390811920166,1396200,0.0,0
2006-12-11,23.926333280039962,23.970971766378756,23.75415521875531,23.881694793701172,1910900,0.0,0
2006-12-12,23.881689767825744,23.958212523643105,23.722265940847755,23.81791877746582,2684700,0.0,0
2006-12-13,23.951836985337703,24.009229661179656,23.811543237143017,23.84980583190918,1435000,0.0,0
2006-12-14,23.86894044049457,23.96459572924678,23.70313826433941,23.786039352416992,1408700,0.0,0
2006-12-15,23.786032113918107,23.786032113918107,23.543707240073832,23.575593948364258,3187600,0.0,0
2006-12-18,23.786041588801986,23.830680079052623,23.199362898299167,23.244001388549805,3593700,0.0,0
2006-12-19,23.24399936179574,23.314146249677524,22.95703592619529,22.988920211791992,3955700,0.0,0
2006-12-20,22.963423707021754,23.39705702711325,22.963423707021754,23.014440536499023,2641500,0.0,0
2006-12-21,23.052682228058952,23.320513041790225,23.052682228058952,23.0909423828125,2408200,0.0,0
2006-12-22,23.14834090474426,23.199357700809834,22.746592149879397,22.79123306274414,2092100,0.0,0
2006-12-26,22.79123341961471,23.23124234580379,22.765725021182504,23.116456985473633,2830800,0.0,0
2006-12-27,23.141964568609346,23.63299027436389,23.141964568609346,23.479942321777344,2150000,0.0,0
2006-12-28,23.47994503360416,23.562846118855518,23.333275379768658,23.435306549072266,1616900,0.0,0
2006-12-29,23.435304882698322,23.575598642745764,23.30776532198381,23.44805908203125,1885700,0.0,0
2007-01-03,23.448070811689362,23.9454726714199,23.448070811689362,23.61387062072754,2530700,0.0,0
2007-01-04,23.5118304559772,23.5118304559772,23.24399953582159,23.32052230834961,2264700,0.0,0
2007-01-05,23.295010677847838,23.295010677847838,22.912394435624893,22.944278717041016,2507500,0.0,0
2007-01-08,22.855004990735267,23.06544322395712,22.70833532937092,23.00167465209961,2457400,0.0,0
2007-01-09,23.001668993099713,23.05268578412635,22.63818287118561,22.75934410095215,3121500,0.0,0
2007-01-10,22.765725775074447,23.422551244458653,22.721087292647262,23.390666961669922,2570100,0.0,0
2007-01-11,23.43530321487106,23.766905076083667,23.43530321487106,23.620235443115234,2829000,0.0,0
2007-01-12,23.632991244716607,23.690383925216228,23.46718908655558,23.530960083007812,1894100,0.0,0
2007-01-16,23.58835720957548,23.760532850912206,23.51183199940889,23.550094604492188,1875100,0.0,0
2007-01-17,23.518214742214205,23.72227714249503,23.46719792583615,23.569229125976562,2676300,0.0,0
2007-01-18,23.58197410644582,23.639366786115264,23.422550266543443,23.499073028564453,1655100,0.0,0
2007-01-19,23.581974831423107,23.613859113860848,23.422550986619584,23.537336349487305,1630700,0.0,0
2007-01-22,23.518203636925094,23.900819848626448,23.454432646565166,23.81791877746582,2924100,0.0,0
2007-01-23,23.817920673271995,24.098508187960153,23.77328219277429,23.977344512939453,2606700,0.0,0
2007-01-24,23.990101254763527,24.22605031396247,23.990101254763527,24.0985107421875,1900300,0.0,0
2007-01-25,24.053871914218742,24.162278967483044,23.62661471975276,23.671253204345703,2467000,0.0,0
2007-01-26,23.65849464107057,23.939082129755484,23.60748028206437,23.888065338134766,2886700,0.0,0
2007-01-29,23.913566150251125,24.24516789278159,23.913566150251125,24.047481536865234,2640900,0.0,0
2007-01-30,24.1303823885019,24.26429777404964,24.002842883526736,24.194150924682617,2088700,0.0,0
2007-01-31,24.206917049344575,24.277063933285014,24.085755797838775,24.21967124938965,2625800,0.0,0
2007-02-01,24.30893810932057,24.328070617740256,23.99009053861684,24.03472900390625,3141900,0.0,0
2007-02-02,24.111264280850147,24.257933932950504,23.99647891266466,24.136770248413086,1856200,0.0,0
2007-02-05,24.10487715524714,24.46836321079169,23.919944970464392,24.417348861694336,3001200,0.0,0
2007-02-06,24.54490595650088,24.678821455450215,24.181417208099308,24.27069664001465,2648500,0.0,0
2007-02-07,24.270686909470168,24.589534597774538,24.17503162993293,24.493879318237305,2389900,0.0,0
2007-02-08,24.05387287593458,24.07300296077785,22.07063966001368,22.593549728393555,15309700,0.0,0
2007-02-09,22.574416951010917,22.835871954016092,22.34484622981325,22.478761672973633,6761600,0.0,0
2007-02-12,22.446882056173223,22.542534921474726,22.191802883471997,22.274703979492188,3532800,0.0,0
2007-02-13,22.268328895807684,22.44688531567273,22.21093862786234,22.33209991455078,5971100,0.0,0
2007-02-14,22.466015951564522,22.644569943157986,22.332100457869426,22.51065444946289,3799800,0.0,0
2007-02-15,22.383115931957768,22.77211066055101,22.191807726985168,22.733850479125977,4265400,0.0,0
2007-02-16,22.59993126370265,22.842256273643976,22.523408472579582,22.752979278564453,4007600,0.0,0
2007-02-20,22.67006588521818,22.733836870445696,22.529774582946345,22.56165885925293,3840500,0.0,0
2007-02-21,22.44688378182924,22.52340656647636,22.319344185673724,22.33847427368164,5164100,0.0,0
2007-02-22,22.46600952016075,22.52978052219944,21.67526855580089,21.681644439697266,10206100,0.0,0
2007-02-23,21.68164804610507,22.210936504297734,21.68164804610507,22.083396911621094,6178900,0.0,0
2007-02-26,22.134411627910975,22.27470542526415,21.86658066854448,22.01325035095215,3905100,0.0,0
2007-02-27,22.013241521493324,22.013241521493324,21.33090776141968,21.573232650756836,5466500,0.0,0
2007-02-28,21.573234451914523,21.80280273019522,21.522217657220146,21.713525772094727,5547900,0.0,0
2007-03-01,21.592365584033544,21.713526828404888,21.362794861970126,21.522218704223633,3868500,0.0,0
2007-03-02,21.522220968999385,21.56685945491848,21.28627433876775,21.29265022277832,2723100,0.0,0
2007-03-05,21.209743677190573,21.439314364337765,20.992927187397605,21.30539894104004,6400200,0.0,0
2007-03-06,21.522211810126244,21.63699713438937,21.3309037472257,21.560474395751953,3405800,0.0,0
2007-03-07,21.560483453012747,21.892085369894936,21.432943879963442,21.534975051879883,4732900,0.0,0
2007-03-08,21.75976080197241,22.138694148746175,21.68911183816309,21.73406982421875,3717300,0.24,0
2007-03-09,21.86894060755701,22.0295055201676,21.75975764299435,21.785446166992188,3721100,0.0,0
2007-03-12,21.80472097713688,21.997398429580414,21.38725112182028,21.650577545166016,3865700,0.0,0
2007-03-13,21.522125027933907,21.669846939384687,21.06612115353443,21.091812133789062,3460200,0.0,0
2007-03-14,21.130348056850284,21.43863246184049,20.911979630395557,21.4257869720459,4814200,0.0,0
2007-03-15,21.342294396816232,21.689115301796576,21.213841937561266,21.592775344848633,3911000,0.0,0
2007-03-16,21.57992870528702,21.618465176020397,21.35513875107587,21.528549194335938,3918600,0.0,0
2007-03-19,21.74049831744991,21.913908797873106,21.61846980901608,21.843259811401367,2893800,0.0,0
2007-03-20,21.901058197021484,21.939594667025876,21.76618422704617,21.901058197021484,3296100,0.0,0
2007-03-21,21.96528420699293,22.15796164432962,21.772606769656242,22.09373664855957,4061600,0.0,0
2007-03-22,21.547817987751582,22.15154382906515,21.547817987751582,22.048782348632812,3793300,0.0,0
2007-03-23,22.093746034173616,22.472679550254835,22.023097038798337,22.43414306640625,4282400,0.0,0
2007-03-26,22.43413389077123,22.601120352428584,22.241456450389176,22.57543182373047,4108700,0.0,0
2007-03-27,22.575440946942212,22.575440946942212,22.113012943127117,22.164392471313477,3637900,0.0,0
2007-03-28,22.164397101704115,22.190088096178215,21.836845497257606,21.881803512573242,3048700,0.0,0
2007-03-29,21.965281944776045,22.344215260856476,21.92032396236195,22.299257278442383,4213600,0.0,0
2007-03-30,22.376328658620764,22.479090115433117,22.06162031899309,22.100156784057617,2715000,0.0,0
2007-04-02,22.09374181620566,22.324953325073295,22.09374181620566,22.25430679321289,2867600,0.0,0
2007-04-03,22.43413313465222,22.569007093371212,22.14511575880688,22.47266960144043,2732100,0.0,0
2007-04-04,22.47909742482119,22.549746408732123,22.27357444436786,22.305686950683594,2543500,0.0,0
2007-04-05,22.414870660535136,22.421292181285587,22.09374072241874,22.17723274230957,2357400,0.0,0
2007-04-09,22.29284817813873,22.363497183346194,22.093749108948156,22.11301612854004,3216800,0.0,0
2007-04-10,22.055206734406475,22.279996736420667,21.91390876169626,22.24146270751953,4033300,0.0,0
2007-04-11,22.241456878510267,22.318527366141286,21.772607532879416,22.023088455200195,4730000,0.0,0
2007-04-12,22.55616503846837,22.55616503846837,21.89463818306324,21.93959617614746,4218600,0.0,0
2007-04-13,22.254309140645407,22.254309140645407,21.791881174078007,21.823993682861328,3959600,0.0,0
2007-04-16,21.868951229494392,22.125856194462735,21.85610573624324,22.029516220092773,3519500,0.0,0
2007-04-17,22.048788308704722,22.151549816914823,21.984560834806153,22.132280349731445,3791800,0.0,0
2007-04-18,22.113011772551634,22.63966477122764,22.074475290931154,22.491945266723633,3499300,0.0,0
2007-04-19,22.84518199448814,22.84518199448814,22.196500643138254,22.31852912902832,2405200,0.0,0
2007-04-20,22.652511487431127,22.652511487431127,22.34422696791458,22.382761001586914,3101200,0.0,0
2007-04-23,22.639657574882065,22.941520459889027,22.594699585629115,22.84518051147461,3373400,0.0,0
2007-04-24,23.11493130476385,23.391100765035013,22.530474984139065,22.639657974243164,3376900,0.0,0
2007-04-25,22.73599867632569,22.960788633990408,22.639658723025505,22.742420196533203,3063500,0.0,0
2007-04-26,22.858023722147067,22.909403226158947,22.671767813797867,22.703880310058594,3436100,0.0,0
2007-04-27,23.609468853160646,24.566437020330348,23.60304733325857,24.48936653137207,8203500,0.0,0
2007-04-30,24.418720206610875,24.437987218430195,23.98198330517544,24.026941299438477,3941500,0.0,0
2007-05-01,23.98840404597485,24.43156490362872,23.97556100519742,24.09758949279785,4610400,0.0,0
2007-05-02,24.084751323289552,24.290274338579415,23.937031809176688,24.18109130859375,3433800,0.0,0
2007-05-03,24.32881026209451,24.566445783667373,24.21320326240446,24.56002426147461,2359500,0.0,0
2007-05-04,24.534322877299065,24.662775316976063,24.277417997945072,24.40587043762207,2608700,0.0,0
2007-05-07,24.39303390722603,24.71416389934332,24.38018841353805,24.566444396972656,1623800,0.0,0
2007-05-08,24.534324288704614,24.553591298255277,24.328801353408743,24.39302635192871,1901200,0.0,0
2007-05-09,24.43157775248529,24.784820360283632,24.386619736039762,24.694904327392578,2039400,0.0,0
2007-05-10,24.727000053061953,24.829761513722968,24.547168109411793,24.65635108947754,3206400,0.0,0
2007-05-11,24.7077464259413,24.874732971191406,24.69490093014855,24.874732971191406,2016200,0.0,0
2007-05-14,24.874729434057503,25.01602741765765,24.746276944423503,24.797658920288086,2106600,0.0,0
2007-05-15,24.823342320667862,24.874721830800226,24.42513947951519,24.450830459594727,2359800,0.0,0
2007-05-16,24.48936904182442,24.78480798813938,24.3673381009353,24.71415901184082,1728000,0.0,0
2007-05-17,24.682047293148692,24.72700528858031,24.5535948276182,24.643510818481445,1259800,0.0,0
2007-05-18,24.71416732724235,24.849041354632305,24.508644299783068,24.823352813720703,2461800,0.0,0
2007-05-21,24.855451972810766,25.04812940127684,24.855451972810766,24.990325927734375,1839900,0.0,0
2007-05-22,25.048131545523663,25.279345459486606,24.92610306872173,25.086668014526367,1804500,0.0,0
2007-05-23,25.144477169143034,25.42064913427233,25.118786184008403,25.26008415222168,2125500,0.0,0
2007-05-24,25.14447776242973,25.356422269723303,24.68847134062569,24.701316833496094,2544700,0.0,0
2007-05-25,24.861878306225034,25.195853723581408,24.791229330434486,25.009597778320312,1411300,0.0,0
2007-05-29,25.21512270303747,25.33072968153044,24.99033271709397,25.234392166137695,1674000,0.0,0
2007-05-30,25.112356543834863,25.221541980995873,25.048131545523663,25.086668014526367,3095300,0.0,0
2007-05-31,25.086672134776613,25.151294209840366,24.912189573895503,24.989736557006836,3746300,0.24,0
2007-06-01,25.261154390905208,25.65535545349121,25.13837146369568,25.65535545349121,3406900,0.0,0
2007-06-04,25.84275857101998,26.075399478395695,25.526104543900235,25.8233699798584,3736000,0.0,0
2007-06-05,26.359746439223617,26.359746439223617,25.526108383904944,25.765213012695312,2498500,0.0,0
2007-06-06,25.81044814757819,25.849222869344846,25.5907296545818,25.700590133666992,2574800,0.0,0
2007-06-07,25.532567559021437,26.004318022727762,25.11251918698925,25.118980407714844,3086700,0.0,0
2007-06-08,25.04789618711753,25.274078369140625,24.789405434314887,25.274078369140625,2243300,0.0,0
2007-06-11,25.18361424091725,25.38394420465109,24.925120943304496,25.293472290039062,2036200,0.0,0
2007-06-12,25.267613301825122,25.306388021954568,24.80879020690918,24.80879020690918,2298200,0.0,0
2007-06-13,24.886337300582976,25.338699176886564,24.698932315332353,25.319313049316406,2813800,0.0,0
2007-06-14,25.267606026577052,25.597184889847682,25.202983976808355,25.28053092956543,1930600,0.0,0
2007-06-15,25.377480582042107,25.59073543701034,25.338705851513996,25.50672721862793,3192800,0.0,0
2007-06-18,25.52610617500145,25.655352775251416,25.390398354067216,25.429170608520508,1675700,0.0,0
2007-06-19,25.351622697738378,25.513180325788078,25.209451196199034,25.48086929321289,1524200,0.0,0
2007-06-20,25.59719211740324,25.79752200735473,25.30638788098702,25.551956176757812,2170100,0.0,0
2007-06-21,25.51318267622248,25.700590133666992,25.287002962185312,25.700590133666992,1700600,0.0,0
2007-06-22,25.71997408409251,25.71997408409251,25.280537135309597,25.306386947631836,2675900,0.0,0
2007-06-25,25.364556254340663,25.52611393748933,24.84757216129985,24.96389389038086,1838500,0.0,0
2007-06-26,25.125441581164797,25.519642565702114,25.086666865166926,25.209449768066406,2515500,0.0,0
2007-06-27,25.002651975004603,25.209445494926683,24.808783358224304,25.09312629699707,2646900,0.0,0
2007-06-28,25.131901646683662,25.500252803633664,24.99619384468598,25.299922943115234,2126800,0.0,0
2007-06-29,25.325775766355168,25.513183227851677,25.125445862497703,25.23530387878418,2216900,0.0,0
2007-07-02,25.42916807278219,25.687661247505783,25.241763109539882,25.68120002746582,2093500,0.0,0
2007-07-03,25.299923950594007,25.849218865414624,25.183602268485753,25.68120002746582,1316700,0.0,0
2007-07-05,25.745826516914644,25.810448589123915,25.371011595613574,25.487333297729492,1609800,0.0,0
2007-07-06,25.55841423447013,25.70704694464996,25.202987974025003,25.59718894958496,1771900,0.0,0
2007-07-09,25.623040503555615,25.67473766205364,25.467944097714057,25.577804565429688,2028800,0.0,0
2007-07-10,25.396866897387167,25.5131886246336,24.776485995522567,24.8798828125,3506600,0.0,0
2007-07-11,24.899268228267157,25.073750814112056,24.834646143957713,25.028514862060547,1692300,0.0,0
2007-07-12,24.976817137144966,25.435640335083008,24.88634276986155,25.435640335083008,2431100,0.0,0
2007-07-13,25.461486765464652,25.784602067233624,25.33224015172224,25.65535545349121,1334100,0.0,0
2007-07-16,25.51966239178299,25.70706750176593,25.40980184369247,25.493812561035156,1368100,0.0,0
2007-07-17,25.4550277363086,25.661821370062793,25.383941962485366,25.526113510131836,1600700,0.0,0
2007-07-18,25.396858153593154,25.487330029153348,24.996195933894995,25.455018997192383,2600500,0.0,0
2007-07-19,25.674740799697656,25.86860948181149,25.551957876232837,25.7264404296875,1855900,0.0,0
2007-07-20,25.22238561442464,26.17234561447251,25.157763524903228,25.558425903320312,4599500,0.0,0
2007-07-23,25.261152442000146,26.28865912096001,25.261152442000146,26.0430908203125,3220600,0.0,0
2007-07-24,25.493803656395773,26.618243784243905,25.487339968378723,25.539039611816406,2652800,0.0,0
2007-07-25,25.849223102445038,26.340357256714928,25.20299252488391,25.661815643310547,2485500,0.0,0
2007-07-26,25.88799985534551,26.230501299464745,24.104401940865014,24.43398094177246,6286400,0.0,0
2007-07-27,24.253036973685404,24.750634900126023,23.99454617714348,24.143178939819336,4538100,0.0,0
2007-07-30,24.233643608591525,24.356426515412522,23.92991448650826,24.227182388305664,3361900,0.0,0
2007-07-31,25.36454520391328,26.392051719697854,24.472746491208632,24.576143264770508,7266900,0.0,0
2007-08-01,25.07374651098822,25.3774756785009,24.511526585425102,25.002660751342773,5128500,0.0,0
2007-08-02,25.513191869359357,25.513191869359357,24.589081621582856,24.97035789489746,2712900,0.0,0
2007-08-03,25.33223783608008,25.37747377697875,24.47921371459961,24.47921371459961,3683100,0.0,0
2007-08-06,24.750627681452677,24.750627681452677,24.039775116818873,24.24656867980957,4252700,0.0,0
2007-08-07,24.750618284939076,24.84109012625337,23.6778761597487,24.033302307128906,4023500,0.0,0
2007-08-08,24.136703928671487,24.265950498893513,23.038114244717498,24.220714569091797,7486700,0.0,0
2007-08-09,24.33058447509637,24.427517591565632,22.734394012458516,22.92826271057129,8120200,0.0,0
2007-08-10,22.844254642566668,23.529260083533167,22.114015714228984,23.2901554107666,6872400,0.0,0
2007-08-13,23.296622155780156,24.70540563661184,23.27077232957634,24.072099685668945,5757100,0.0,0
2007-08-14,24.052703053362503,24.104400218037306,23.50986926581987,23.555105209350586,2946700,0.0,0
2007-08-15,23.471099721908832,23.871762080940133,22.721472179927094,22.805482864379883,3354400,0.0,0
2007-08-16,22.411279777963852,23.005810809625082,21.93306799865752,22.8636417388916,6360000,0.0,0
2007-08-17,23.335387059560162,23.878220855168266,20.937872156113574,23.264301300048828,4523500,0.0,0
2007-08-20,23.34185297574534,23.63265729352271,23.051048657967975,23.50987434387207,2398600,0.0,0
2007-08-21,23.632652050911144,23.839445638750544,23.380622519805247,23.67142677307129,1787900,0.0,0
2007-08-22,23.75543531689722,24.34350505304086,23.671427115429594,24.27888298034668,2569000,0.0,0
2007-08-23,24.285355039361576,24.51799606037059,23.9105399860264,24.130258560180664,2197300,0.0,0
2007-08-24,24.181944797396696,24.440437990635427,24.046236980274568,24.291805267333984,2096000,0.0,0
2007-08-27,24.201346351512928,24.44691477009898,24.046249859465124,24.072099685668945,1362300,0.0,0
2007-08-28,23.884685021178896,24.21426404406125,23.432323058204236,23.451711654663086,2370600,0.0,0
2007-08-29,23.54218050486718,24.28534666672053,23.49048087457259,24.27888298034668,2242300,0.0,0
2007-08-30,24.09677299807873,24.389446856562042,23.953689930282426,24.15530776977539,1277500,0.24,0
2007-08-31,24.4739998247086,24.617082905314355,24.207341947778673,24.50001335144043,2190300,0.0,0
2007-09-04,24.324402372756644,24.747151175513054,24.324402372756644,24.610570907592773,1876200,0.0,0
2007-09-05,24.38943493448393,24.467480431588225,24.142287965795106,24.187814712524414,1792900,0.0,0
2007-09-06,24.14230458298377,24.643101622727208,24.14230458298377,24.59107208251953,2038700,0.0,0
2007-09-07,24.473994765856958,24.56504829315495,24.06425141199346,24.116283416748047,1726800,0.0,0
2007-09-10,24.187826721337498,24.408957807105217,23.778085797344865,24.025230407714844,1542700,0.0,0
2007-09-11,24.252862906503136,24.389443192938202,24.005715854128407,24.324405670166016,1187800,0.0,0
2007-09-12,24.272371782061114,24.428465298023085,24.187821024205785,24.25286102294922,1454800,0.0,0
2007-09-13,24.467497745429508,24.59757531999737,24.207345077317154,24.259374618530273,1611300,0.0,0
2007-09-14,24.252858092716387,24.252858092716387,23.817098837361804,23.9862003326416,1783800,0.0,0
2007-09-17,23.90165594562495,24.187824538608503,23.8301131771234,24.070755004882812,1493200,0.0,0
2007-09-18,24.324414176268956,24.597574844661743,23.927678697964197,24.59107208251953,2416700,0.0,0
2007-09-19,24.740649878295002,25.443064498402055,24.571548362383602,25.30648422241211,2755600,0.0,0
2007-09-20,25.28698690173355,25.449583263661577,24.86423536831124,24.91626739501953,2368200,0.0,0
2007-09-21,25.10486712218728,25.10486712218728,24.597567472348054,24.779674530029297,3398700,0.0,0
2007-09-24,24.753661675006853,24.916257975465594,24.55204136926986,24.63008689880371,2279600,0.0,0
2007-09-25,24.610577859044646,24.812198178892015,24.44147878638314,24.76016616821289,2064300,0.0,0
2007-09-26,24.877233737325273,25.085356801482526,24.786180206884307,24.903249740600586,1871000,0.0,0
2007-09-27,24.948776739352812,24.96178474111223,24.46098783797659,24.63008689880371,2024600,0.0,0
2007-09-28,24.65610607093561,24.766672859588525,24.40895896779054,24.545541763305664,2390400,0.0,0
2007-10-01,24.617087653729435,24.981304389482787,24.5455473401386,24.851226806640625,2115900,0.0,0
2007-10-02,24.812202613384972,24.812202613384972,24.49351269357541,24.7536678314209,1981500,0.0,0
2007-10-03,24.58456595725242,24.77317830591235,24.55204718566149,24.64310073852539,2108400,0.0,0
2007-10-04,24.86423183288031,24.922766614092318,24.636597950957636,24.870737075805664,1370800,0.0,0
2007-10-05,25.059343488963645,25.098367498066832,24.73415085617243,25.000808715820312,1889900,0.0,0
2007-10-08,25.000811302940736,25.17641564054253,24.961789770822435,25.078859329223633,946600,0.0,0
2007-10-09,25.124387308787263,25.286983649805258,25.013820506762926,25.22844886779785,1353200,0.0,0
2007-10-10,25.195926280313355,25.436568133892443,24.942273942676977,25.000808715820312,2067200,0.0,0
2007-10-11,25.0008105094608,25.65119582170401,24.883740954775174,24.987802505493164,1882800,0.0,0
2007-10-12,24.95528441532507,25.137393994805567,24.74716130822434,25.06585121154785,1664600,0.0,0
2007-10-15,25.124370573417522,25.21542406677305,24.79267286931197,24.90974235534668,1440200,0.0,0
2007-10-16,24.903252053976555,24.95528158433781,24.4024551090073,24.57155418395996,2103000,0.0,0
2007-10-17,24.80569833246402,24.916265138694822,24.48701088131745,24.721147537231445,1626800,0.0,0
2007-10-18,24.65611434337683,24.896756285033312,24.52603674644605,24.786191940307617,2120000,0.0,0
2007-10-19,24.59757402833209,24.98130148859418,24.591071266405688,24.727651596069336,3599900,0.0,0
2007-10-22,24.55204573808814,24.85122238872261,24.46749495211819,24.695131301879883,2257100,0.0,0
2007-10-23,24.786185407492948,25.052843294458185,24.59757306570644,24.922765731811523,2187400,0.0,0
2007-10-24,24.922768012097304,25.221944696841316,24.65611010073444,25.20893669128418,2509300,0.0,0
2007-10-25,25.325998162686936,25.384532928466797,24.565048688571345,25.384532928466797,3280100,0.0,0
2007-10-26,24.421967889265215,24.421967889265215,22.230170089703115,23.420373916625977,12787000,0.0,0
2007-10-29,23.58297164044461,23.914669557489102,23.426880546207492,23.667522430419922,4334100,0.0,0
2007-10-30,23.569955508941657,23.634993022099298,23.264273738852136,23.316303253173828,3759000,0.0,0
2007-10-31,23.44639131273133,23.71304920632435,23.14071188609064,23.667522430419922,4016500,0.0,0
2007-11-01,23.67402792037754,23.869143030722082,23.08868010832068,23.147214889526367,4266100,0.0,0
2007-11-02,23.14721959728673,23.4854203484792,23.004133996121986,23.342334747314453,2460900,0.0,0
2007-11-05,23.32932358880997,23.41387438544396,23.00413088901214,23.264286041259766,2916200,0.0,0
2007-11-06,23.17323427164127,23.355341403662283,22.78950675700871,23.251279830932617,2168700,0.0,0
2007-11-07,23.199252612092597,23.199252612092597,22.360257093525995,22.39927864074707,2718900,0.0,0
2007-11-08,22.418776927129553,22.75047226216761,22.256180639537426,22.58137321472168,3328400,0.0,0
2007-11-09,22.236674161503462,22.39927049855137,21.735877145673122,21.78140640258789,8072300,0.0,0
2007-11-12,21.71636784532587,22.334234464027553,21.618811525124578,21.885469436645508,4210300,0.0,0
2007-11-13,22.028552531693297,22.86104752052424,22.028552531693297,22.835031509399414,3967800,0.0,0
2007-11-14,22.926083905565346,23.29680336172667,22.568372454307273,22.61389923095703,4314100,0.0,0
2007-11-15,22.477323483156297,22.75048419874044,22.23017630165844,22.392772674560547,3729700,0.0,0
2007-11-16,22.49682804839073,22.574873591168796,22.132611380387967,22.340734481811523,3666300,0.0,0
2007-11-19,22.243174265821526,22.399265323954936,22.04805920264345,22.093585968017578,3832900,0.0,0
2007-11-20,22.17163283308372,22.275694371783988,21.677341144513136,22.028547286987305,6868700,0.0,0
2007-11-21,21.891963329352215,22.217155893650983,21.7553830477921,21.970008850097656,3585400,0.0,0
2007-11-23,22.074073644203068,22.32122072439919,22.002533353509346,22.13260841369629,1307200,0.0,0
2007-11-26,22.178132672902635,22.477311728158394,21.79440533429124,21.83342933654785,3485500,0.0,0
2007-11-27,21.989528899366938,22.353743096293886,21.755389783614962,22.334232330322266,4426000,0.0,0
2007-11-28,22.45780349305218,22.867546924512357,22.230169631698196,22.659423828125,3652800,0.0,0
2007-11-29,22.69871814364659,22.84934407571162,22.02417538304397,22.109310150146484,4025600,0.24,0
2007-11-30,22.33197327773191,22.639775482157496,22.266484616388393,22.476051330566406,3000200,0.0,0
2007-12-03,22.71181362397512,22.71181362397512,22.384365333546683,22.5087947845459,1930100,0.0,0
2007-12-04,22.476054006880094,22.705266847107996,22.29923160231889,22.33197593688965,2194300,0.0,0
2007-12-05,22.58082979317348,22.58082979317348,22.01761843406119,22.18789291381836,2613600,0.0,0
2007-12-06,22.109308205851665,22.705264014323358,22.109308205851665,22.67251968383789,1631300,0.0,0
2007-12-07,22.66597210080182,22.941027478202045,22.43675678806932,22.541540145874023,1725800,0.0,0
2007-12-10,22.561182840544156,23.058903035344937,22.495691697654806,22.980316162109375,2565200,0.0,0
2007-12-11,22.967224296178088,23.013066859784644,22.51534652709961,22.51534652709961,2249100,0.0,0
2007-12-12,23.189888216651266,23.24882900984495,22.534991624824645,22.744558334350586,3572200,0.0,0
2007-12-13,22.679074336804593,22.679074336804593,22.13550885469132,22.345075607299805,3143000,0.0,0
2007-12-14,22.070017856690804,22.305781053100464,21.755667760888755,21.78841209411621,2605900,0.0,0
2007-12-17,21.670519099418453,21.775302409580423,21.349618806792396,21.539539337158203,3049200,0.0,0
2007-12-18,21.65087886266028,22.43675265221625,21.65087886266028,22.155149459838867,3615100,0.0,0
2007-12-19,22.37127579766416,22.37127579766416,21.506812174782084,21.591949462890625,3276500,0.0,0
2007-12-20,21.729468797078475,21.794957456005065,21.54609855349827,21.690174102783203,3924900,0.0,0
2007-12-21,21.899742804630318,22.07656519772199,21.565746616501006,22.05691909790039,5097200,0.0,0
2007-12-24,22.030718456763346,22.273029468818976,21.919387247900367,22.12895393371582,894900,0.0,0
2007-12-26,21.86699853230341,22.1944468541366,21.775313401907304,22.063467025756836,1409800,0.0,0
2007-12-27,21.886640323649182,21.965229704145663,21.762210885211005,21.814603805541992,1442900,0.0,0
2007-12-28,21.860453926173985,21.958686938438625,21.618140333142364,21.75567054748535,1961100,0.0,0
2007-12-31,21.64433684933602,21.66398545041783,21.32343884438266,21.395475387573242,2660300,0.0,0
2008-01-02,21.54610051843534,21.565746618258537,21.05492803699592,21.126964569091797,3059700,0.0,0
2008-01-03,21.15316103434435,21.382376357955533,20.80606661356154,21.126964569091797,3201900,0.0,0
2008-01-04,21.159706578569413,21.336528931386813,20.23630137467275,20.334535598754883,6205700,0.0,0
2008-01-07,20.419672030765827,21.10076495568281,20.419672030765827,20.675081253051758,5026800,0.0,0
2008-01-08,20.760228697413105,20.982893705457272,20.557209793591575,20.779874801635742,4873900,0.0,0
2008-01-09,20.60959180863743,20.792963273010272,20.210105804602033,20.406574249267578,4505400,0.0,0
2008-01-10,20.295245648513536,20.865006244740144,20.22975573815979,20.720928192138672,3605400,0.0,0
2008-01-11,20.504816692575645,20.609600071623415,20.40003331352787,20.452425003051758,4531300,0.0,0
2008-01-14,20.576855737025667,21.336537108905024,20.44587588863906,21.13351821899414,3902000,0.0,0
2008-01-15,20.910844442984395,21.1138632476209,20.67508131456311,20.832256317138672,4136000,0.0,0
2008-01-16,20.701278686523438,20.891198021265776,20.4851628923044,20.701278686523438,4115600,0.0,0
2008-01-17,20.694740894954393,20.95015026902192,20.039844039095815,20.052942276000977,3433900,0.0,0
2008-01-18,20.151163566797397,20.21010434576569,19.56830489134604,19.6337947845459,5180000,0.0,0
2008-01-22,18.677652333306188,19.365293300531874,18.055500030299175,19.09023666381836,5603200,0.0,0
2008-01-23,18.56632715387533,20.00709956803545,18.363309466934666,19.98745346069336,6353300,0.0,0
2008-01-24,19.935048254430935,20.24284913573474,19.509365812465635,20.124967575073242,6013200,0.0,0
2008-01-25,20.347633662425586,20.439318770938932,20.03328364828047,20.269046783447266,3707300,0.0,0
2008-01-28,20.072584559331705,20.59650269370607,20.072584559331705,20.524463653564453,2787300,0.0,0
2008-01-29,20.609597689705293,20.68818583946664,20.47206998901827,20.622695922851562,2324900,0.0,0
2008-01-30,20.531004480065107,21.08111636288498,20.49171104181709,20.675081253051758,3001300,0.0,0
2008-01-31,20.39347792977738,21.35617664649991,20.295243698244636,21.225196838378906,4585300,0.0,0
2008-02-01,21.257947604339382,21.762218394485135,21.20555716416249,21.703277587890625,3069900,0.0,0
2008-02-04,21.70982102741277,21.906289487296863,21.460959645835842,21.86044692993164,2736400,0.0,0
2008-02-05,21.51990641471256,21.663984491179857,21.100772917606996,21.10732078552246,4316700,0.0,0
2008-02-06,21.21210583924818,21.493711648330496,21.087676353141095,21.297243118286133,4584500,0.0,0
2008-02-07,21.22519959321682,21.343081186002482,20.89775127953052,21.14006233215332,4212400,0.0,0
2008-02-08,20.989434432842426,21.526449416904004,20.943591873098057,21.3889217376709,4212100,0.0,0
2008-02-11,21.428226532248566,21.428226532248566,20.89775916456002,21.06148338317871,3008000,0.0,0
2008-02-12,21.12041240353439,21.808053237956567,21.12041240353439,21.69672203063965,3132800,0.0,0
2008-02-13,22.259940219277983,22.358173226605167,21.860452827409123,22.29268455505371,4336900,0.0,0
2008-02-14,22.48260413776223,22.613581474676383,22.15515579901171,22.20754623413086,3757200,0.0,0
2008-02-15,22.102765385291843,22.16825406121438,21.729474436421096,21.945589065551758,2943800,0.0,0
2008-02-19,22.155149459838867,22.35816577290702,21.945580284627844,22.155149459838867,2572300,0.0,0
2008-02-20,22.00452404893958,22.273031546325033,21.840799904235467,22.19444465637207,2234200,0.0,0
2008-02-21,22.318878417300827,22.318878417300827,21.827705943309866,21.87354850769043,2616000,0.0,0
2008-02-22,21.93903155783652,22.21408687373875,21.670524107356446,22.18789291381836,2289300,0.0,0
2008-02-25,22.240291377909767,22.462956356294463,22.011078531734043,22.430212020874023,4048000,0.0,0
2008-02-26,22.364716011821756,22.685613891176178,22.31232309375386,22.55463409423828,3170500,0.0,0
2008-02-27,22.561191690103044,22.652876827879695,22.22064510819503,22.31233024597168,4009400,0.0,0
2008-02-28,22.168245191197194,22.27302852968678,22.05036362311743,22.155149459838867,3339200,0.0,0
2008-02-29,22.089668837116783,22.089668837116783,21.447870270786556,21.500263214111328,3119000,0.0,0
2008-03-03,21.513353557397974,21.74256887962028,21.37582586300404,21.68362808227539,2913700,0.0,0
2008-03-04,21.526449862570956,21.788409493589736,21.460961203932357,21.63123321533203,3279400,0.0,0
2008-03-05,21.578845539987633,22.168251037597656,21.578845539987633,22.168251037597656,4160700,0.0,0
2008-03-06,22.174852876570863,22.247471136165927,21.48828344553318,21.54109764099121,4212600,0.27,0
2008-03-07,21.415667679811484,21.712741268058753,21.29023772847141,21.475082397460938,4597100,0.0,0
2008-03-10,21.455282483117216,21.719348505622133,21.455282483117216,21.50809669494629,4282500,0.0,0
2008-03-11,21.95039414927809,22.353093512541758,21.673127221448777,22.095630645751953,3674700,0.0,0
2008-03-12,22.18145311222258,22.44551904954499,22.122038402241007,22.24747085571289,3769900,0.0,0
2008-03-13,22.18145251331058,22.201259094982596,21.824966781365887,22.07582664489746,4541700,0.0,0
2008-03-14,22.260672321782685,22.326687540777435,21.08558303994613,21.44207000732422,6238400,0.0,0
2008-03-17,21.217610245497138,22.04281289983862,21.052569714628845,21.824960708618164,5029600,0.0,0
2008-03-18,22.194656130953817,22.531340318916477,21.99000742681902,22.511533737182617,5730800,0.0,0
2008-03-19,22.577545126446612,22.749186170489434,21.81835767712499,21.824960708618164,3941000,0.0,0
2008-03-20,21.890979065204053,22.042816073264078,21.626913170470697,21.996604919433594,4458600,0.0,0
2008-03-24,22.115435869297347,22.392702811701298,21.996606460175887,22.287076950073242,3013300,0.0,0
2008-03-25,22.339893821435687,22.66337447805254,22.24086846250903,22.61716079711914,3322200,0.0,0
2008-03-26,22.544549342752482,22.775605199769988,22.41911686181158,22.742597579956055,3863400,0.0,0
2008-03-27,22.7557892811168,22.868015633704566,22.221057052649257,22.300275802612305,2657900,0.0,0
2008-03-28,22.478518056050806,22.557736799590238,22.293673481685985,22.346485137939453,2103300,0.0,0
2008-03-31,22.306885401794297,22.39270469022202,21.950397144524164,22.155048370361328,4043800,0.0,0
2008-04-01,22.306884675073157,22.696380531997082,22.247469967463765,22.650169372558594,3558000,0.0,0
2008-04-02,22.73598915344395,23.03966573135093,22.643566832553752,22.92743682861328,3123000,0.0,0
2008-04-03,22.927437790681097,23.02646314911548,22.7227865584658,22.960445404052734,2127200,0.0,0
2008-04-04,23.026459680543116,23.085874382989964,22.66997146586203,22.993452072143555,2035100,0.0,0
2008-04-07,23.09246909486952,23.09246909486952,22.835006288399207,23.01325035095215,1805400,0.0,0
2008-04-08,22.894426521167833,23.072670626893217,22.775597117350912,22.986848831176758,1923900,0.0,0
2008-04-09,23.039668067367778,23.07927619843985,22.52473969855424,22.6369686126709,2127700,0.0,0
2008-04-10,22.59735180375587,22.64356295629026,22.366296041083913,22.557741165161133,1969300,0.0,0
2008-04-11,22.19466047356452,22.49833710914731,22.148449304342765,22.31348991394043,2839400,0.0,0
2008-04-14,22.260676543881345,22.557747604021248,22.00321361532295,22.386106491088867,1304600,0.0,0
2008-04-15,22.4521181896043,22.676573467085262,22.37289942058727,22.43891716003418,2162200,0.0,0
2008-04-16,22.669973388050163,23.125484466552734,22.643566291763815,23.125484466552734,3810600,0.0,0
2008-04-17,23.099083754293105,23.138691887031865,22.88782946696755,23.039669036865234,1874500,0.0,0
2008-04-18,23.297130114441686,23.706430069449024,23.2179088186445,23.607404708862305,2952400,0.0,0
2008-04-21,23.528182517304923,23.60080076875524,23.26411912459007,23.382946014404297,2180200,0.0,0
2008-04-22,23.33014729153964,23.389562028581818,23.033073606328752,23.171707153320312,1511600,0.0,0
2008-04-23,23.303732125068585,23.422561558068775,23.092480359361517,23.310335159301758,1580500,0.0,0
2008-04-24,23.389550872733594,23.54138790201683,23.11888442604272,23.33673667907715,2580800,0.0,0
2008-04-25,23.41595438123182,23.501773655293302,23.191499129226838,23.409351348876953,2260400,0.0,0
2008-04-28,23.495177774280748,23.614007196910638,23.270722478015337,23.34994125366211,1896400,0.0,0
2008-04-29,23.62060538383951,23.87146775336483,23.488574943549658,23.57439422607422,2162600,0.0,0
2008-04-30,23.666813320358973,24.19494508291224,23.64700926067483,23.83185386657715,3355100,0.0,0
2008-05-01,23.84506416349185,24.35338949195926,23.84506416349185,24.148740768432617,3143800,0.0,0
2008-05-02,24.221350655036474,24.399594754499415,23.970490827631433,24.188343048095703,1695500,0.0,0
2008-05-05,24.22796191227666,24.22796191227666,23.878074108632116,23.924287796020508,2027200,0.0,0
2008-05-06,23.930879921750016,24.062912866361394,23.64040945826015,24.04970932006836,2296200,0.0,0
2008-05-07,24.109121708412626,24.373185054006438,23.950681686401367,23.950681686401367,3188000,0.0,0
2008-05-08,24.06292255463343,24.373197203326896,23.96389717672532,24.20815658569336,2141400,0.0,0
2008-05-09,24.188342778666776,24.188342778666776,23.765839370565534,24.04970932006836,1911500,0.0,0
2008-05-12,24.161944142910137,24.359994888305664,23.937488814005732,24.359994888305664,1139900,0.0,0
2008-05-13,24.359993788316707,24.53163490581313,24.11573188491063,24.300579071044922,1487500,0.0,0
2008-05-14,24.452407419377174,24.808895596130323,24.30057042223835,24.696666717529297,2017900,0.0,0
2008-05-15,24.630651599504827,24.749480992198524,24.51842272048574,24.742877960205078,2144600,0.0,0
2008-05-16,24.756086266376546,24.85511161876978,24.432605631102057,24.709875106811523,1567500,0.0,0
2008-05-19,24.624056886777918,24.630659921002213,24.161942705545368,24.267568588256836,2696500,0.0,0
2008-05-20,24.20155159686455,24.366592184000375,24.10912927099961,24.293973922729492,1953800,0.0,0
2008-05-21,24.267565843776858,24.465616554992533,24.04311055360924,24.194950103759766,2967600,0.0,0
2008-05-22,24.267564354206606,24.56463788447601,24.148737460418094,24.42600440979004,1712000,0.0,0
2008-05-23,24.359997817078845,24.62406131215452,24.115735873275664,24.43921661376953,3301900,0.0,0
2008-05-27,24.399599966216726,24.789095855279104,24.260966476462198,24.690073013305664,6260900,0.0,0
2008-05-28,24.663661077352764,24.808897572411126,24.5184245822944,24.676864624023438,1968800,0.0,0
2008-05-29,24.756658726433944,25.135688758462976,24.45742382308434,24.942848205566406,4639200,0.27,0
2008-05-30,24.942850668256863,25.268684825550768,24.88965475609884,25.222137451171875,4608900,0.0,0
2008-06-02,25.129041490712414,25.268683607115666,24.94950053963329,25.10909080505371,4412600,0.0,0
2008-06-03,25.215487475307498,25.368431753949032,25.0425975824596,25.202190399169922,5357800,0.0,0
2008-06-04,25.168935575002006,25.60116403439507,25.122388206961684,25.28862953186035,4476000,0.0,0
2008-06-05,25.281991656561022,25.62777406256582,25.155649109549458,25.594526290893555,4697700,0.0,0
2008-06-06,25.441578132166672,25.441578132166672,25.0492483977556,25.075847625732422,4799900,0.0,0
2008-06-09,25.142350016502785,25.567927590701338,25.142350016502785,25.408334732055664,5955900,0.0,0
2008-06-10,25.31524346868917,25.700924784243032,25.195549442251266,25.474836349487305,5204500,0.0,0
2008-06-11,25.275330513209813,25.43492330497105,24.543869681187456,24.57046890258789,6657400,0.0,0
2008-06-12,24.57047768554474,25.414984242075363,24.57047768554474,25.175596237182617,4897400,0.0,0
2008-06-13,25.315239476950474,26.000153213958253,25.08250253815435,25.973556518554688,5825700,0.0,0
2008-06-16,25.66100620081633,25.79399974312429,25.348471756888756,25.58121109008789,4595500,0.0,0
2008-06-17,25.734170067508252,25.96690702044976,25.567928662080735,25.634424209594727,4626500,0.0,0
2008-06-18,25.434937033991154,26.053355313827456,25.434937033991154,25.900413513183594,5784100,0.0,0
2008-06-19,25.900403574988985,26.09989269334223,25.647716005532605,26.000146865844727,4401000,0.0,0
2008-06-20,26.03340388404641,26.04005242382908,25.38838644950327,25.468181610107422,3855000,0.0,0
2008-06-23,25.680975592145593,25.8472170234144,25.18890237610996,25.65437889099121,6503000,0.0,0
2008-06-24,25.574572376772032,25.79401220812093,25.195542246843992,25.2952880859375,6532200,0.0,0
2008-06-25,25.55462230936771,25.9270038725615,25.541322696042016,25.734163284301758,6599400,0.0,0
2008-06-26,25.375079361696837,25.534672172556046,24.803208716360384,24.856407165527344,2960700,0.0,0
2008-06-27,24.82981264557056,25.05590102408487,24.623672420952698,24.763317108154297,4267000,0.0,0
2008-06-30,24.796563341901827,25.26868822360135,24.650270124671326,25.075847625732422,7101700,0.0,0
2008-07-01,24.630321830789992,24.730065130168178,24.304487631547165,24.64362144470215,4840600,0.0,0
2008-07-02,24.769951733320852,24.82979869803477,24.12493472880867,24.17148208618164,3651700,0.0,0
2008-07-03,24.291185819151924,24.537224849295953,24.14489515264228,24.244638442993164,2697300,0.0,0
2008-07-07,24.390928173038997,24.390928173038997,23.60626889146191,23.952051162719727,3769600,0.0,0
2008-07-08,23.925452888725875,24.33108215639521,23.75921155191985,24.297834396362305,3228600,0.0,0
2008-07-09,24.29783707338838,24.656919009245374,24.091696879846374,24.264589309692383,3325900,0.0,0
2008-07-10,24.31777604016266,24.636959017053293,24.158185820037748,24.583763122558594,3439900,0.0,0
2008-07-11,24.337732165352453,24.577120110690615,24.10499529440793,24.344383239746094,3661000,0.0,0
2008-07-14,23.772515325979636,24.15154543733663,22.64207353042285,22.934659957885742,10344400,0.0,0
2008-07-15,23.20064487140352,23.2272440990308,22.169948898945076,23.061002731323242,9784000,0.0,0
2008-07-16,23.054346936262917,23.506523566786345,22.821610083776495,23.459976196289062,5112900,0.0,0
2008-07-17,23.37353396002655,23.686065961549065,23.080947571399175,23.646169662475586,4970400,0.0,0
2008-07-18,23.466628199251232,23.672765837717385,23.2072921143154,23.612918853759766,5009400,0.0,0
2008-07-21,23.5863198621878,24.03184539294534,23.506522200281523,23.852304458618164,3704300,0.0,0
2008-07-22,23.59962531315531,24.417532525308022,23.59962531315531,24.311138153076172,4008800,0.0,0
2008-07-23,24.39092783558105,24.570468774133285,24.164839528142085,24.437475204467773,4609900,0.0,0
2008-07-24,24.35103564445224,24.550524785032447,23.932109210226415,23.95870590209961,3489000,0.0,0
2008-07-25,23.972003466785896,24.09169744822877,23.71266735254028,23.77251434326172,2951600,0.0,0
2008-07-28,23.70602621591578,23.70602621591578,23.140803896705243,23.320344924926758,6444100,0.0,0
2008-07-29,23.93875371540063,24.20474088245062,23.247189110383957,23.885555267333984,3438600,0.0,0
2008-07-30,23.98530038190014,24.04514736588964,23.612918866338635,23.80575942993164,3122800,0.0,0
2008-07-31,23.852310822340453,23.978655885746544,23.586326154946207,23.63287353515625,3414100,0.0,0
2008-08-01,23.95205206086892,23.95205206086892,23.51982357142868,23.71931266784668,3437300,0.0,0
2008-08-04,23.666124500126237,24.16484867261838,23.639525268799165,23.932111740112305,4059600,0.0,0
2008-08-05,24.091693397961443,24.3842772274986,23.77251034665507,24.085044860839844,3500000,0.0,0
2008-08-06,24.018548193587,24.018548193587,23.22058925091495,23.499876022338867,4989800,0.0,0
2008-08-07,23.353582155788718,23.553071251530312,23.160744134002016,23.28043556213379,3841100,0.0,0
2008-08-08,23.293736379350136,23.965352831641813,23.280436767393294,23.945402145385742,3252000,0.0,0
2008-08-11,23.7924639379793,24.424181647996896,23.719317329699937,24.011903762817383,3045200,0.0,0
2008-08-12,24.12494713943823,24.12494713943823,23.353587273336384,23.526479721069336,3161300,0.0,0
2008-08-13,23.45333749502971,23.699374061790905,23.273796474968567,23.420089721679688,2421900,0.0,0
2008-08-14,23.307033900116213,23.725962760923306,22.748462931253886,23.014450073242188,4289100,0.0,0
2008-08-15,22.901410261612835,23.227244463555696,22.7750677333634,23.127498626708984,3824800,0.0,0
2008-08-18,23.273786213587933,23.466626765294453,23.147443715905073,23.260486602783203,2246700,0.0,0
2008-08-19,23.160749733993228,23.346939263484913,22.814967367335754,22.901411056518555,2566400,0.0,0
2008-08-20,22.987857045076304,23.107551037554718,22.741820521267154,23.02110481262207,2335500,0.0,0
2008-08-21,23.041054578923767,23.12084972516364,22.34283880523847,23.061002731323242,2217500,0.0,0
2008-08-22,23.207294932414687,23.519826965129926,23.207294932414687,23.406784057617188,1592600,0.0,0
2008-08-25,23.320336002112697,23.420081825174165,23.06764844389419,23.10089874267578,2230800,0.0,0
2008-08-26,22.947964284879728,23.260498963266404,22.70192769585337,23.167404174804688,2213500,0.0,0
2008-08-27,23.08095510016782,23.34694235174743,23.027759171837353,23.207300186157227,1683700,0.0,0
2008-08-28,23.267606554225246,23.71660578345843,23.267606554225246,23.636188507080078,1764300,0.27,0
2008-08-29,23.56247864853504,23.77022611073316,23.482061348118304,23.575881958007812,1954800,0.0,0
2008-09-02,23.730017451067265,24.33315362748988,23.562479908329873,23.703210830688477,2466000,0.0,0
2008-09-03,23.649595962508155,23.656296338207476,23.327924244129612,23.461952209472656,4714600,0.0,0
2008-09-04,23.348021200159604,23.51555866498382,22.972736358642578,22.972736358642578,3570800,0.0,0
2008-09-05,22.83870536269823,23.435138248292734,22.791792526946587,23.38152503967285,3576800,0.0,0
2008-09-08,23.810425543717354,24.06508322595074,23.408336619280664,23.68979835510254,3280200,0.0,0
2008-09-09,23.74340775672785,23.85063162309528,23.053154276763728,23.06655502319336,2378800,0.0,0
2008-09-10,23.30782127380371,23.495465053161794,22.899029275471364,23.30782127380371,2692400,0.0,0
2008-09-11,23.187184855007366,23.468649134304204,22.91912643651681,23.448545455932617,2636300,0.0,0
2008-09-12,23.3547255029494,23.756817020023636,23.17378726014815,23.669696807861328,2916000,0.0,0
2008-09-15,23.287715172933304,23.79032773062251,23.10677434539483,23.31452178955078,2797400,0.0,0
2008-09-16,23.02636220457073,23.34803400670196,22.30259873246029,23.16039276123047,5016300,0.0,0
2008-09-17,22.77170148079717,23.120179860832277,22.248985188954464,22.6912841796875,4671900,0.0,0
2008-09-18,22.85881651454683,23.10677129447039,22.329397410142498,22.845413208007812,5312500,0.0,0
2008-09-19,23.589270098923723,24.23261320140989,22.443314718291813,23.394926071166992,4278800,0.0,0
2008-09-22,23.354721430767285,23.555768432459026,22.952632540221444,23.059856414794922,2730200,0.0,0
2008-09-23,23.053161356694122,23.053161356694122,22.02112972819548,22.12165069580078,3868300,0.0,0
2008-09-24,22.242272001306166,22.349495872157544,21.71285557696303,22.0211238861084,2547600,0.0,0
2008-09-25,22.38301314080243,22.570654340505808,22.121652468676075,22.369609832763672,2366900,0.0,0
2008-09-26,22.101544440463908,22.369605435708742,21.739662863809116,22.30929183959961,2461900,0.0,0
2008-09-29,22.14845798771629,22.40311571499998,20.80815792726242,21.109725952148438,4713900,0.0,0
2008-09-30,21.478307174398388,21.505113788170785,20.908680692041656,21.103023529052734,5263200,0.0,0
2008-10-01,21.056116748416695,21.109728706702143,20.43957858902906,20.80146026611328,5193700,0.0,0
2008-10-02,20.640620228626048,21.37778551069335,20.432874079077628,21.16333770751953,5871600,0.0,0
2008-10-03,21.525219533530457,22.403117045579375,21.505115849483875,21.585533142089844,6597000,0.0,0
2008-10-06,21.350976292216362,21.706154922313267,20.178213963415946,21.0360050201416,5736000,0.0,0
2008-10-07,21.29736952704768,21.371085165019135,19.936964434866,19.957069396972656,4531400,0.0,0
2008-10-08,19.628697765294852,20.452982111875702,19.21990578021544,19.407546997070312,6545400,0.0,0
2008-10-09,19.554968470852188,19.91014699416777,18.3151912689209,18.3151912689209,6106500,0.0,0
2008-10-10,17.69195900380628,18.744094255252346,16.425375965850137,17.263063430786133,10187300,0.0,0
2008-10-13,19.012161392010555,20.44628238500449,18.28169758498597,20.365863800048828,7627700,0.0,0
2008-10-14,21.873695990287743,22.094846721406256,20.050888417167002,20.828262329101562,7530100,0.0,0
2008-10-15,20.77465195804315,20.77465195804315,19.776128517315932,20.144710540771484,6556300,0.0,0
2008-10-16,20.131302386347407,21.66594617764185,19.146181275150035,20.030778884887695,7184400,0.0,0
2008-10-17,19.635396394315194,20.841667278308602,19.3338296319742,19.957069396972656,4907500,0.0,0
2008-10-20,20.27203677019735,21.397888934179704,19.963768394835803,21.27726173400879,4408400,0.0,0
2008-10-21,21.10972462311633,21.21024686567971,20.406067646962985,20.506589889526367,3023200,0.0,0
2008-10-22,20.144709251687487,20.47978426182698,19.35393202324473,19.668903350830078,5316300,0.0,0
2008-10-23,19.796233154253095,20.553502150777994,18.643574246489106,19.588485717773438,5609700,0.0,0
2008-10-24,18.415721128377694,19.434349403904378,18.09404944501442,18.851318359375,3630900,0.0,0
2008-10-27,18.683779447088124,18.958542093768855,17.899703979492188,17.899703979492188,3587200,0.0,0
2008-10-28,18.429121919008406,19.33382452340162,17.517717662350414,19.32042121887207,4913000,0.0,0
2008-10-29,19.07246363897699,21.082913138539624,19.07246363897699,19.836435317993164,6246800,0.0,0
2008-10-30,20.767945353107216,21.23705079677387,20.18491565294299,21.06951332092285,4033200,0.0,0
2008-10-31,21.10302448689669,21.531921379254314,20.37926249891729,20.92878532409668,4296700,0.0,0
2008-11-03,20.908676105149134,21.210242774673468,20.479779326348982,20.68752670288086,2722700,0.0,0
2008-11-04,21.190139733606884,21.980915517027,21.05610924654072,21.94070816040039,3998600,0.0,0
2008-11-05,21.68605398541894,21.893798845252526,20.761246287686404,20.915380477905273,3960600,0.0,0
2008-11-06,20.466381448336676,21.230352033142832,19.635394330219853,19.78952980041504,5402100,0.0,0
2008-11-07,19.97046838222325,20.499887466430664,19.75602059861859,20.499887466430664,5938700,0.0,0
2008-11-10,20.640620841720068,21.17003998996443,20.298845444141026,20.560203552246094,3226000,0.0,0
2008-11-11,20.31894857283879,20.68753185386568,19.60858990356095,20.27873992919922,3227700,0.0,0
2008-11-12,19.943662605902833,20.22512563519175,19.494662089613602,19.595184326171875,3667700,0.0,0
2008-11-13,19.67560494266028,21.002501671877468,18.88482771669961,20.995800018310547,6246800,0.0,0
2008-11-14,20.79475441402185,21.927308242176245,20.587006999166956,20.908679962158203,5708500,0.0,0
2008-11-17,20.68753716930979,20.68753716930979,19.836446111299992,20.124610900878906,5918200,0.0,0
2008-11-18,20.124602022370592,21.0360050201416,19.923556284793392,21.0360050201416,5520400,0.0,0
2008-11-19,21.00920275101599,21.1767402509791,19.890052200134026,19.923559188842773,5413500,0.0,0
2008-11-20,19.735915119811676,20.694228405714842,19.219899388641856,19.43434715270996,7576100,0.0,0
2008-11-21,19.802933342907416,19.95706882488708,18.76420128315929,19.89675521850586,7714300,0.0,0
2008-11-24,20.278740133917278,20.66742710158296,19.735918965569113,20.35245704650879,5556000,0.0,0
2008-11-25,20.747842220423827,21.08961885460103,19.23330443036587,20.057588577270508,6732700,0.0,0
2008-11-26,19.604506857464195,19.949394855510448,18.671281496162297,19.185232162475586,7414800,0.27,0
2008-11-28,19.1311274173081,19.807377922722814,19.1311274173081,19.74651527404785,1980900,0.0,0
2008-12-01,19.618024306964603,19.618024306964603,18.5833607280791,18.637460708618164,5430700,0.0,0
2008-12-02,19.205511401758322,19.374574004396766,18.70508625272996,19.191986083984375,4776700,0.0,0
2008-12-03,19.043215158479192,20.246941587517018,18.948540495355,20.077878952026367,7092700,0.0,0
2008-12-04,19.773565823526226,20.449816369979978,19.60450318691279,19.84795379638672,4774600,0.0,0
2008-12-05,19.41514583698857,20.118446780543298,18.91472076092622,20.08463478088379,4725000,0.0,0
2008-12-08,20.28751542373854,20.74736597971856,20.023778135980496,20.40924072265625,3372600,0.0,0
2008-12-09,20.476865542296093,20.896140128712158,20.192840281562916,20.388952255249023,3860500,0.0,0
2008-12-10,20.530966068814507,20.70679135767293,19.79385290353498,20.463340759277344,5445900,0.0,0
2008-12-11,20.307800397839603,20.591825623328457,19.83442459207642,19.92233657836914,3203000,0.0,0
2008-12-12,19.57068963142465,20.273989473527358,19.320476381446237,20.226652145385742,2988300,0.0,0
2008-12-15,20.970529737682824,20.970529737682824,20.084641877182026,20.40247917175293,2690700,0.0,0
2008-12-16,20.578298422024087,21.700873903390434,20.27398524762259,21.450660705566406,4500700,0.0,0
2008-12-17,21.261312793057133,21.565624697087483,20.835274321631275,21.247787475585938,3603300,0.0,0
2008-12-18,21.416852205881227,21.76850146621222,20.848801714010254,21.12606430053711,3088600,0.0,0
2008-12-19,22.13367882244126,22.13367882244126,21.038153721539125,21.105777740478516,4234500,0.0,0
2008-12-22,20.916427953749277,21.328941167207812,20.848802646483794,21.295127868652344,2444200,0.0,0
2008-12-23,21.43037391154527,21.62648584194956,20.59858500235861,20.774410247802734,2466600,0.0,0
2008-12-24,20.95700179003519,21.058439101982938,20.686501861559396,20.89613914489746,611000,0.0,0
2008-12-26,21.011104051792984,21.220741357840357,20.74736675418998,20.936716079711914,799200,0.0,0
2008-12-29,20.96375944788722,20.96375944788722,20.63239695333106,20.848796844482422,1452100,0.0,0
2008-12-30,20.997578912141737,21.93756675720215,20.916429569032715,21.93756675720215,4204400,0.0,0
2008-12-31,21.66706199684611,22.519136309220784,21.66706199684611,22.41093635559082,3970600,0.0,0
2009-01-02,22.38388619107832,22.965461921404042,22.13367427676043,22.84373664855957,3451500,0.0,0
2009-01-05,22.78964210711581,22.97899141946427,22.573242155948744,22.70172882080078,3217800,0.0,0
2009-01-06,22.877552958071,22.985752922136438,22.23511454281781,22.370365142822266,3423200,0.0,0
2009-01-07,22.2553997794551,22.356838367769946,21.924035960024995,22.025474548339844,4711900,0.0,0
2009-01-08,21.890233837302656,22.492096531072185,21.721171166931818,22.437997817993164,3164000,0.0,0
2009-01-09,22.56648223048825,22.762595527358037,22.05929427080586,22.133682250976562,3080900,0.0,0
2009-01-12,22.12691518097781,22.1472018686389,21.754975375919866,22.005189895629883,2892600,0.0,0
2009-01-13,21.97814200281523,21.998428693009007,21.667067381285843,21.856416702270508,3669200,0.0,0
2009-01-14,21.640015409289216,21.73469006395432,20.970527587345785,21.254552841186523,4010700,0.0,0
2009-01-15,20.727077565507585,21.917278600201566,20.62564024848413,21.90375328063965,5364200,0.0,0
2009-01-16,22.167490562869716,22.167490562869716,21.42361604480076,21.90375328063965,6339200,0.0,0
2009-01-20,21.64677538959943,21.957852551705912,21.247788817758202,21.32893943786621,4018800,0.0,0
2009-01-21,21.58591320178116,22.147200992125175,21.247787995794514,22.072813034057617,4354700,0.0,0
2009-01-22,21.795549317224587,22.160725139529486,21.126061599510837,22.025474548339844,4276000,0.0,0
2009-01-23,21.64677858877469,22.06605577975989,21.342466620547448,21.69411849975586,3906700,0.0,0
2009-01-26,21.70763744232923,22.363601174994695,21.640013432229765,22.03223991394043,3791400,0.0,0
2009-01-27,22.187775398997356,22.316262039627873,21.9307995380459,22.140438079833984,3320700,0.0,0
2009-01-28,22.478562385522427,22.586762336488643,21.984897368318087,22.20806121826172,3797300,0.0,0
2009-01-29,22.086337280708303,22.174250552314547,21.396561584385683,21.511524200439453,4323100,0.0,0
2009-01-30,21.680593174188463,21.707641235139775,20.9637666753116,21.092254638671875,4091200,0.0,0
2009-02-02,20.882615356685857,21.071965965420812,20.219890160881757,20.463340759277344,5782100,0.0,0
2009-02-03,20.625637474022955,20.794700076269045,20.152261671795788,20.720312118530273,4219500,0.0,0
2009-02-04,20.848803521378795,21.065203481832942,20.219890330155494,20.28751564025879,4782500,0.0,0
2009-02-05,20.152257654184805,20.30103354000197,19.70593257642338,19.93585777282715,6078400,0.0,0
2009-02-06,19.902054008609074,20.206365983971363,19.820903374605123,20.118453979492188,4393700,0.0,0
2009-02-09,20.071123387734602,20.301048756476938,19.611272650249933,19.949398040771484,4467000,0.0,0
2009-02-10,19.820893188567602,19.949381088941085,19.131118958316854,19.137880325317383,5109200,0.0,0
2009-02-11,19.273138484770108,19.631551699883865,19.15141319322787,19.23932647705078,4651700,0.0,0
2009-02-12,20.023782100991443,20.023782100991443,18.664518143664733,19.787094116210938,7121000,0.0,0
2009-02-13,19.58421880330801,20.08464543466378,19.56393210868939,19.814144134521484,4480000,0.0,0
2009-02-17,19.33399459099652,19.712694366712014,18.82680690768569,19.36104393005371,5140300,0.0,0
2009-02-18,19.361055157253656,19.631556443755255,19.205517820407245,19.300193786621094,4861300,0.0,0
2009-02-19,19.428677532465485,19.557165495083613,19.144652256588618,19.205514907836914,3084600,0.0,0
2009-02-20,18.941776614053385,19.48277649680915,18.935013954288255,19.320476531982422,5185700,0.0,0
2009-02-23,19.503064654124096,19.56392730272034,18.56307686556391,18.623939514160156,5316700,0.0,0
2009-02-24,18.745661395033935,19.30018782932256,18.400773522060472,19.2122745513916,6275300,0.0,0
2009-02-25,19.212276842204023,19.408390108783692,18.745663630208842,18.91472625732422,4387200,0.0,0
2009-02-26,19.070268759216546,19.11760609812596,18.49545545136135,18.522504806518555,3501100,0.0,0
2009-02-27,18.35344276267117,18.468405428112522,17.636617413955214,18.25876808166504,7556400,0.0,0
2009-03-02,17.907111204120405,18.143799114271843,17.440499332792378,17.454023361206055,6955200,0.0,0
2009-03-03,17.24438347353012,17.778621855169078,16.906258307382473,17.08884620666504,6898100,0.0,0
2009-03-04,17.264671254893347,17.39315788790498,16.568132956069444,16.642520904541016,7635900,0.0,0
2009-03-05,16.51935108378186,16.608312696862228,15.889781711716225,16.012958526611328,6551900,0.29,0
2009-03-06,16.13613279437592,16.539878377143676,15.616053716484815,15.917152404785156,5928100,0.0,0
2009-03-09,15.787131107872783,15.910307893952442,15.123346689275259,15.21230697631836,6210800,0.0,0
2009-03-10,15.32863854063574,15.787129128430765,15.253364862645327,15.636580467224121,6985600,0.0,0
2009-03-11,15.77344485411047,16.231935509445524,15.547621176421623,15.999268531799316,5035100,0.0,0
2009-03-12,15.903464918998083,16.813602928345905,15.903464918998083,16.697269439697266,4541200,0.0,0
2009-03-13,16.799917581572334,16.88203588183677,16.30721169566403,16.471446990966797,3517100,0.0,0
2009-03-16,16.676744949468144,16.895725380765455,16.355116298927186,16.430391311645508,4045500,0.0,0
2009-03-17,16.471444977464987,17.142072677612305,16.355111494359765,17.142072677612305,4863000,0.0,0
2009-03-18,17.073640729815327,17.655306786899846,16.72464031242912,17.278934478759766,4725400,0.0,0
2009-03-19,17.751120005636853,17.908512040772635,17.566354761663664,17.696374893188477,4455500,0.0,0
2009-03-20,17.778488817517356,18.086430837254,17.155762782250996,17.183135986328125,5309000,0.0,0
2009-03-23,17.49107266397126,17.7921713131963,17.354210590851448,17.723739624023438,4310100,0.0,0
2009-03-24,17.580037690136393,17.840076593586033,17.456860886576923,17.634782791137695,2769400,0.0,0
2009-03-25,17.730579828125233,18.134325288012242,17.326834368238227,17.614246368408203,4778000,0.0,0
2009-03-26,17.73058346251168,18.223289290128967,17.450014703076373,18.202760696411133,5186100,0.0,0
2009-03-27,18.004308374928847,18.017994973808598,17.662151234290455,17.723739624023438,2947400,0.0,0
2009-03-30,17.422646875874033,17.566353602333304,17.16260793521269,17.32684326171875,3721700,0.0,0
2009-03-31,17.504763181381627,17.79217529606558,17.30631267410467,17.518449783325195,4107800,0.0,0
2009-04-01,17.326839121452664,17.751114592465353,17.142073933823298,17.51160430908203,4848600,0.0,0
2009-04-02,17.881137002093677,18.305412559070778,17.580039567053205,17.908510208129883,5106900,0.0,0
2009-04-03,17.94272100266394,18.1343294821682,17.600563842623032,18.086427688598633,5570400,0.0,0
2009-04-06,17.956404984018167,18.264346905243023,17.641621069189014,18.19591522216797,2739200,0.0,0
2009-04-07,17.887976173276446,18.02483956140318,17.641623901964728,17.771642684936523,2588400,0.0,0
2009-04-08,17.80585372110182,17.86744209633871,17.61424529756198,17.778480529785156,2482700,0.0,0
2009-04-09,18.182229559462783,18.75021033930825,17.75111215280513,17.96324920654297,3523500,0.0,0
2009-04-13,17.89481873838411,18.319094179974012,17.81270175306087,18.202760696411133,2799300,0.0,0
2009-04-14,18.004306675055215,18.3669936797702,17.97009148631216,18.257503509521484,2948000,0.0,0
2009-04-15,18.209603320437427,18.45595557249281,18.202760021043403,18.442270278930664,2950000,0.0,0
2009-04-16,18.46964365383473,18.558605247872077,18.06589809376002,18.36699676513672,3319100,0.0,0
2009-04-17,18.449108948451386,18.87338429784248,18.366991980972895,18.80495262145996,4439300,0.0,0
2009-04-20,18.56544842845302,18.818645321625276,18.442272937283207,18.750213623046875,3859800,0.0,0
2009-04-21,18.695466151400232,18.96234830622033,18.65440765955697,18.866544723510742,3439700,0.0,0
2009-04-22,18.674936796961223,18.8049555667034,18.414896647025135,18.510700225830078,3609200,0.0,0
2009-04-23,18.469638349673648,18.469638349673648,17.963246046328045,18.25065803527832,4121600,0.0,0
2009-04-24,18.360146583820903,18.538068399984596,18.154852883368843,18.40120506286621,3263300,0.0,0
2009-04-27,18.236975889424826,18.72968302226806,18.106955806566088,18.202760696411133,4360400,0.0,0
2009-04-28,18.072745740311838,18.681785224260377,18.052215835544263,18.462804794311523,3979200,0.0,0
2009-04-29,18.476479467788852,19.153950224980722,18.18222421557688,18.435420989990234,6568100,0.0,0
2009-04-30,18.63387358547014,18.763893636601978,18.079579501503765,18.25065803527832,4928100,0.0,0
2009-05-01,18.202765646887602,18.3875308719531,17.799019994437657,17.908510208129883,6568400,0.0,0
2009-05-04,18.072741130931043,18.442271491142225,17.942721044350147,18.360153198242188,4752000,0.0,0
2009-05-05,18.26435412656269,18.43543274927812,18.209609019502807,18.394372940063477,5062300,0.0,0
2009-05-06,18.558603758177284,18.558603758177284,18.291720302713923,18.442270278930664,4745000,0.0,0
2009-05-07,18.791268899749838,18.791268899749838,18.065896151672156,18.236974716186523,5032300,0.0,0
2009-05-08,18.44227101294867,18.784428164912647,18.3054076300727,18.476486206054688,4393500,0.0,0
2009-05-11,18.305403203976375,18.469638440581235,18.21644294027502,18.380678176879883,3015000,0.0,0
2009-05-12,18.48333455480223,18.48333455480223,18.20276571796703,18.394372940063477,3155200,0.0,0
2009-05-13,18.202760696411133,18.44227096318482,18.134329005157802,18.202760696411133,2825400,0.0,0
2009-05-14,18.154857802314915,18.647563600030743,18.154857802314915,18.510700225830078,3828600,0.0,0
2009-05-15,18.462800085447743,18.620192066177996,18.216447817199608,18.360153198242188,3864600,0.0,0
2009-05-18,18.483327457097623,19.07868010460173,18.373837285022713,19.06499481201172,3982400,0.0,0
2009-05-19,19.626132258671625,19.762994321071954,19.181328271725395,19.54401397705078,5018600,0.0,0
2009-05-20,19.708247864582535,19.762992946780933,19.35240548290582,19.366090774536133,4218300,0.0,0
2009-05-21,19.304509122211293,19.77668643650896,19.071843420695206,19.263450622558594,2966700,0.0,0
2009-05-22,19.325032919622938,19.52348466483217,19.195012855700536,19.31818962097168,2500100,0.0,0
2009-05-26,19.34556748296484,19.708253262404256,19.00341029920625,19.4687442779541,3868600,0.0,0
2009-05-27,19.509798600763958,19.646660661852522,19.16079819136556,19.18817138671875,3798900,0.0,0
2009-05-28,19.35412848726394,19.437104967438806,18.85627356281397,19.119029998779297,4491900,0.29,0
2009-05-29,19.24349105958148,19.340295838971784,18.877013750814147,19.077539443969727,4212900,0.0,0
2009-06-01,19.312634750923852,19.98335591965906,19.291890307775592,19.969526290893555,4579400,0.0,0
2009-06-02,19.789748159667838,20.05250453534716,19.74825926966628,19.865808486938477,3544500,0.0,0
2009-06-03,19.706776864745716,19.879643328471555,19.57539798303147,19.83815574645996,3045500,0.0,0
2009-06-04,19.86580932217717,19.976443729100623,19.616882566032483,19.699857711791992,3191700,0.0,0
2009-06-05,19.81049670574791,19.934960772072436,19.49933785880306,19.554655075073242,3476200,0.0,0
2009-06-08,19.526986757433196,19.54773119849512,19.07753441868501,19.333375930786133,3505000,0.0,0
2009-06-09,19.374869070312332,19.402527012273218,19.105196552713334,19.24349021911621,2416500,0.0,0
2009-06-10,19.36103591487865,19.49932955610272,19.222742273654582,19.437097549438477,3048000,0.0,0
2009-06-11,19.49242268673127,19.969533173793035,19.47167823643302,19.74826431274414,2445000,0.0,0
2009-06-12,19.69293869893485,19.824317523727757,19.492414373702825,19.775915145874023,2111500,0.0,0
2009-06-15,19.616884494639038,19.7620916734271,19.298809554313397,19.450931549072266,2788500,0.0,0
2009-06-16,19.492418009719575,19.492418009719575,19.042965578697338,19.17434310913086,3194900,0.0,0
2009-06-17,19.271141217649355,19.603044292077026,19.17433516512543,19.374860763549805,3899200,0.0,0
2009-06-18,19.47167601766887,19.762091694419787,19.2918947588358,19.561567306518555,3026400,0.0,0
2009-06-19,19.73443468546144,19.85198260606694,19.42327454601642,19.513164520263672,3963800,0.0,0
2009-06-22,19.43018311579795,19.706769084793798,19.022218316954348,19.09827995300293,2967400,0.0,0
2009-06-23,19.11901886041676,19.222738411060575,18.759456520576933,18.780200958251953,3105600,0.0,0
2009-06-24,18.8839290796635,19.27806434231386,18.787124297641654,19.10519790649414,3467800,0.0,0
2009-06-25,19.015311726234046,19.672204840686913,18.89776247371721,19.582313537597656,3400800,0.0,0
2009-06-26,19.492422492123815,19.644544502859574,19.27806713111463,19.54082489013672,6480800,0.0,0
2009-06-29,19.568482523066255,19.7690082474535,19.49242217835593,19.720605850219727,3390100,0.0,0
2009-06-30,19.775917304944436,19.775917304944436,19.34720803354107,19.47167205810547,2818600,0.0,0
2009-07-01,19.540815467788192,19.7275114719866,19.340289836864176,19.381778717041016,3293300,0.0,0
2009-07-02,19.222749241326643,19.347213299769624,18.925420046993995,18.946163177490234,2411200,0.0,0
2009-07-06,18.877015942300773,19.18126126567613,18.738723572669326,18.89776039123535,3259700,0.0,0
2009-07-07,18.89084009488357,18.911584537800397,18.572766550021413,18.593509674072266,2446500,0.0,0
2009-07-08,18.628088024079723,18.669575600576223,18.192463854834497,18.379159927368164,4397100,0.0,0
2009-07-09,18.455214517592513,18.600421639169582,18.303091263903276,18.517446517944336,3006500,0.0,0
2009-07-10,18.441391534168222,18.628087602476462,18.351501567315875,18.57968521118164,2334800,0.0,0
2009-07-13,18.66265490261576,18.807863352886354,18.552020520917146,18.787118911743164,2905100,0.0,0
2009-07-14,18.87009998699466,18.904672745182776,18.697233558321713,18.883928298950195,3002800,0.0,0
2009-07-15,19.077541581223134,19.202005636592187,18.89776031445299,19.1605167388916,2379400,0.0,0
2009-07-16,19.139769267107322,19.568477228498075,19.063707624110293,19.52007484436035,2521800,0.0,0
2009-07-17,19.47858646841269,19.499330911698227,19.22965842445023,19.423269271850586,2572300,0.0,0
2009-07-20,19.540822429504193,19.58922482142214,19.388700437924044,19.526992797851562,2321700,0.0,0
2009-07-21,19.686025625804074,19.81740446221382,19.29189043544084,19.423269271850586,2476600,0.0,0
2009-07-22,19.298808306876936,20.142396017793132,19.298808306876936,19.941871643066406,4620100,0.0,0
2009-07-23,19.99027105394545,20.501955456663765,19.810489833714797,20.412065505981445,4737500,0.0,0
2009-07-24,20.266862582101638,20.46047348426943,20.03176410049302,20.322179794311523,2282800,0.0,0
2009-07-27,20.336006435880524,20.529617309570312,20.232286843101278,20.529617309570312,2258700,0.0,0
2009-07-28,20.412069048762795,20.688655082174304,20.30143463539819,20.34292221069336,3712800,0.0,0
2009-07-29,20.225370260500608,20.522700700989784,20.12165067678407,20.38440704345703,3384900,0.0,0
2009-07-30,19.879645108028015,20.336012507607332,19.25732604668045,19.395618438720703,7811500,0.0,0
2009-07-31,19.42326792154289,19.73442795486409,19.347206286983063,19.437097549438477,3981900,0.0,0
2009-08-03,19.54774115507342,19.63763114106189,19.119031720159548,19.63071632385254,3935800,0.0,0
2009-08-04,19.589228320321126,19.748265156133705,19.471679068010417,19.706777572631836,2846700,0.0,0
2009-08-05,20.0110187699914,20.225372778878164,19.651456270727895,19.7620906829834,1652600,0.0,0
2009-08-06,19.872718023249103,19.872718023249103,19.029130600286916,19.367948532104492,4040900,0.0,0
2009-08-07,19.53390016815645,19.817400914645212,19.450923728734143,19.755168914794922,2973400,0.0,0
2009-08-10,19.64453469101907,19.879633065828568,19.395606689722953,19.858888626098633,2050800,0.0,0
2009-08-11,19.886553763123057,20.038675742888575,19.63762568817388,19.94878578186035,2905600,0.0,0
2009-08-12,19.948787950586365,20.944499039765322,19.817409083539694,20.757802963256836,4547600,0.0,0
2009-08-13,20.90992150104601,21.891802795739153,20.778542655729485,21.193422317504883,4217800,0.0,0
2009-08-14,21.158846531723427,21.19341928239267,20.771626184991103,20.903003692626953,2092100,0.0,0
2009-08-17,20.6471644607549,21.39394730022448,20.495041175671993,20.56418800354004,1726600,0.0,0
2009-08-18,20.232290584057846,20.453559441263895,19.962619329196276,20.052509307861328,2723300,0.0,0
2009-08-19,19.886544506620265,20.34291155235981,19.851970446266936,20.31525230407715,2008100,0.0,0
2009-08-20,20.37749534134153,20.70248509052563,20.204628902453393,20.6402530670166,1429900,0.0,0
2009-08-21,20.78546142578125,20.98598713936166,20.67482700410459,20.78546142578125,2395000,0.0,0
2009-08-24,20.799283450212258,21.006722585261993,20.743966259607937,20.9099178314209,1600100,0.0,0
2009-08-25,20.999814879853403,21.14502205064701,20.75780160966451,20.771631240844727,1625300,0.0,0
2009-08-26,20.73705471110227,20.951408693587148,20.62642031247356,20.88226318359375,1277800,0.0,0
2009-08-27,20.93757966149829,20.985982044372378,20.55727277530785,20.778541564941406,1447800,0.0,0
2009-08-28,20.85460139761533,20.9514061549694,20.342917036240237,20.495038986206055,2014300,0.0,0
2009-08-31,20.405150564778346,20.695566177368164,20.349833368040574,20.695566177368164,1684200,0.0,0
2009-09-01,20.702482499227497,20.882263731432165,20.467384066257242,20.647165298461914,2671900,0.0,0
2009-09-02,20.654088518710967,20.654088518710967,20.19080627918916,20.39133071899414,2779700,0.0,0
2009-09-03,20.628752131621972,20.803335336532932,20.230701305575096,20.782384872436523,2149700,0.29,0
2009-09-04,20.719539150850302,21.03378951828074,20.60780598286713,21.005855560302734,1981300,0.0,0
2009-09-08,20.810323389890993,21.27122307490989,20.461156881121248,21.166473388671875,2584300,0.0,0
2009-09-09,20.433227967677414,21.01982791560804,20.433227967677414,20.866193771362305,3499300,0.0,0
2009-09-10,20.908089371308566,21.012839049797236,20.691605192872295,21.005855560302734,2696300,0.0,0
2009-09-11,21.00585986639317,21.36200991183507,21.00585986639317,21.229326248168945,2393300,0.0,0
2009-09-14,20.65669464092042,21.417877885296296,20.65669464092042,21.4108943939209,3430600,0.0,0
2009-09-15,21.410889172236313,21.508655363719072,20.99887260532403,21.01982307434082,3105300,0.0,0
2009-09-16,21.11060435858528,21.138538315398584,20.880154542733035,21.047754287719727,2571000,0.0,0
2009-09-17,20.97093841468858,21.327088369627283,20.803338670946427,20.96395492553711,3018700,0.0,0
2009-09-18,21.012838086874055,21.508653830582837,20.845238342579634,21.473737716674805,4529900,0.0,0
2009-09-21,21.38295720699627,21.38295720699627,20.845240473277844,20.922056198120117,2482700,0.0,0
2009-09-22,20.984910459204567,21.075694513888823,20.761444066081427,20.866193771362305,2750500,0.0,0
2009-09-23,20.943008436528242,20.96395890796251,20.517024841117102,20.838258743286133,3009100,0.0,0
2009-09-24,20.83127593136193,20.894126015747386,20.565909944373633,20.6357421875,2177100,0.0,0
2009-09-25,20.614794316143534,20.698593545838694,20.195794171773514,20.237693786621094,2112300,0.0,0
2009-09-28,20.55193752233163,20.915070951102386,20.405286920266235,20.901103973388672,1714300,0.0,0
2009-09-29,20.901098611958634,21.04076435737661,20.747464560445707,20.949981689453125,2002200,0.0,0
2009-09-30,20.984909432298508,21.00585990511537,20.68462731371171,20.82429313659668,3271100,0.0,0
2009-10-01,20.64272694872034,20.712560528109467,20.237693786621094,20.237693786621094,2340300,0.0,0
2009-10-02,20.146909681072447,20.42624264746537,20.146909681072447,20.356409072875977,2414600,0.0,0
2009-10-05,20.447183836716324,20.447183836716324,20.000249961424284,20.195783615112305,1999100,0.0,0
2009-10-06,20.328468419056943,20.370368014487944,20.08405167044186,20.098018646240234,2843200,0.0,0
2009-10-07,19.993271898882455,20.174838626866492,19.748856430408175,19.825672149658203,3042200,0.0,0
2009-10-08,19.986292909185778,20.118975232539984,19.90947584579626,20.0281925201416,2225900,0.0,0
2009-10-09,20.007235258136046,20.12595189218843,19.972319149517645,20.00025177001953,2080300,0.0,0
2009-10-12,20.070084302582103,20.22371703747071,20.007234244681285,20.063100814819336,1800100,0.0,0
2009-10-13,20.077081954697274,20.286581407525492,20.04216582321425,20.230714797973633,2379300,0.0,0
2009-10-14,20.39132432636074,20.94999019887836,20.286573309794743,20.908090591430664,3945900,0.0,0
2009-10-15,20.79635891247589,22.1371584349049,20.79635891247589,22.088274002075195,6584300,0.0,0
2009-10-16,21.711173471172156,21.91368935223148,21.508656258148314,21.801956176757812,2547300,0.0,0
2009-10-19,21.836869656829627,21.8508366342159,21.57848590304074,21.82290267944336,2112500,0.0,0
2009-10-20,21.801952838996176,21.829886794570314,21.47373685278595,21.620386123657227,1861600,0.0,0
2009-10-21,21.550555840749034,22.046371609193194,21.494689256530474,21.711172103881836,2175400,0.0,0
2009-10-22,21.73212344209966,22.03240551181296,21.508655764318537,21.983522415161133,2072500,0.0,0
2009-10-23,21.97653874342429,22.16508897063283,21.571505661993612,21.59943962097168,1813800,0.0,0
2009-10-26,21.620388182061916,21.93463855236811,21.180438995597683,21.389938354492188,2404600,0.0,0
2009-10-27,21.36898482515624,21.815917409307072,21.313118252137386,21.697200775146484,1580000,0.0,0
2009-10-28,21.68324727197227,21.7810148344771,21.33408064065571,21.382965087890625,2410900,0.0,0
2009-10-29,21.46675095168921,21.627367182299228,21.089651917562904,21.487701416015625,2100900,0.0,0
2009-10-30,21.45279371929293,21.76006067581963,20.789378031204205,20.866193771362305,3117200,0.0,0
2009-11-02,20.866182759668877,21.48769983601028,20.775400084858056,21.431833267211914,2452500,0.0,0
2009-11-03,21.424850042573002,21.5435666692221,21.06870016262571,21.28518295288086,2009400,0.0,0
2009-11-04,21.36899477763331,21.704194371863572,21.208378471893578,21.4108943939209,2098800,0.0,0
2009-11-05,21.41088923585417,22.074306105081273,21.403905746161158,22.03938865661621,2385100,0.0,0
2009-11-06,22.00447029789304,22.109219968685466,21.76703700038256,22.095252990722656,1463400,0.0,0
2009-11-09,22.193025597684798,22.70280709067639,22.137159004976784,22.6888427734375,1923400,0.0,0
2009-11-10,22.625991574202263,22.842473111808463,22.50727357209284,22.77962303161621,1713600,0.0,0
2009-11-11,22.891353796756476,23.093870996449372,22.50028904030549,22.64693832397461,2445300,0.0,0
2009-11-12,22.625991229809454,22.688841309045056,22.283806873098044,22.325706481933594,2034600,0.0,0
2009-11-13,22.290786267356346,22.751687207716245,22.276819289656043,22.472352981567383,2387300,0.0,0
2009-11-16,22.479342562317324,23.031026375995665,22.479342562317324,22.898344039916992,2143300,0.0,0
2009-11-17,22.912300802867293,23.142749248422245,22.835483766372874,23.128782272338867,1770100,0.0,0
2009-11-18,23.128792588256744,23.128792588256744,22.786610845342977,22.898344039916992,1345100,0.0,0
2009-11-19,22.660903295708145,22.7935855886185,22.346652955732434,22.465368270874023,1769200,0.0,0
2009-11-20,22.43744082296884,22.63995537548669,22.360623764045584,22.556156158447266,1525600,0.0,0
2009-11-23,22.982139909458148,23.463988741116736,22.926274652304404,23.240522384643555,2410500,0.0,0
2009-11-24,23.19163568324331,23.450020782222186,22.989118496669168,23.415102005004883,1950400,0.0,0
2009-11-25,23.491918704011294,23.50588568190523,23.23353627279512,23.36621856689453,1483800,0.0,0
2009-11-27,22.961183426621186,23.282415878310395,22.87039941586441,23.086883544921875,841000,0.0,0
2009-11-30,23.185529010987636,23.241891356276327,22.9248598827888,23.136213302612305,1861200,0.29,0
2009-12-01,23.17142777194081,23.530730839210527,23.17142777194081,23.389827728271484,1551600,0.0,0
2009-12-02,23.40391830811572,23.601181050928393,23.136202666081875,23.389827728271484,1854100,0.0,0
2009-12-03,23.382784369840845,23.74913143459552,23.263018455644115,23.28415298461914,1633000,0.0,0
2009-12-04,23.601185664922962,23.847764141644504,23.3405166056025,23.643457412719727,1772700,0.0,0
2009-12-07,23.594148513015565,23.911177306539233,23.523695579728944,23.80550193786621,1335600,0.0,0
2009-12-08,23.65049864266056,23.69981433233815,23.143248477401286,23.36869239807129,1593300,0.0,0
2009-12-09,23.38278670559291,23.60118671433143,23.23483961298163,23.39687728881836,1605100,0.0,0
2009-12-10,23.432097224565133,23.50255012512207,23.27005958453922,23.50255012512207,1982000,0.0,0
2009-12-11,23.474374152806348,23.664592995093972,23.213705081895437,23.39687728881836,1793400,0.0,0
2009-12-14,23.636405222327703,23.77026438180419,23.410961328739432,23.58708953857422,1472300,0.0,0
2009-12-15,23.474373840994915,23.537780120915226,23.178479659702738,23.277111053466797,2086100,0.0,0
2009-12-16,23.34755581710155,23.439143241664127,23.079840177035788,23.213699340820312,2733700,0.0,0
2009-12-17,23.06575391407442,23.291197830842723,22.882579052010502,23.04461669921875,2718100,0.0,0
2009-12-18,23.227791743372336,23.38278275767589,23.07279804156528,23.24188232421875,4291600,0.0,0
2009-12-21,23.368692176829477,23.784354905536443,23.115069784104524,23.24188232421875,2403000,0.0,0
2009-12-22,23.27006079840808,23.396873338522305,23.115069784104524,23.24188232421875,1056300,0.0,0
2009-12-23,23.368696572260305,23.749134264159718,23.248930643794196,23.713909149169922,2105200,0.0,0
2009-12-24,23.791401797825625,23.918214339315647,23.77731121682634,23.78435516357422,539700,0.0,0
2009-12-28,23.819584301724454,23.91821568677241,23.70686233488341,23.911169052124023,1598000,0.0,0
2009-12-29,23.90412553284514,24.059119247839725,23.812538093302543,24.02389144897461,1569300,0.0,0
2009-12-30,23.95344172879064,24.080254282355128,23.826629175226152,23.94639778137207,1167900,0.0,0
2009-12-31,23.981621549405645,23.988665496429427,23.812537258294846,23.819583892822266,1347000,0.0,0
2010-01-04,23.9604878905011,24.136616154783685,23.8618564925035,24.066165924072266,2058800,0.0,0
2010-01-05,24.108440985234754,24.108440985234754,23.798453477531684,23.960491180419922,2961700,0.0,0
2010-01-06,23.861850378713882,24.059115811670544,23.798444112317693,23.95343780517578,1636700,0.0,0
2010-01-07,23.911169696761878,24.037982248814842,23.82662889122782,24.009803771972656,1406700,0.0,0
2010-01-08,23.897079537569077,24.18593244597202,23.720951288545116,24.122526168823242,1451900,0.0,0
2010-01-11,24.20706164736763,24.460686700134506,24.150699330084677,24.425458908081055,1731700,0.0,0
2010-01-12,24.369098762261615,24.587498705853413,24.16478939769217,24.573408126831055,2191900,0.0,0
2010-01-13,24.566365480258455,24.65795291501523,24.418418407769224,24.51704978942871,1952500,0.0,0
2010-01-14,24.45364272996963,24.481823891680317,24.17888312204917,24.263423919677734,2481700,0.0,0
2010-01-15,24.20706826208695,24.228202793091587,23.354608136516756,23.425058364868164,4103700,0.0,0
2010-01-19,23.43209164802682,23.90411656316064,23.3757320284975,23.897069931030273,3002200,0.0,0
2010-01-20,23.706864113346725,23.777314340093596,23.263020159830557,23.756179809570312,3236500,0.0,0
2010-01-21,23.742087287638974,23.946396691023832,23.270062206974085,23.319377899169922,3303900,0.0,0
2010-01-22,23.340512147718883,23.657543476884143,23.129158824109815,23.150293350219727,2825300,0.0,0
2010-01-25,23.326420276360768,23.326420276360768,22.96711722736492,22.995298385620117,1669700,0.0,0
2010-01-26,22.917806645766827,23.185522333779467,22.72758781645551,22.93894386291504,1752700,0.0,0
2010-01-27,22.903713164482774,23.065753496259287,22.64304414434811,22.953031539916992,1873700,0.0,0
2010-01-28,23.058709293506503,23.058709293506503,22.42464788628968,22.621912002563477,2761400,0.0,0
2010-01-29,22.783956533063296,22.910769121489796,22.509196820640717,22.579647064208984,2373700,0.0,0
2010-02-01,22.68531708268899,22.868489263595773,22.424646705049398,22.671226501464844,1834100,0.0,0
2010-02-02,22.671229142493015,22.981213903024457,22.643047976761824,22.903717041015625,1881100,0.0,0
2010-02-03,22.84736051743169,22.94599192345754,22.692366772245784,22.87554168701172,1071200,0.0,0
2010-02-04,22.741681270420198,22.85440325526413,22.354199615488188,22.410560607910156,2477600,0.0,0
2010-02-05,22.361239652536938,22.62895396768942,22.100570627750535,22.417600631713867,2663600,0.0,0
2010-02-08,22.452827950138424,22.509188931490673,22.121706008911133,22.121706008911133,1737700,0.0,0
2010-02-09,22.304878937688077,22.664179344354125,22.23442737694408,22.586685180664062,2018100,0.0,0
2010-02-10,22.58668700602608,22.64304664667392,22.234429173838084,22.488054275512695,1374100,0.0,0
2010-02-11,22.3541911994336,22.53736469178063,22.05125047531165,22.495094299316406,2636200,0.0,0
2010-02-12,22.326018795857312,22.54441746378719,22.04421384631037,22.424650192260742,3396800,0.0,0
2010-02-16,22.88962237438433,23.312328985290446,22.826216113998107,23.1784725189209,2948500,0.0,0
2010-02-17,23.31233434503233,23.389831201933152,23.136206102077267,23.24892807006836,2075100,0.0,0
2010-02-18,23.1784725189209,23.30528503969335,23.016432207653697,23.1784725189209,2765800,0.0,0
2010-02-19,23.11506947434216,23.587091832605765,22.988256935927332,23.51664161682129,2581200,0.0,0
2010-02-22,23.608225444702438,23.608225444702438,23.396872118038345,23.50255012512207,1396000,0.0,0
2010-02-23,23.206654628123037,23.446189128534904,22.924851072493702,22.981210708618164,2547600,0.0,0
2010-02-24,23.0587018344492,23.24187665325485,22.903708170460238,23.19255828857422,3163500,0.0,0
2010-02-25,22.9952981073177,23.270057678222656,22.840304426293105,23.270057678222656,2507200,0.0,0
2010-02-26,23.27710632724762,23.347556540630798,23.10097810628631,23.263015747070312,1879800,0.0,0
2010-03-01,23.501301592198548,23.792933850061445,23.479960793455614,23.73602867126465,2404900,0.315,0
2010-03-02,23.821391573704506,23.920972944673483,23.757374590454614,23.835615158081055,1690100,0.0,0
2010-03-03,23.842725135395547,24.01343524938105,23.714691193212246,23.82849884033203,1579300,0.0,0
2010-03-04,23.828503235711125,23.949422695973166,23.693357477761403,23.807165145874023,1389900,0.0,0
2010-03-05,23.928081482931326,24.08456802368164,23.85695271716581,24.08456802368164,1624900,0.0,0
2010-03-08,24.141469275692728,24.141469275692728,23.87117780870904,23.899627685546875,1645100,0.0,0
2010-03-09,23.88540662650506,23.928082802963274,23.71469378050629,23.913856506347656,1929900,0.0,0
2010-03-10,23.85695644777027,23.892520836214366,23.664905494105447,23.821392059326172,2410900,0.0,0
2010-03-11,23.79293441772461,23.807160712763224,23.5510928288448,23.79293441772461,2142500,0.0,0
2010-03-12,23.792933892653206,23.835610063438924,23.579544898559778,23.77159309387207,1906700,0.0,0
2010-03-15,23.792928145045263,23.99209079630272,23.629329865314123,23.970752716064453,2090800,0.0,0
2010-03-16,24.03477796094876,24.17703820951422,23.956534688568325,24.09879493713379,2194700,0.0,0
2010-03-17,24.1841512753688,24.30507072931907,24.098796207086924,24.162813186645508,1658300,0.0,0
2010-03-18,24.212603364458776,24.31929651923954,24.14858638623486,24.255279541015625,1797900,0.0,0
2010-03-19,24.29796028137207,24.518463826133253,24.169926315173814,24.29796028137207,4385100,0.0,0
2010-03-22,24.21259571058465,24.39753208177736,24.18414312628184,24.37619400024414,1962300,0.0,0
2010-03-23,24.482894896346785,24.69628663299704,24.361975444741045,24.674945831298828,2501800,0.0,0
2010-03-24,24.589590012174895,24.61092809983147,24.177038274945954,24.440217971801758,2415400,0.0,0
2010-03-25,24.596697458509254,24.596697458509254,24.37619400024414,24.37619400024414,2169900,0.0,0
2010-03-26,24.404656142261288,24.63938327121735,24.34063915920257,24.49001121520996,4230200,0.0,0
2010-03-29,24.60381384144599,24.717621486517444,24.425989226435075,24.575361251831055,1697100,0.0,0
2010-03-30,24.632264522371695,24.63937631253021,24.411761040024608,24.497116088867188,1705100,0.0,0
2010-03-31,24.43310602431828,24.589592585881554,24.248169580698015,24.49001121520996,1910200,0.0,0
2010-04-01,24.539789783495536,24.710502558488617,24.46866104339113,24.596694946289062,1405100,0.0,0
2010-04-05,24.696284011216402,24.75318647846398,24.539797477855945,24.667831420898438,1256700,0.0,0
2010-04-06,24.646493365027837,24.92389933749673,24.603814479498638,24.781639099121094,1816300,0.0,0
2010-04-07,24.76030098273765,24.824317954258895,24.632267039695158,24.667831420898438,1764900,0.0,0
2010-04-08,24.66071434512877,24.767410191001254,24.48288974426668,24.618038177490234,1651200,0.0,0
2010-04-09,24.667830793169337,24.753185848562826,24.404651122896247,24.731847763061523,1767100,0.0,0
2010-04-12,24.71050790631632,24.874106214672267,24.689167108956436,24.838539123535156,1444200,0.0,0
2010-04-13,24.674938873049538,24.89544233915887,24.546904952519977,24.8029727935791,1869900,0.0,0
2010-04-14,24.88833506881706,24.966575622558594,24.71762223931651,24.966575622558594,1889900,0.0,0
2010-04-15,24.90255798222571,25.15862586290888,24.83142922131963,24.995027542114258,2360400,0.0,0
2010-04-16,25.00214205568453,25.172852167278947,24.859881820430317,24.916784286499023,3290300,0.0,0
2010-04-19,24.89544486475046,25.044816882725804,24.71762025857367,24.97368812561035,3485600,0.0,0
2010-04-20,25.115955407222874,25.17285788621907,24.89545185681394,24.959468841552734,2152500,0.0,0
2010-04-21,25.016366824101183,25.087498301797385,24.895447382100286,24.987916946411133,2407100,0.0,0
2010-04-22,24.973692538076442,25.144402670670637,24.753189010637914,25.066162109375,2306600,0.0,0
2010-04-23,25.080381425733734,25.28665862146451,25.009252668151895,25.272432327270508,2903300,0.0,0
2010-04-26,25.343566316968957,25.599634211133537,25.308001934643528,25.364904403686523,2305200,0.0,0
2010-04-27,25.407581842281665,25.407581842281665,24.71762146826456,24.731847763061523,2974900,0.0,0
2010-04-28,24.86699670757645,25.130179125253807,24.767415344515243,25.101726531982422,3022300,0.0,0
2010-04-29,25.101729109126595,25.300891855696655,24.71762720069384,24.959468841552734,3829800,0.0,0
2010-04-30,24.87410863062116,25.13017651670614,24.667831420898438,24.667831420898438,2970000,0.0,0
2010-05-03,24.817202176076318,25.279547248151065,24.767411502269894,24.952350616455078,2409000,0.0,0
2010-05-04,24.76741462288173,24.788752710519237,24.17703825333945,24.3264102935791,2213000,0.0,0
2010-05-05,24.056110385388884,24.32640452269323,24.04188409254256,24.212596893310547,2158100,0.0,0
2010-05-06,24.16991844635836,24.333516746930492,22.441463178790713,23.536863327026367,4843900,0.0,0
2010-05-07,23.47284947896762,23.615109715457212,22.91092303719732,23.373268127441406,4931500,0.0,0
2010-05-10,24.04900243657582,24.262391436575662,23.89962769452641,24.169921875,3107800,0.0,0
2010-05-11,23.977870347201847,24.397536545593944,23.92807967225603,24.15569496154785,1866600,0.0,0
2010-05-12,24.177030818930827,24.554018056009255,24.120125651544342,24.433095932006836,2949000,0.0,0
2010-05-13,24.43310212202539,24.468669217346573,24.184148735107588,24.22682762145996,2284800,0.0,0
2010-05-14,24.113023762687092,24.262395818324496,23.657790376847778,23.807165145874023,3220700,0.0,0
2010-05-17,23.935195292329702,24.113019914966955,23.664901106172323,23.99921226501465,2919300,0.0,0
2010-05-18,24.198375691817557,24.433102789698857,23.98498668100133,24.006324768066406,3391300,0.0,0
2010-05-19,23.885402742045,23.956531500166847,23.543977105573187,23.686237335205078,3551100,0.0,0
2010-05-20,23.316363596948957,23.465738341787322,22.882471084594727,22.882471084594727,4765400,0.0,0
2010-05-21,22.59795320079325,23.08874817876974,22.391675988868542,23.046072006225586,3706200,0.0,0
2010-05-24,22.989170670046143,23.05318765295795,22.740215887244045,22.775781631469727,2110400,0.0,0
2010-05-25,22.348999060589165,22.804231025917996,22.128496904118556,22.79000473022461,3568000,0.0,0
2010-05-26,22.918045043945312,23.280806188030066,22.868254351882488,22.918045043945312,4034900,0.0,0
2010-05-27,23.395715693699596,23.4747314453125,23.173035188261167,23.4747314453125,2684200,0.315,0
2010-05-28,23.503470613492617,23.58966839050919,23.20177428366773,23.35262107849121,3220300,0.0,0
2010-06-01,23.23768884456481,23.496284905207446,22.928811891128102,22.9647274017334,3343700,0.0,0
2010-06-02,23.015006425212622,23.4747314453125,22.964722802311645,23.4747314453125,2758300,0.0,0
2010-06-03,23.410083486912182,23.611212507129533,23.32388572684437,23.560930252075195,2262300,0.0,0
2010-06-04,23.216139857051925,23.216139857051925,22.591201210120033,22.670215606689453,4284700,0.0,0
2010-06-07,22.713319409436064,22.777967063963377,22.497822204018306,22.53373908996582,3182500,0.0,0
2010-06-08,22.54810203775318,22.914446014296782,22.440354131731873,22.878530502319336,4106100,0.0,0
2010-06-09,22.964723887124432,23.17303628291426,22.885709501867662,22.95754051208496,3764000,0.0,0
2010-06-10,23.208954109495785,23.589663389098547,23.15148711021677,23.582481384277344,3960600,0.0,0
2010-06-11,23.4459985239088,23.53938102722168,23.23768476274057,23.53938102722168,2252000,0.0,0
2010-06-14,23.704594647479233,23.905723664601094,23.532196389819532,23.582481384277344,2909300,0.0,0
2010-06-15,23.85544879166069,24.142778396606445,23.683053220835795,24.142778396606445,2322000,0.0,0
2010-06-16,24.027839977286902,24.228968996997864,23.99910647727751,24.16431999206543,2252800,0.0,0
2010-06-17,24.17150972004839,24.250522751096465,24.02066018399056,24.21460723876953,2291700,0.0,0
2010-06-18,24.193055431185325,24.29361994910121,24.006290406332173,24.08530616760254,4063600,0.0,0
2010-06-21,24.257707675814753,24.509119004127566,23.97037809473328,24.09967613220215,2554000,0.0,0
2010-06-22,24.070946564143778,24.264893652077454,23.70460389149911,23.73333740234375,2216200,0.0,0
2010-06-23,23.80516015484756,23.855442411237746,23.352617107158405,23.467548370361328,3236600,0.0,0
2010-06-24,23.395717967586805,23.525015984578843,23.043742163690997,23.08683967590332,3687600,0.0,0
2010-06-25,23.187414004377004,23.259247788760653,22.921635852604215,23.09403419494629,8698400,0.0,0
2010-06-28,23.266425528511647,23.38854156947037,23.000647425500105,23.2017765045166,2460400,0.0,0
2010-06-29,22.921629953263846,22.97909559589149,22.4619048122427,22.598384857177734,3417600,0.0,0
2010-06-30,22.6127468773306,22.8354273947318,22.425983235359617,22.476266860961914,3160100,0.0,0
2010-07-01,22.447536989155232,22.864163220870395,22.425986860413627,22.734865188598633,5582500,0.0,0
2010-07-02,22.734870709524685,23.029383726823625,22.720503953541463,22.849802017211914,4334600,0.0,0
2010-07-06,22.993458833594065,23.094026096464823,22.627116252329785,22.792329788208008,3232100,0.0,0
2010-07-07,22.785149449154034,23.345440514739845,22.663034782427218,23.331073760986328,2487100,0.0,0
2010-07-08,23.56092976006978,23.661494268078442,23.36698274883422,23.618396759033203,2126300,0.0,0
2010-07-09,23.67586595130311,25.766180521065905,23.28078984172582,23.546567916870117,2363000,0.0,0
2010-07-12,23.53220153719842,23.647132820718905,23.417270253677934,23.517837524414062,2082700,0.0,0
2010-07-13,23.72614880092485,23.884180344724335,23.604035509936494,23.812349319458008,2277300,0.0,0
2010-07-14,23.733329172411157,23.769244678423437,23.474733144838794,23.747695922851562,1868700,0.0,0
2010-07-15,23.783620084257254,23.87700262601516,23.496290451238377,23.83390235900879,2259000,0.0,0
2010-07-16,23.654314287463187,23.790794311414306,23.223322719065663,23.302335739135742,2599300,0.0,0
2010-07-19,23.345443263811156,23.45319255956165,23.173044938646047,23.323894500732422,1952900,0.0,0
2010-07-20,23.129937680237592,23.481913449924008,22.971906177011785,23.4747314453125,2515200,0.0,0
2010-07-21,23.56093568931834,23.668684969401838,23.338257862740207,23.424455642700195,3985000,0.0,0
2010-07-22,23.517842807544945,23.98475005290675,23.517842807544945,23.956016540527344,2611600,0.0,0
2010-07-23,23.956012037662255,24.157143846334012,23.833898743270513,24.12841033935547,2123200,0.0,0
2010-07-26,24.207425439472683,24.523485786902746,24.135591674026326,24.509119033813477,2038900,0.0,0
2010-07-27,24.674327062328963,24.674327062328963,24.39418229022529,24.516298294067383,2425800,0.0,0
2010-07-28,24.588134805715484,24.588134805715484,24.329538730464538,24.509119033813477,2839300,0.0,0
2010-07-29,24.59532272284315,24.746169539458666,24.17869505008222,24.60250473022461,2299800,0.0,0
2010-07-30,24.329537842036327,24.53785164395693,23.891361479437084,24.387004852294922,4020400,0.0,0
2010-08-02,24.688702185277137,24.774902713756948,24.480391091896635,24.75335121154785,2167800,0.0,0
2010-08-03,24.602505140801043,24.782085470295943,24.580956378118735,24.70306968688965,1824000,0.0,0
2010-08-04,24.731798001440335,24.853911284556926,24.659966980804434,24.846729278564453,1866100,0.0,0
2010-08-05,24.71025368748623,24.75335121154785,24.516306608674082,24.75335121154785,1823800,0.0,0
2010-08-06,24.588130039148577,24.832359313964844,24.48038352213335,24.832359313964844,2126600,0.0,0
2010-08-09,24.897017365338613,24.961666395105738,24.803634824524227,24.889835357666016,1172100,0.0,0
2010-08-10,24.64560234092616,24.80363114790477,24.466022033767445,24.65278434753418,1529500,0.0,0
2010-08-11,24.401367811113058,24.43009857159764,23.89135776498321,23.94164276123047,2118700,0.0,0
2010-08-12,23.647132097476646,23.855445898791903,23.58248582139039,23.776430130004883,2043400,0.0,0
2010-08-13,23.74769497815934,23.876992986801998,23.704594728552667,23.711776733398438,1241400,0.0,0
2010-08-16,23.58248647812078,23.920095581188228,23.402906176850333,23.884180068969727,1557500,0.0,0
2010-08-17,24.04939595151169,24.74616846492556,23.999113681489888,24.394189834594727,2603500,0.0,0
2010-08-18,24.379823080277323,24.53067263052094,24.21460951589451,24.394189834594727,1328300,0.0,0
2010-08-19,24.343898481321837,24.394180732582214,23.948822475628663,24.049386978149414,1821800,0.0,0
2010-08-20,23.99910767069539,24.1858699496889,23.826709402243488,24.135587692260742,1782400,0.0,0
2010-08-23,24.257705285435403,24.358269806850796,23.963193726928452,24.078125,1809200,0.0,0
2010-08-24,23.912908338628508,24.1715043542619,23.625578823440893,23.82670783996582,2232000,0.0,0
2010-08-25,23.733326303224185,23.89853980304953,23.38853255486992,23.790790557861328,4336800,0.0,0
2010-08-26,23.884174496748745,24.006287757838,23.711776242071647,23.769243240356445,1513400,0.0,0
2010-08-27,23.848265955663038,24.17151106494662,23.718967911949605,24.149959564208984,1536700,0.0,0
2010-08-30,24.14277152213332,24.236154028177452,23.97037326021934,24.013473510742188,1758800,0.0,0
2010-08-31,23.934456750159296,24.020654507409198,23.604029730553595,23.769243240356445,3140900,0.0,0
2010-09-01,24.00628887591644,24.559396429370445,23.941642610101127,24.422916412353516,3051800,0.0,0
2010-09-02,24.520802013850794,24.571554487928356,24.368544591618114,24.535303115844727,2012400,0.315,0
2010-09-03,24.564299635092652,24.789059749477964,24.47004387684623,24.73105812072754,1480700,0.0,0
2010-09-07,24.644055497960807,24.694807962771105,24.470045071609857,24.52804946899414,1520600,0.0,0
2010-09-08,24.578809157312072,24.702064389274515,24.513555573978216,24.593307495117188,2396800,0.0,0
2010-09-09,24.781815368253614,24.83256784038584,24.47004860184006,24.50629997253418,1920800,0.0,0
2010-09-10,24.542551182519887,24.77456327240575,24.506299812063148,24.651308059692383,1309400,0.0,0
2010-09-13,24.832566573782064,24.897820144024088,24.687558332599547,24.76731300354004,1525800,0.0,0
2010-09-14,24.760055440988648,24.984815511102727,24.62954834475412,24.84705924987793,1706000,0.0,0
2010-09-15,24.81081761585775,25.0790810784406,24.680310468481814,25.03557777404785,1677400,0.0,0
2010-09-16,24.999328113529565,25.115334167377398,24.91232426459431,25.042831420898438,1427700,0.0,0
2010-09-17,25.15158744643226,25.506857569025097,25.1153360704459,25.37635040283203,3992500,0.0,0
2010-09-20,25.419852727022334,25.65186484329454,25.311095837481105,25.601112365722656,2821400,0.0,0
2010-09-21,25.6011098837624,25.912876653366197,25.557606579002922,25.811368942260742,2132200,0.0,0
2010-09-22,25.746115836639813,26.04338151006779,25.702615296890883,25.825870513916016,2809700,0.0,0
2010-09-23,25.680853589328876,25.72435688019003,25.383588016281244,25.463342666625977,2052000,0.0,0
2010-09-24,25.775114578483464,25.978127211320537,25.702611844771514,25.927371978759766,1827300,0.0,0
2010-09-27,25.985376934308974,26.00712720172749,25.69536046165247,25.717113494873047,1842900,0.0,0
2010-09-28,25.717108901881485,25.86936627822255,25.43434441273334,25.796863555908203,1945400,0.0,0
2010-09-29,25.66636299799372,26.02888223375181,25.66636299799372,25.99262809753418,1798400,0.0,0
2010-09-30,26.10137338701233,26.275383759878206,25.804107856292287,25.912864685058594,2440600,0.0,0
2010-10-01,26.028880301983477,26.130385237934053,25.949125633507432,26.050630569458008,2057600,0.0,0
2010-10-04,26.04337159465914,26.115877076306532,25.70985467648508,25.920116424560547,1532800,0.0,0
2010-10-05,26.108632078729507,26.47115128583423,25.96362660852926,26.391399383544922,2469600,0.0,0
2010-10-06,26.34064791878506,26.572659998902225,26.318894884785088,26.500154495239258,1809400,0.0,0
2010-10-07,26.608910223613577,26.608910223613577,26.14488608333291,26.224637985229492,2594700,0.0,0
2010-10-08,26.210140931510132,26.434901079676372,26.101384058279763,26.355146408081055,2414600,0.0,0
2010-10-11,26.311637011954414,26.456645205501335,26.22463043634551,26.420391082763672,1574400,0.0,0
2010-10-12,26.405890647453276,26.550898844628023,26.115877018905092,26.485645294189453,2094500,0.0,0
2010-10-13,26.579911684165868,27.000435347838945,26.514658107589096,26.819175720214844,2773500,0.0,0
2010-10-14,26.840924106679267,26.906177678676308,26.64516339068815,26.76116943359375,2047400,0.0,0
2010-10-15,26.97143590045116,27.007687276520848,26.456659169174554,26.543663024902344,5315800,0.0,0
2010-10-18,26.572657243223926,26.64515997356594,26.326144087938452,26.442150115966797,2373600,0.0,0
2010-10-19,26.20289545530481,26.42040648956399,26.079640216685654,26.195646286010742,2267600,0.0,0
2010-10-20,26.21014389438231,26.630664802418835,26.195642791925536,26.492908477783203,1751300,0.0,0
2010-10-21,26.572664422522873,26.73942296000518,26.463907531824464,26.623416900634766,1908800,0.0,0
2010-10-22,26.732167364548552,26.75392039919072,26.558159682224673,26.674165725708008,1404800,0.0,0
2010-10-25,26.826425693929927,27.00768532699702,26.69591853685742,26.739421844482422,2092800,0.0,0
2010-10-26,26.50740290884816,26.732163025854256,26.45665044592409,26.463899612426758,3284000,0.0,0
2010-10-27,26.347902792409727,26.369653065317987,25.93463101233621,26.166643142700195,4422100,0.0,0
2010-10-28,26.318901524629897,26.456660633442905,25.963634147360565,26.195646286010742,3259300,0.0,0
2010-10-29,26.166641866251414,26.173891034932954,25.615613774967642,25.898378372192383,3851600,0.0,0
2010-11-01,25.992626945450432,26.224639024787844,25.651860759687317,25.775115966796875,3036200,0.0,0
2010-11-02,25.941872097223232,26.14488472237988,25.833118000769716,26.01437759399414,2102300,0.0,0
2010-11-03,26.101387329496564,26.1448906374013,25.840373013673194,26.065135955810547,3434600,0.0,0
2010-11-04,26.28990001992538,26.29715195521652,25.912882358873965,26.00713539123535,3906600,0.0,0
2010-11-05,25.970883423158703,26.028887840960547,25.506859143955428,25.74612045288086,3570100,0.0,0
2010-11-08,25.60110696294652,25.673609696804867,25.47059982935989,25.506851196289062,3098100,0.0,0
2010-11-09,25.659109372671026,25.72436294143727,25.427097298347064,25.4851016998291,2619600,0.0,0
2010-11-10,25.514100962855892,25.579354531182464,25.41984795978579,25.434349060058594,3154400,0.0,0
2010-11-11,25.340095049643352,25.39084752121905,25.13708239753829,25.325593948364258,2319400,0.0,0
2010-11-12,25.3908502299192,25.622862343531274,25.26034307028709,25.44160270690918,3272800,0.0,0
2010-11-15,25.52135608652633,25.593858831152424,25.347345627300314,25.369098663330078,2347900,0.0,0
2010-11-16,25.187838237717333,25.36184592562633,25.14433493283892,25.25309181213379,3602700,0.0,0
2010-11-17,25.231338776793418,25.35459675771443,25.158836034465057,25.25309181213379,1993100,0.0,0
2010-11-18,25.456095395001146,25.65185606973892,25.39084183675522,25.52134895324707,6862600,0.0,0
2010-11-19,25.52135323913178,25.65186037754012,25.412596368524124,25.53585433959961,8292500,0.0,0
2010-11-22,25.543096357118024,25.680852624299614,25.30383518087617,25.49234390258789,7505600,0.0,0
2010-11-23,25.32559253480757,25.695360916477807,25.238588697791418,25.282089233398438,2445400,0.0,0
2010-11-24,25.441599400341925,25.69536175231111,25.39809609751769,25.593856811523438,1984500,0.0,0
2010-11-26,25.441598271143892,25.499599906532993,25.23858839857892,25.318340301513672,1635500,0.0,0
2010-11-29,25.32200026679364,25.32200026679364,24.970814241881126,25.182987213134766,4546200,0.315,0
2010-11-30,25.05129957500268,25.168361605171803,24.93423754483356,25.05861473083496,4242000,0.0,0
2010-12-01,25.343942784563975,25.358575881162096,25.1902994567504,25.278095245361328,4685800,0.0,0
2010-12-02,25.270784958734545,25.6512371706128,25.241518759902753,25.59270477294922,3550000,0.0,0
2010-12-03,25.519544289357874,25.53417739004817,25.21225475681876,25.46101188659668,3947700,0.0,0
2010-12-06,25.431734771602123,25.446367866012867,25.2415101262172,25.373205184936523,1965400,0.0,0
2010-12-07,25.600027109867764,25.60734226534147,25.25615619204853,25.409799575805664,2915200,0.0,0
2010-12-08,25.453698473317093,25.592708752918334,25.373217809503146,25.5268611907959,2782000,0.0,0
2010-12-09,25.614663278772365,25.863420486450195,25.541500543388075,25.863420486450195,3599600,0.0,0
2010-12-10,25.929266916854186,26.251189636644924,25.863419341531472,26.243871688842773,3668700,0.0,0
2010-12-13,26.3243477191705,26.536523512287395,26.3243477191705,26.477991104125977,2901800,0.0,0
2010-12-14,26.521882943351535,26.70479248089189,26.397505797493558,26.60236358642578,2602400,0.0,0
2010-12-15,26.492620310494964,26.638948518402493,26.39750934768673,26.463354110717773,3420500,0.0,0
2010-12-16,26.602370831795817,26.638952191071503,26.33898057944476,26.529205322265625,2044500,0.0,0
2010-12-17,26.580420741359475,26.602368997215507,26.397511166616223,26.54383659362793,2602700,0.0,0
2010-12-20,26.638958084532316,26.69017255704446,26.419467089340355,26.5584774017334,1906900,0.0,0
2010-12-21,26.668215113319217,26.77064402307864,26.5657862035598,26.631633758544922,1562000,0.0,0
2010-12-22,26.60237500297661,26.741385306412198,26.573108794575674,26.69748878479004,1451400,0.0,0
2010-12-23,26.631641211377552,26.748703254002056,26.558475690375207,26.69748878479004,1157600,0.0,0
2010-12-27,26.624310846916572,26.799905224450402,26.53651505363863,26.792587280273438,920900,0.0,0
2010-12-28,26.880395585109092,26.946243151624053,26.69016804140855,26.821863174438477,2074800,0.0,0
2010-12-29,26.858438337352904,26.982818285834654,26.851123183196712,26.924285888671875,979400,0.0,0
2010-12-30,26.85112326235812,27.01208177307367,26.80722396435661,26.938919067382812,1132000,0.0,0
2010-12-31,26.89502135855777,27.041349569564066,26.799910393735388,26.975502014160156,1653300,0.0,0
2011-01-03,27.129146567744357,27.129146567744357,26.84380531720204,26.938919067382812,2032700,0.0,0
2011-01-04,27.004762923734386,27.004762923734386,26.624310766048293,26.7779541015625,1967700,0.0,0
2011-01-05,26.690163052583646,26.887705715204604,26.631633443832122,26.763328552246094,2126600,0.0,0
2011-01-06,26.748687633080255,26.77795103341246,26.521878836895553,26.638940811157227,2022000,0.0,0
2011-01-07,26.690163131343535,26.690163131343535,26.338977104862778,26.49262046813965,1764300,0.0,0
2011-01-10,26.3243447886967,26.573101913732973,26.302396533568906,26.4487247467041,2019100,0.0,0
2011-01-11,26.485304267999247,26.63894762521027,26.287761612594363,26.368242263793945,2071300,0.0,0
2011-01-12,26.50724984543094,26.646260089209513,26.37555475512364,26.60236358642578,1474000,0.0,0
2011-01-13,26.69016242619124,26.88770508417606,26.52188596738455,26.836490631103516,2854900,0.0,0
2011-01-14,26.7413719545764,27.092557907104492,26.7413719545764,27.092557907104492,2276300,0.0,0
2011-01-18,27.048674387210042,27.246217103609993,26.931612346859612,27.224266052246094,2159500,0.0,0
2011-01-19,27.11451238140249,27.290103984412497,27.077928239045384,27.209623336791992,3258200,0.0,0
2011-01-20,27.202312469482422,27.341322743018942,27.07061735098313,27.202312469482422,2069000,0.0,0
2011-01-21,27.334001312838247,27.41448195466483,27.151091778133473,27.385215759277344,2233400,0.0,0
2011-01-24,27.436441149593907,27.74372795079938,27.31206395605239,27.5827693939209,5226700,0.0,0
2011-01-25,27.49496888855192,27.72909292327369,27.443751639414053,27.707141876220703,1847600,0.0,0
2011-01-26,27.758350011261562,28.094905676615877,27.721768662477707,27.97052574157715,2693800,0.0,0
2011-01-27,27.926633977959458,28.087595305180034,27.853471260665792,28.051013946533203,1745200,0.0,0
2011-01-28,28.072961029345798,28.22660719480211,27.641294317019042,27.707141876220703,2758000,0.0,0
2011-01-31,27.76567428039047,27.919317654868134,27.6266612159766,27.707141876220703,2592900,0.0,0
2011-02-01,27.802260703830697,27.963222053650416,27.736413132629828,27.875423431396484,2280500,0.0,0
2011-02-02,27.773001312416213,27.977862023639467,27.582776499473017,27.685205459594727,2320500,0.0,0
2011-02-03,27.633983860788476,27.685198327656057,27.42912599331816,27.5827693939209,1922600,0.0,0
2011-02-04,27.648611306974225,27.84615397774843,27.48764999205186,27.597396850585938,2039900,0.0,0
2011-02-07,27.626668936444275,27.860795827573103,27.619353779368105,27.83152961730957,1856500,0.0,0
2011-02-08,27.86810294954547,27.90468430633781,27.743722987277174,27.853469848632812,1737100,0.0,0
2011-02-09,27.80224771392928,27.999790335235065,27.794932560982183,27.933942794799805,1925600,0.0,0
2011-02-10,27.890058591379137,27.992487533914765,27.794947596727116,27.904691696166992,2284000,0.0,0
2011-02-11,27.80957856412221,28.04370545525104,27.64130204157604,27.83152961730957,2065200,0.0,0
2011-02-14,27.86809525436454,27.963208988543887,27.743715326441112,27.933942794799805,2912300,0.0,0
2011-02-15,27.7876148223877,27.890043710271016,27.633971490562722,27.787614822387695,2793900,0.0,0
2011-02-16,27.853470562658757,27.948584325539983,27.75835679977753,27.794940948486328,2260700,0.0,0
2011-02-17,27.933943001211524,28.03637188909484,27.568123949640896,27.787614822387695,3522700,0.0,0
2011-02-18,27.83884477438574,27.926640614196913,27.72178272431104,27.83152961730957,2369800,0.0,0
2011-02-22,27.62666591353361,27.765679001584857,27.45838940940026,27.5827693939209,2781500,0.0,0
2011-02-23,27.575446056594622,27.597397103089406,27.24621105993715,27.260841369628906,3663900,0.0,0
2011-02-24,27.194991725130055,27.290105476698802,26.756009902622292,26.91697120666504,4122200,0.0,0
2011-02-25,27.048669979616317,27.09988443948801,26.821861092342576,26.98282241821289,2468600,0.0,0
2011-02-28,27.085249103915896,27.165729760212862,26.99013534729416,27.11451530456543,3221600,0.0,0
2011-03-01,27.180361336579356,27.268157142626887,26.85112357517818,26.9023380279541,3635000,0.0,0
2011-03-02,26.90234160121262,27.07061808139574,26.785279580607895,26.953556060791016,2408700,0.0,0
2011-03-03,27.158412455915155,27.304740671639905,27.03403528668519,27.260841369628906,2816700,0.0,0
2011-03-04,27.304746728295612,27.802261097529744,27.041356439762346,27.224266052246094,2742700,0.0,0
2011-03-07,27.31205956542792,27.524232555065534,27.173046499724098,27.246212005615234,2856000,0.0,0
2011-03-08,27.275470591261982,27.546178728695956,27.187674790704623,27.436431884765625,2293800,0.0,0
2011-03-09,27.495505070407617,27.576719284057614,27.33307101007737,27.576719284057617,2085400,0.34,0
2011-03-10,27.34783788349746,27.42905491331992,27.163254748997367,27.18540382385254,2425700,0.0,0
2011-03-11,27.11156286518221,27.42166107820194,27.11156286518221,27.22231101989746,1923700,0.0,0
2011-03-14,27.11156078135567,27.340441973416954,27.074641916107353,27.303525924682617,2507300,0.0,0
2011-03-15,26.8310044664838,27.274002861404835,26.801470489085037,27.118953704833984,3218600,0.0,0
2011-03-16,27.030354034524223,27.05250310886127,26.476604643977613,26.6538028717041,3932400,0.0,0
2011-03-17,26.735017482543178,27.111568611319726,26.64641837669008,26.749784469604492,2545900,0.0,0
2011-03-18,27.04512810571089,27.318310421299465,26.78670996587021,26.963911056518555,2764100,0.0,0
2011-03-21,27.229705679852977,27.259236841786482,27.02297064722719,27.141103744506836,2248700,0.0,0
2011-03-22,27.20016573331678,27.35521486137982,27.118948718660544,27.178016662597656,2258300,0.0,0
2011-03-23,27.052498809847204,27.325681010480245,26.97128179483113,27.28876495361328,2280700,0.0,0
2011-03-24,27.340452941491748,27.443819046020508,27.163254709875332,27.443819046020508,2033100,0.0,0
2011-03-25,27.53980590871939,27.680090907795527,27.355222755421654,27.37737464904785,2060300,0.0,0
2011-03-28,27.502884415286125,27.731768494164054,27.399518320475078,27.40690040588379,1961100,0.0,0
2011-03-29,27.36260483283013,27.488120012182165,27.237086836962984,27.443819046020508,2178400,0.0,0
2011-03-30,27.561957223534378,27.650556346632367,27.42167222740428,27.45120620727539,2257400,0.0,0
2011-03-31,27.3921367915561,27.643169974086657,27.3256867486358,27.569337844848633,2422600,0.0,0
2011-04-01,27.628400727685598,27.8425178281037,27.584102580368032,27.798219680786133,1984300,0.0,0
2011-04-04,27.79822672648889,27.90897493936786,27.717009680468237,27.872058868408203,1494300,0.0,0
2011-04-05,27.872053793394834,27.9606529108688,27.76130278416601,27.86467170715332,2207700,0.0,0
2011-04-06,27.93849166531111,28.285508714316123,27.91634259971979,28.23382568359375,3099600,0.0,0
2011-04-07,28.137853918296365,28.21907094940171,27.990186845060748,28.12308692932129,2231600,0.0,0
2011-04-08,28.196925934899927,28.27814298581408,27.835144474575237,27.997575759887695,2427800,0.0,0
2011-04-11,27.99756192926647,28.07139685567618,27.798214669246388,27.87942886352539,2131000,0.0,0
2011-04-12,27.916347641132905,27.960645780315346,27.7539136200921,27.812978744506836,3453700,0.0,0
2011-04-13,27.81298664999231,27.931122565429295,27.635788409867324,27.753921508789062,4780700,0.0,0
2011-04-14,27.709611887775555,27.975411981478384,27.53241370298325,27.923728942871094,2290500,0.0,0
2011-04-15,28.056635708994524,28.064017794914484,27.820369528345246,27.945884704589844,2410700,0.0,0
2011-04-18,27.687471591594218,27.739154646577305,27.45858747915821,27.56195640563965,1846500,0.0,0
2011-04-19,27.547184370864517,27.665317448691923,27.48073433855443,27.598867416381836,1669000,0.0,0
2011-04-20,27.886816692630102,28.21906685507501,27.812981758467483,28.182147979736328,2190900,0.0,0
2011-04-21,28.27812841023646,28.351963335062955,28.182144416219217,28.337196350097656,1783500,0.0,0
2011-04-25,28.292902150928033,28.52178624777109,28.270753076448567,28.42580223083496,3687100,0.0,0
2011-04-26,28.462709443672413,29.023843565804956,28.462709443672413,28.89094352722168,3200000,0.0,0
2011-04-27,28.94263258073649,29.19366572620135,28.876182547627707,29.134597778320312,2464700,0.0,0
2011-04-28,29.112455508806878,29.30442075124707,28.809739246468023,29.2453556060791,2874400,0.0,0
2011-04-29,29.00908261384527,29.23796387059735,28.86141556065745,29.134597778320312,2554400,0.0,0
2011-05-02,29.20104051944876,29.304406585913593,29.068140486418525,29.14197540283203,2434300,0.0,0
2011-05-03,29.0312395174082,29.141990541303564,28.846656355259615,29.053388595581055,2177700,0.0,0
2011-05-04,28.994309205394604,29.13459132577109,28.750658199119805,28.83926010131836,5257200,0.0,0
2011-05-05,28.691600846215714,28.70636783391216,28.351968578742245,28.47748374938965,2674500,0.0,0
2011-05-06,28.72112982962641,29.023845983501523,28.50701277001575,28.58084487915039,2506700,0.0,0
2011-05-09,28.625157363902247,28.758057467084353,28.4627232785651,28.647306442260742,2466100,0.0,0
2011-05-10,28.721138075601765,28.817119281730577,28.68421919392043,28.787588119506836,2064200,0.0,0
2011-05-11,28.817123281304386,28.868806343013144,28.521791902470852,28.684223175048828,3314000,0.0,0
2011-05-12,28.617763490715976,28.883563613773024,28.54393137498443,28.831880569458008,2571700,0.0,0
2011-05-13,28.846648235805333,28.905716182994507,28.514398074153092,28.610382080078125,2303200,0.0,0
2011-05-16,28.551310908890763,28.69159585936678,28.462711814626307,28.58084487915039,2208800,0.0,0
2011-05-17,28.521785360034166,28.595617483677746,28.359351308200313,28.470102310180664,2476600,0.0,0
2011-05-18,28.536543976758672,28.87617615231068,28.462709058259875,28.83926010131836,2220700,0.0,0
2011-05-19,28.935255103284092,29.112456175879185,28.846655975244293,28.957406997680664,1959800,0.0,0
2011-05-20,28.90572300827753,28.93525417233034,28.603006748741844,28.69898796081543,1943600,0.0,0
2011-05-23,28.470100906800294,28.477482992194776,28.233834742969158,28.374116897583008,2208000,0.0,0
2011-05-24,28.425800830444803,28.46271689159694,28.23383562254473,28.329816818237305,2469700,0.0,0
2011-05-25,28.278132719327306,28.366731826105656,28.100934505770613,28.2412166595459,2443900,0.0,0
2011-05-26,28.12308846313194,28.41842262571046,28.10832147335148,28.351972579956055,2237900,0.0,0
2011-05-27,28.43318776873231,28.750671018552104,28.41842359496361,28.69898796081543,2886800,0.0,0
2011-05-31,28.900085664682532,28.967122060836378,28.788360232004813,28.959674835205078,2605200,0.34,0
2011-06-01,28.95968417272422,28.974581470158217,28.505326545778644,28.594707489013672,3296300,0.0,0
2011-06-02,28.564909685430987,28.661740687190402,28.3191114088031,28.48297882080078,2932800,0.0,0
2011-06-03,28.18504445951262,28.453190156322734,28.147802633037713,28.244630813598633,2687700,0.0,0
2011-06-06,28.24462515797109,28.252075226595824,27.969032287597656,27.969032287597656,2260300,0.0,0
2011-06-07,28.103109047684825,28.125453573953205,27.693443298339844,27.693443298339844,3398600,0.0,0
2011-06-08,27.70088179977999,27.797712785385862,27.34335528527542,27.373149871826172,5984200,0.0,0
2011-06-09,27.410400646724316,27.55937078681878,27.343364225750264,27.492334365844727,3362400,0.0,0
2011-06-10,27.380604240581338,27.395501537742984,27.20928958527574,27.216739654541016,2641900,0.0,0
2011-06-13,27.335914117139048,27.335914117139048,27.082665758072462,27.17949676513672,2352800,0.0,0
2011-06-14,27.44018936157227,27.507225768177946,27.358255660013274,27.440189361572266,2382700,0.0,0
2011-06-15,27.276316947416706,27.33590611628261,26.978379627191064,27.090105056762695,2700200,0.0,0
2011-06-16,27.179494720359337,27.246531129226852,27.00073001625643,27.142250061035156,3207800,0.0,0
2011-06-17,27.335903279376886,27.52211515070593,27.11244960205557,27.365697860717773,3545200,0.0,0
2011-06-20,27.37315693237417,27.96903461024731,27.276325921792004,27.797719955444336,7321800,0.0,0
2011-06-21,27.909452438354492,27.96159156538277,27.753032215900348,27.909452438354492,2384600,0.0,0
2011-06-22,27.790270754922783,28.006274444378015,27.76792339014772,27.775373458862305,2209100,0.0,0
2011-06-23,27.529577568825943,27.63385581970215,27.186948218412915,27.63385581970215,3154700,0.0,0
2011-06-24,27.604056660875386,27.73067940544963,27.313563672430963,27.4103946685791,2565200,0.0,0
2011-06-27,27.425291061401367,27.50722475995725,27.261423664289605,27.425291061401367,2088600,0.0,0
2011-06-28,27.484891891479492,27.51468365155615,27.30612712417163,27.484891891479492,3171200,0.0,0
2011-06-29,27.648736766109906,27.77536231111801,27.529561286826276,27.59659767150879,3152500,0.0,0
2011-06-30,27.62640234036526,27.82751156785448,27.522124113082388,27.760475158691406,2762900,0.0,0
2011-07-01,27.678539273957316,28.06586040290748,27.678539273957316,27.96158218383789,2445600,0.0,0
2011-07-05,27.931790635374252,28.140347096213734,27.84985692822483,28.02117156982422,2232900,0.0,0
2011-07-06,28.006276441777842,28.19248839376139,27.887100906163127,28.103107452392578,2588400,0.0,0
2011-07-07,28.274416074952523,28.34890254467571,28.185035152652983,28.304210662841797,3286300,0.0,0
2011-07-08,28.02862194077067,28.140347399695873,27.879651820835022,28.11055564880371,2672900,0.0,0
2011-07-11,27.812613026122072,27.872199364170125,27.566811923081648,27.671092987060547,2466300,0.0,0
2011-07-12,27.462541047624544,27.462541047624544,27.09756717084523,27.28377914428711,4717200,0.0,0
2011-07-13,27.46253795428595,27.49977977650562,27.17949783232135,27.216739654541016,3399800,0.0,0
2011-07-14,27.27632385516033,27.3433602664275,26.814519044969092,26.851760864257812,3402400,0.0,0
2011-07-15,26.933698654174805,27.037976900537387,26.68045026670748,26.933698654174805,3062500,0.0,0
2011-07-18,26.81452403563587,26.866663160617847,26.5389311119641,26.613414764404297,3709700,0.0,0
2011-07-19,26.650651665264714,26.978386494718347,26.628307141936034,26.859210968017578,2923200,0.0,0
2011-07-20,26.985838685036015,27.194395184776067,26.844318608979435,26.91880226135254,3036100,0.0,0
2011-07-21,27.030525873012802,27.44763879983876,26.993284053313158,27.23908233642578,3057700,0.0,0
2011-07-22,27.209284353114022,27.261423462469338,26.747479595380486,26.792171478271484,3251000,0.0,0
2011-07-25,26.59106695068979,26.92624902798561,26.486788713613056,26.777278900146484,3964300,0.0,0
2011-07-26,26.72514133041881,26.829419573538814,26.486790248610514,26.665552139282227,2756100,0.0,0
2011-07-27,26.524033306350873,26.620864325768135,26.322924038962324,26.449546813964844,4781500,0.0,0
2011-07-28,25.69724792006785,26.092016326703362,24.006443150739717,24.341625213623047,13315100,0.0,0
2011-07-29,23.93940626243423,24.25224379536481,23.45525550842285,23.45525550842285,12686100,0.0,0
2011-08-01,23.68615836961176,23.68615836961176,23.23925084695387,23.44780731201172,8932500,0.0,0
2011-08-02,23.410561526546086,23.611670730087237,22.8221312096703,22.83702850341797,7122500,0.0,0
2011-08-03,23.067930426341277,23.276488272711045,22.40501649495338,22.985998153686523,8576000,0.0,0
2011-08-04,22.866824493415802,23.082829583268843,22.39756965637207,22.39756965637207,9952100,0.0,0
2011-08-05,22.814686159309524,22.933863107393837,22.099632994909765,22.62102699279785,9695800,0.0,0
2011-08-08,22.28584843324172,22.516750876248448,20.915328232267356,20.982364654541016,13453000,0.0,0
2011-08-09,21.622928578386723,22.293291203662438,20.66952304022034,21.898521423339844,18354200,0.0,0
2011-08-10,21.913418409614547,22.1815640242268,21.332436718182723,21.37712860107422,10030000,0.0,0
2011-08-11,21.533550682460035,23.209458302358282,21.41437514314425,22.88917350769043,9481800,0.0,0
2011-08-12,23.045585730175684,23.17220988223593,22.658264627322694,22.93385887145996,6052300,0.0,0
2011-08-15,23.19455820910128,23.403116088108384,22.9860017507785,23.067934036254883,5796500,0.0,0
2011-08-16,22.91896348756084,22.94130800875512,22.54653964702466,22.792339324951172,4431200,0.0,0
2011-08-17,22.9115186583753,23.291391209508458,22.85193089078683,23.2392520904541,4862600,0.0,0
2011-08-18,22.583780205796028,22.665713900772523,22.017695829207067,22.136871337890625,6893300,0.0,0
2011-08-19,21.86127960775727,22.248600740826507,21.69741220955187,21.898521423339844,5500800,0.0,0
2011-08-22,22.35288074747406,22.606129091591225,22.084735107659576,22.434814453125,5740900,0.0,0
2011-08-23,22.56888639737036,23.93195915222168,22.442262222253895,23.93195915222168,8697500,0.0,0
2011-08-24,23.790435351616576,24.72894360105358,23.77553805701816,24.661907196044922,8350600,0.0,0
2011-08-25,24.743840269374072,24.922602117293675,24.08837353047607,24.192651748657227,12939600,0.0,0
2011-08-26,24.088369369506836,24.401203970011984,23.51483642721288,24.088369369506836,12274100,0.0,0
2011-08-29,24.39376347100076,25.272684031005852,24.39376347100076,25.25033950805664,12150300,0.0,0
2011-08-30,25.019432726180888,25.138608236759683,24.6097670861518,24.930051803588867,6069500,0.0,0
2011-08-31,25.13861103054783,25.19820021314384,24.520386047272975,24.609769821166992,7528200,0.0,0
2011-09-01,24.65491798841446,24.83554137067487,24.113053583455763,24.143157958984375,6890800,0.34,0
2011-09-02,23.842121693314294,24.105527821220992,23.104581664264057,23.112106323242188,7775700,0.0,0
2011-09-06,22.683127414909748,23.247571539186183,22.494979373484274,23.119630813598633,4409400,0.0,0
2011-09-07,23.593767814836266,23.729234652324003,23.375515368782505,23.66902732849121,5038200,0.0,0
2011-09-08,23.518511689173582,23.796971499174052,23.352941883645972,23.48088264465332,4055400,0.0,0
2011-09-09,23.322834765491763,23.435723321274484,22.818597876570134,22.93901252746582,4952400,0.0,0
2011-09-12,22.7057066385258,23.292729068888256,22.61539494329477,23.202417373657227,5388600,0.0,0
2011-09-13,23.202417566091473,23.608818044818136,23.074476834135567,23.443246841430664,4427700,0.0,0
2011-09-14,23.51851034693092,24.173264871134144,23.082006852310123,23.90985870361328,4686100,0.0,0
2011-09-15,24.082957142087317,24.301209630206415,23.89480903941476,24.293682098388672,4290500,0.0,0
2011-09-16,24.414097690269948,24.436677415662764,23.85718089306066,24.090482711791992,6291100,0.0,0
2011-09-19,23.751815970142605,23.7668681627966,23.247578999882567,23.518512725830078,6083400,0.0,0
2011-09-20,23.556142748431167,24.067905836231223,23.40562512202043,23.435728073120117,5944100,0.0,0
2011-09-21,23.383046248393704,23.413150634198054,22.284262004745205,22.29178810119629,7262000,0.0,0
2011-09-22,21.749921537610362,22.25415853698536,21.65208515062246,22.08858871459961,11629200,0.0,0
2011-09-23,22.156321389455165,23.367994217350404,22.14879529295195,23.1873722076416,9655700,0.0,0
2011-09-26,23.556146978639816,24.15822046331533,23.352948074722093,24.15069580078125,9537500,0.0,0
2011-09-27,24.587192036512075,24.895757672905003,24.301208994982066,24.44420051574707,7377100,0.0,0
2011-09-28,24.421621737736416,24.752761330154623,23.736762830729003,23.744287490844727,4839800,0.0,0
2011-09-29,24.158206107668445,24.436667261476238,23.76685929290947,24.361406326293945,5441300,0.0,0
2011-09-30,24.082953259767635,24.93338335060847,24.052848879174103,24.504405975341797,6464800,0.0,0
2011-10-03,24.421627130776024,24.873181481146172,23.601301193237305,23.601301193237305,6094400,0.0,0
2011-10-04,23.209939777868332,24.10552331629266,22.97663663584191,24.075420379638672,5300000,0.0,0
2011-10-05,24.105533430530567,24.624824019115195,23.894808479169928,24.56461524963379,4186900,0.0,0
2011-10-06,24.504407242873196,24.90328025817871,24.32378382088072,24.90328025817871,3411600,0.0,0
2011-10-07,25.098956786518084,25.18926994659403,24.57966903518687,24.782869338989258,5644100,0.0,0
2011-10-10,25.10648520055693,25.39999580383301,25.046276425058025,25.399995803833008,2630400,0.0,0
2011-10-11,25.20432649195391,25.20432649195391,24.835554868582406,24.925865173339844,5020700,0.0,0
2011-10-12,25.03874710694509,25.29462861340249,24.790390260569428,24.90328025817871,5914000,0.0,0
2011-10-13,24.767812128255805,24.805441168541844,24.361411602978407,24.504405975341797,5583300,0.0,0
2011-10-14,24.76781065264544,24.918329675733755,24.57213793226874,24.77533531188965,4428700,0.0,0
2011-10-17,24.64739861665362,24.722656700706132,24.376464920605574,24.49687957763672,2899900,0.0,0
2011-10-18,24.474302860722467,25.098953000334653,24.218421354265068,24.90328025817871,3453600,0.0,0
2011-10-19,24.775335658745654,25.0989505580971,24.737706620174663,24.843069076538086,3432200,0.0,0
2011-10-20,24.888222284749492,25.106474698267206,24.647393025320028,25.031213760375977,3692800,0.0,0
2011-10-21,25.2870982788908,25.527927567572686,25.083900899181117,25.520402908325195,4288600,0.0,0
2011-10-24,25.512879534533376,26.002062795791936,25.490299813830067,25.83649444580078,3532900,0.0,0
2011-10-25,25.648340805916074,25.836488835756736,25.302146249116827,25.497821807861328,3826100,0.0,0
2011-10-26,25.836491266449862,26.21278736153306,25.603186653970187,26.099897384643555,5349800,0.0,0
2011-10-27,26.41599066845448,26.732080952299217,25.309681852277947,25.64082145690918,8782700,0.0,0
2011-10-28,25.535458406247727,25.708554300483126,25.09142880941363,25.37741470336914,4475600,0.0,0
2011-10-31,25.091432125301253,25.249475849065664,24.760292484426436,24.782869338989258,5593100,0.0,0
2011-11-01,24.399039829386414,24.42914420897575,23.533560448030332,23.60881996154785,9175700,0.0,0
2011-11-02,24.04533088183005,24.04533088183005,23.41315306876432,23.601301193237305,6869100,0.0,0
2011-11-03,23.857176604839964,23.97759125861249,23.428197785887455,23.947486877441406,6668900,0.0,0
2011-11-04,23.74428645042159,23.789443021873012,23.428197627541117,23.70665740966797,5111400,0.0,0
2011-11-07,23.631397672919586,23.84212403136533,23.420672749929725,23.81954574584961,3275300,0.0,0
2011-11-08,23.84212463662273,23.849650731985694,23.367990676947393,23.834598541259766,4042300,0.0,0
2011-11-09,23.4206756434562,23.676555733634533,23.262630496232106,23.322837829589844,4203600,0.0,0
2011-11-10,23.63139904205585,23.736762945111145,23.322836299409833,23.450777053833008,3072100,0.0,0
2011-11-11,23.616346457925562,24.030273096740213,23.608821797898766,23.962539672851562,2200500,0.0,0
2011-11-14,23.819547125886636,23.872228359686304,23.360466777449567,23.450777053833008,2583100,0.0,0
2011-11-15,23.398096422483615,23.601296702762262,23.262629568964517,23.465829849243164,2961500,0.0,0
2011-11-16,23.322839494448022,23.74429085803671,23.270158253431457,23.435728073120117,2818700,0.0,0
2011-11-17,23.428197606113123,23.43572370134814,23.029324606848313,23.232524871826172,7178200,0.0,0
2011-11-18,23.413145109479164,23.563662696615424,23.164789727021343,23.307781219482422,11678800,0.0,0
2011-11-21,23.134688005655708,23.134688005655708,22.404673963780517,22.4498291015625,16226700,0.0,0
2011-11-22,22.52509099298463,23.172320922977026,22.434779272456538,22.984172821044922,7882200,0.0,0
2011-11-23,22.87128311818685,23.157269040813663,22.690661110164918,22.765920639038086,6236800,0.0,0
2011-11-25,22.773442356401127,23.089531168523312,22.728287221942487,22.811071395874023,3505900,0.0,0
2011-11-28,23.191636796628405,23.381919347656098,22.95568683984145,23.14596939086914,6303400,0.34,0
2011-11-29,23.244925544979903,23.28298148826533,23.12314333263594,23.153589248657227,2798900,0.0,0
2011-11-30,23.556983167882578,23.838600563542897,23.541760213592607,23.82337760925293,5000700,0.0,0
2011-12-01,23.815767346282797,23.97560400951061,23.739654027333014,23.7777099609375,2856200,0.0,0
2011-12-02,23.983210879620053,24.1049915858504,23.67114763843722,23.77009391784668,3842200,0.0,0
2011-12-05,24.03649190381413,24.10499373865413,23.884265281560655,23.998435974121094,4080400,0.0,0
2011-12-06,24.044099407119653,24.15826862907442,23.945151683482546,24.059322357177734,2179100,0.0,0
2011-12-07,23.99843105210082,24.059321398165615,23.72442376893906,23.967985153198242,2053100,0.0,0
2011-12-08,23.724428192891036,23.80815297874513,23.222082381247738,23.267749786376953,4182400,0.0,0
2011-12-09,23.52653581400768,24.241998652534495,23.488479882361453,24.097383499145508,3867200,0.0,0
2011-12-12,23.937552011743268,24.24200388585988,23.80054830545553,24.13544464111328,3643800,0.0,0
2011-12-13,24.272447069622576,24.561677423613148,23.678766309283674,23.785324096679688,3922700,0.0,0
2011-12-14,23.792931054176396,24.24199800394268,23.747263647074604,24.066938400268555,4121900,0.0,0
2011-12-15,24.37139046290562,24.379000487720603,23.51131248474121,23.51131248474121,5557400,0.0,0
2011-12-16,23.579818319332375,23.754877954567952,23.450426099431958,23.595041275024414,6489400,0.0,0
2011-12-19,23.792929061984402,23.97560012683715,23.60264652129522,23.63309097290039,2730300,0.0,0
2011-12-20,23.983217303445556,24.280057672922176,23.937549889312443,24.234390258789062,2807600,0.0,0
2011-12-21,24.287669495395818,24.432283217494003,24.10499838452894,24.401840209960938,2358900,0.0,0
2011-12-22,24.500782777297125,24.96507271472637,24.48555982321139,24.65300941467285,2759400,0.0,0
2011-12-23,24.73673314589685,25.041186407546636,24.614952421933232,24.911792755126953,2387500,0.0,0
2011-12-27,24.919409963429768,25.117302585052656,24.835685156922477,25.003131866455078,1765000,0.0,0
2011-12-28,25.056405187382094,25.102074045359043,24.561672291631147,24.668230056762695,2107400,0.0,0
2011-12-29,24.736732638355516,25.003127059222155,24.698676707300482,24.949848175048828,1830700,0.0,0
2011-12-30,24.99551412299427,25.01834709827148,24.77478568371094,24.89656639099121,1873000,0.0,0
2012-01-03,25.20102901740342,25.45981347990235,24.873742700022948,24.99552345275879,3104500,0.0,0
2012-01-04,25.00312753317431,25.02596341502534,24.607342358521887,24.622562408447266,2919200,0.0,0
2012-01-05,24.58450981853549,24.888963121095202,24.439896096734664,24.82046127319336,3736000,0.0,0
2012-01-06,24.835684228270093,25.223859430719695,24.72912644342047,25.109691619873047,3160700,0.0,0
2012-01-09,25.20102605302397,25.216249008260554,24.980297557316224,25.071632385253906,2063600,0.0,0
2012-01-10,25.26191584308111,25.619648044793013,25.185803967750967,25.436975479125977,2582400,0.0,0
2012-01-11,24.858514267088434,25.368473052978516,24.83568128831836,25.368473052978516,2879200,0.0,0
2012-01-12,25.383691727529516,25.756646813624194,25.345635797147946,25.74903678894043,2904800,0.0,0
2012-01-13,25.589195779838324,25.710976492219306,25.299968402609252,25.421749114990234,2033100,0.0,0
2012-01-17,25.71859416614222,25.870820810581137,25.429363832056456,25.497865676879883,2500500,0.0,0
2012-01-18,25.45981089634898,25.688149421622583,25.421754959383694,25.634870529174805,3105800,0.0,0
2012-01-19,25.733814428113483,25.771870359370553,25.467417102351117,25.764257431030273,1955300,0.0,0
2012-01-20,25.794697514237853,25.87842228619128,25.67291681961854,25.84036636352539,2483600,0.0,0
2012-01-23,25.870820325022866,26.1600477501985,25.825151461503808,26.114381790161133,2571600,0.0,0
2012-01-24,25.992596859952084,26.182879405329533,25.916482099712372,26.129600524902344,1629300,0.0,0
2012-01-25,26.12198398340612,26.40360129863089,25.87842259129592,26.34271240234375,2105500,0.0,0
2012-01-26,26.510170101488367,26.639560860568476,26.365553484302698,26.43405532836914,2511300,0.0,0
2012-01-27,26.411218831232993,26.563445453719094,26.228546303553404,26.494943618774414,1983200,0.0,0
2012-01-30,26.35033232007581,26.4797259914294,26.137216747825082,26.456890106201172,1918100,0.0,0
2012-01-31,26.555837866238402,26.624339714959266,26.23616450786231,26.456890106201172,2138800,0.0,0
2012-02-01,26.56344853552592,26.784174115083257,26.494946692633878,26.63195037841797,2567700,0.0,0
2012-02-02,26.63195037841797,26.829842978171843,26.45688785498589,26.63195037841797,2110400,0.0,0
2012-02-03,26.86028419237524,27.020120830027246,26.814615337268453,26.921173095703125,2093700,0.0,0
2012-02-06,26.86789421648579,27.04295380584006,26.723280530536044,26.921173095703125,2489700,0.0,0
2012-02-07,26.829841903858835,26.92117672289714,26.730894156203103,26.89073371887207,2298800,0.0,0
2012-02-08,26.8831135631291,26.94400536177248,26.76894289241315,26.875503540039062,2501600,0.0,0
2012-02-09,26.95923328676281,26.97445624087255,26.670005869122626,26.77656364440918,2241700,0.0,0
2012-02-10,26.609119625934685,26.822238124626846,26.472115913733376,26.799402236938477,2863700,0.0,0
2012-02-13,26.921177270362193,27.126682794988664,26.814619495403637,27.088626861572266,2400800,0.0,0
2012-02-14,27.020119918629835,27.08101172338498,26.799391481614023,26.974451065063477,2427900,0.0,0
2012-02-15,26.997288598241408,27.088623407490942,26.578664673595124,26.6547794342041,3503600,0.0,0
2012-02-16,26.099156204607013,26.41882950656919,26.00781848677662,26.198101043701172,5156900,0.0,0
2012-02-17,26.335099475632344,26.502549021513413,26.228541729519232,26.34271240234375,3187900,0.0,0
2012-02-21,26.449275215639087,26.860286232372317,26.411219285233724,26.715669631958008,3021200,0.0,0
2012-02-22,26.768949432777692,26.829841246298553,26.44927612223758,26.662391662597656,3129700,0.0,0
2012-02-23,26.730896117285518,27.04295943341865,26.69284018185109,26.99729347229004,2106600,0.0,0
2012-02-24,27.065787660674708,27.21801135934902,26.708055581132005,27.126676559448242,1862000,0.0,0
2012-02-27,26.989679960827672,27.004902915369367,26.86028920244579,26.928791046142578,3726400,0.0,0
2012-02-28,26.913565005386147,26.92878795818221,26.64716768667713,26.791784286499023,2445600,0.0,0
2012-02-29,26.753729897154155,26.77656287592265,26.555834402888763,26.62433624267578,3312300,0.0,0
2012-03-01,26.708065719596146,26.94401718767874,26.593894998769915,26.753734588623047,2305300,0.0,0
2012-03-02,26.768945510968443,26.84506026671826,26.487328173396747,26.555830001831055,1657600,0.0,0
2012-03-05,26.555832982166656,26.75372846584475,26.48733114604445,26.715669631958008,2008800,0.0,0
2012-03-06,26.532997039899435,26.64716481835875,26.357937456810312,26.42643928527832,2468000,0.0,0
2012-03-07,26.48412017890075,26.576401459069324,26.30725212545794,26.491811752319336,2044800,0.355,0
2012-03-08,26.653294107130403,26.868611182926475,26.614845048377553,26.77633285522461,1350100,0.0,0
2012-03-09,26.776335445987442,26.991652542616666,26.737886383514425,26.83785629272461,2197900,0.0,0
2012-03-12,26.876305355197623,27.053173389353837,26.722506171830133,26.83785629272461,1471600,0.0,0
2012-03-13,26.968577150681494,26.968577150681494,26.630221376120527,26.93012809753418,3489000,0.0,0
2012-03-14,26.914751813514982,26.945512233907323,26.545635569232367,26.77633285522461,2764100,0.0,0
2012-03-15,26.776334388569715,26.83785523287738,26.561017300443524,26.645606994628906,3478800,0.0,0
2012-03-16,26.614847588027864,26.876305319361343,26.56101831394233,26.791715621948242,3758000,0.0,0
2012-03-19,26.837855074545715,26.891684346259694,26.660984114942302,26.753265380859375,2707100,0.0,0
2012-03-20,26.684054643177756,26.784024543148576,26.54563568428744,26.768644332885742,1523400,0.0,0
2012-03-21,26.730189619302635,27.02240771759769,26.684051926686216,26.96088981628418,2890500,0.0,0
2012-03-22,26.807103894493753,26.922451116443845,26.622544232506776,26.868621826171875,1940700,0.0,0
2012-03-23,26.914753687895338,26.914753687895338,26.68405638583702,26.876304626464844,1755100,0.0,0
2012-03-26,27.030098938339293,27.23003578186035,26.953197895850558,27.23003578186035,2338100,0.0,0
2012-03-27,27.237727662236615,27.28386829322326,27.107000274653885,27.160829544067383,1685200,0.0,0
2012-03-28,27.106999391327413,27.230038136473866,26.8609219010345,26.907062530517578,2012600,0.0,0
2012-03-29,26.791709830567946,26.860919301356727,26.607150263972937,26.845539093017578,1713200,0.0,0
2012-03-30,26.914757390266892,27.00703573708888,26.760958189913072,26.883996963500977,1921100,0.0,0
2012-04-02,26.79940386010254,27.183900345518506,26.760954798256023,27.060861587524414,1728800,0.0,0
2012-04-03,27.04548991327639,27.05318148815885,26.822484110782362,26.868621826171875,2127300,0.0,0
2012-04-04,26.707120772994426,26.96088981628418,26.62253109189784,26.96088981628418,2693600,0.0,0
2012-04-05,26.860915413782926,27.04547202019231,26.791705953010815,26.99933433532715,1939800,0.0,0
2012-04-09,26.822475353767082,26.991651810756327,26.730194086163472,26.876304626464844,2041400,0.0,0
2012-04-10,26.799404670119632,26.907066153409513,26.52256965637207,26.52256965637207,2291400,0.0,0
2012-04-11,26.78401863915074,26.914745997355844,26.684048761216268,26.830156326293945,1700700,0.0,0
2012-04-12,26.830169802068344,27.299256080125247,26.830169802068344,27.21466636657715,1972400,0.0,0
2012-04-13,27.1300718032454,27.17621243878969,26.991652830087986,27.02241325378418,3318600,0.0,0
2012-04-16,27.060863971644444,27.214663166055942,27.007034693621765,27.183902740478516,4248400,0.0,0
2012-04-17,27.283874364687104,27.47612263636625,27.13776673426225,27.437673568725586,1865100,0.0,0
2012-04-18,27.44536004878887,27.676060303427345,27.4376714092562,27.599159240722656,2114800,0.0,0
2012-04-19,27.5683914489176,27.806780279387368,27.360765968784833,27.48380470275879,2623400,0.0,0
2012-04-20,27.5376412403448,27.952895243785747,27.5376412403448,27.65298843383789,3555700,0.0,0
2012-04-23,27.568392450311993,27.60684443952387,27.353075391405095,27.583772659301758,2165100,0.0,0
2012-04-24,27.622224846315785,27.87599392320202,27.58377578622021,27.668365478515625,2621600,0.0,0
2012-04-25,27.79909714146258,27.945204750250547,27.65298659919922,27.745267868041992,2673900,0.0,0
2012-04-26,27.33770086855403,27.537640693532808,26.899375088337784,27.13776397705078,4858000,0.0,0
2012-04-27,27.091615743644283,27.106995951520265,26.08423412882767,26.338003158569336,10798800,0.0,0
2012-04-30,26.299560546874996,26.499497431281682,26.26111148450549,26.299560546875,4640800,0.0,0
2012-05-01,26.29955648481983,26.622532079009517,26.214966800586826,26.56101417541504,2928500,0.0,0
2012-05-02,26.44566718792162,26.522568243317302,26.32262843276385,26.499496459960938,2343800,0.0,0
2012-05-03,26.45335964862441,26.57639840791439,26.207282130044447,26.353389739990234,2154500,0.0,0
2012-05-04,26.245727033249597,26.36876577304216,26.09192787514015,26.12268829345703,2160700,0.0,0
2012-05-07,26.091932099089263,26.353389830159486,26.068863248354525,26.15345001220703,2775100,0.0,0
2012-05-08,26.05348631076083,26.184213725986307,25.97658524285544,26.13038444519043,3464800,0.0,0
2012-05-09,25.953505866437506,26.199583317011687,25.87660776318605,25.98426628112793,2609300,0.0,0
2012-05-10,26.038100663394772,26.18420826171073,25.938130762717968,26.015031814575195,2013100,0.0,0
2012-05-11,25.938126416823888,26.007335885161858,25.730498011809978,25.745878219604492,3571000,0.0,0
2012-05-14,25.584397481311093,25.61515790536841,24.961512094790177,25.084550857543945,5601400,0.0,0
2012-05-15,25.122995492169267,25.36138433637678,25.046097379057155,25.115306854248047,2918200,0.0,0
2012-05-16,25.307555608575516,25.330624456304626,25.122996026317495,25.138376235961914,1857400,0.0,0
2012-05-17,25.122995785808733,25.230657252289017,24.800020186792924,24.89999008178711,2983500,0.0,0
2012-05-18,24.961513041099902,25.107623594173564,24.730815718875114,24.83847427368164,2634900,0.0,0
2012-05-21,24.869231375843214,25.122997516339204,24.846162526745907,25.107620239257812,1699000,0.0,0
2012-05-22,25.1691390557236,25.37676750551302,25.030720089197324,25.261417388916016,2181800,0.0,0
2012-05-23,25.13068931051328,25.538254626703058,25.084548678435567,25.492116928100586,3665200,0.0,0
2012-05-24,25.530562121888682,25.64590928440257,25.261412875740017,25.445972442626953,10155500,0.0,0
2012-05-25,25.476736717582746,25.622844318950307,25.322937544131225,25.346006393432617,8543400,0.0,0
2012-05-29,25.376766931264253,25.453665051605253,25.261416817277492,25.33831787109375,11503300,0.0,0
2012-05-30,25.230656419967584,25.261413904472292,25.038408207807294,25.09223747253418,2740900,0.0,0
2012-05-31,25.099931851514526,25.12300070353843,24.861545891332593,24.94613265991211,3143900,0.0,0
2012-06-01,24.76157249344229,24.86923103237647,24.707743223975204,24.730812072753906,3656400,0.0,0
2012-06-04,24.815403793906103,24.861544428715025,24.569326275209345,24.723125457763672,2960700,0.0,0
2012-06-05,24.70004914168252,24.82308787845588,24.669291657595338,24.76156997680664,4861100,0.0,0
2012-06-06,24.99873103397379,25.16979342028458,24.889869376641816,25.11536407470703,6223600,0.355,0
2012-06-07,25.333081052269726,25.566350068873334,25.177567385808494,25.193119049072266,3951300,0.0,0
2012-06-08,25.123134923297343,25.30974892690334,25.099805948214513,25.255319595336914,2295500,0.0,0
2012-06-11,25.410839108371114,25.410839108371114,25.053159713745114,25.053159713745117,1612500,0.0,0
2012-06-12,25.060936239407816,25.20867261971055,24.928751525375425,25.185346603393555,2894200,0.0,0
2012-06-13,25.14646405928095,25.263100050670996,25.037605382611034,25.193119049072266,2833500,0.0,0
2012-06-14,25.263102158827184,25.33308316626569,25.099811164019517,25.162017822265625,3026400,0.0,0
2012-06-15,25.255324266579834,25.30975360821355,25.11536225489981,25.270875930786133,3087100,0.0,0
2012-06-18,25.263101581771313,25.348631285640966,25.162017247518705,25.270875930786133,1968600,0.0,0
2012-06-19,25.387513070204243,25.659659790603566,25.364184089758023,25.41861343383789,2391000,0.0,0
2012-06-20,25.4808209474666,25.504146962517822,25.278652263099744,25.4263916015625,2523000,0.0,0
2012-06-21,25.496376792811578,25.659664857293603,25.208675384521484,25.208675384521484,3898700,0.0,0
2012-06-22,25.37973135112455,25.40305736134678,25.099807363752753,25.169788360595703,2554800,0.0,0
2012-06-25,25.04538364733676,25.208671687873913,24.827666259953883,25.006505966186523,4460700,0.0,0
2012-06-26,25.08425750639479,25.18534183492472,24.95984716596429,25.0142765045166,4077200,0.0,0
2012-06-27,25.006507738440533,25.309757825551948,25.006507738440533,25.200899124145508,4274500,0.0,0
2012-06-28,24.998727150800857,25.31752882516703,24.928746150760652,25.309751510620117,4015000,0.0,0
2012-06-29,25.62855716129829,25.978462215787648,25.581905131484287,25.970687866210938,4885100,0.0,0
2012-07-02,26.08732534472198,26.08732534472198,25.682990875882396,25.86960792541504,3770200,0.0,0
2012-07-03,25.861824120426295,26.071767136165953,25.79184311517974,26.009563446044922,1559000,0.0,0
2012-07-05,25.87738227631427,26.001792653943575,25.8074012535117,25.86960792541504,2741900,0.0,0
2012-07-06,25.690757940849203,25.791839293088717,25.620776945973127,25.65965461730957,2645900,0.0,0
2012-07-09,25.628554910304647,25.78406858377169,25.543022241588947,25.69076156616211,5439700,0.0,0
2012-07-10,25.729634378919904,25.916251345036628,25.605224056900774,25.714082717895508,5890700,0.0,0
2012-07-11,25.41860442365018,25.46525940182794,24.158949674608053,24.563283920288086,16986800,0.0,0
2012-07-12,24.431103201849428,24.952072042378948,24.384449696409106,24.796558380126953,7152300,0.0,0
2012-07-13,24.757679693729592,25.18534002280261,24.749903862626137,25.169788360595703,5854700,0.0,0
2012-07-16,25.13091496106071,25.24755096435547,24.959849613875537,25.24755096435547,4615100,0.0,0
2012-07-17,25.232001734619793,25.496374130249023,25.092039703629197,25.496374130249023,3868400,0.0,0
2012-07-18,25.410838669138982,25.892928408613894,25.356409325948754,25.830724716186523,4659000,0.0,0
2012-07-19,25.815175419210593,25.970689113807293,25.535251362171937,25.916259765625,3082300,0.0,0
2012-07-20,25.81517421984309,25.94735892609395,25.58967952146316,25.62078285217285,4583100,0.0,0
2012-07-23,25.371962337080102,25.636334717824244,25.11536430598569,25.597454071044922,6116300,0.0,0
2012-07-24,25.558580954565773,25.58190994003472,25.146472127469334,25.294208526611328,6767800,0.0,0
2012-07-25,25.34863445359814,25.38751510206134,25.00650669683198,25.224224090576172,6082900,0.0,0
2012-07-26,25.146468737977848,25.8696049003177,24.889870695648277,25.737417221069336,9325800,0.0,0
2012-07-27,25.908480863143755,26.826008342290145,25.791844857793503,26.553861618041992,7137200,0.0,0
2012-07-30,26.561638855245736,26.93486996029595,26.51498385479803,26.88821792602539,3436200,0.0,0
2012-07-31,26.895987319562057,26.942642311411507,26.709370318340863,26.74825096130371,2893200,0.0,0
2012-08-01,26.826009010800654,26.849335025981265,26.468329602539104,26.608291625976562,4540000,0.0,0
2012-08-02,26.4605531428658,26.794906546765255,26.413901110995084,26.639392852783203,3914900,0.0,0
2012-08-03,26.911535562726137,27.191459545887856,26.888209552854736,27.035945892333984,2676200,0.0,0
2012-08-06,27.16814146215757,27.261451471405707,27.098160438310178,27.137041091918945,2141300,0.0,0
2012-08-07,27.21479053972512,27.284771548331484,27.059276857691334,27.183687210083008,1910100,0.0,0
2012-08-08,27.0281728663746,27.16036053102911,26.864884839016117,27.129257202148438,1708800,0.0,0
2012-08-09,27.121489423710923,27.21479646678164,27.020405063447484,27.137041091918945,1413400,0.0,0
2012-08-10,27.082603557796762,27.276994902428058,26.95041590103569,27.253665924072266,1362800,0.0,0
2012-08-13,27.214788441194333,27.25366611716073,27.12148142563967,27.222562789916992,1463800,0.0,0
2012-08-14,27.323660538467728,27.385867223503645,27.214801805832877,27.378089904785156,1898600,0.0,0
2012-08-15,27.30810066179113,27.533595378023666,27.261448628209994,27.471391677856445,2020400,0.0,0
2012-08-16,27.432506737417015,27.759085752288318,27.331425369683895,27.743534088134766,1997500,0.0,0
2012-08-17,27.720211032262238,27.727985382080078,27.549145674500082,27.727985382080078,2009200,0.0,0
2012-08-20,27.1603646853284,27.207019685785504,26.34392145748064,26.903766632080078,7905200,0.0,0
2012-08-21,26.82600698660486,27.05927601934,26.77935199358716,26.810455322265625,4085600,0.0,0
2012-08-22,26.7404736462405,26.903761668448663,26.67826995661784,26.74825096130371,2507100,0.0,0
2012-08-23,26.724925136683385,26.810457815414658,26.63161810814789,26.70159912109375,2939500,0.0,0
2012-08-24,26.608293340168466,26.857114072047803,26.56163834062468,26.654945373535156,2307800,0.0,0
2012-08-27,26.662721562878875,26.74825424200524,26.460552872911663,26.5072078704834,2395900,0.0,0
2012-08-28,26.476105852867516,26.73270390298243,26.44500251960926,26.61606788635254,2342200,0.0,0
2012-08-29,26.584963638796893,27.028175740864352,26.584963638796893,26.942646026611328,3672900,0.0,0
2012-08-30,26.787131021639258,26.942644708798603,26.70937269497115,26.849334716796875,2360300,0.0,0
2012-08-31,26.91154394316067,27.059280328646018,26.794907925129973,26.88821792602539,9377900,0.0,0
2012-09-04,27.004851243987407,27.121487263167445,26.787133838773663,27.02817726135254,11117200,0.0,0
2012-09-05,26.992826739322698,26.992826739322698,26.607886978732388,26.71001434326172,3046700,0.355,0
2012-09-06,26.906405238607437,27.063523532787865,26.7964233317158,27.055665969848633,2818500,0.0,0
2012-09-07,27.094951524069376,27.14208492106991,26.969257470763598,27.102806091308594,2237500,0.0,0
2012-09-10,26.97711392018132,27.063529149754928,26.780716760889604,26.922122955322266,1822200,0.0,0
2012-09-11,26.96139895764066,26.992823219056554,26.78071394967303,26.827850341796875,2215600,0.0,0
2012-09-12,26.8985532039077,26.96925629310374,26.68644393631958,26.70215606689453,2346600,0.0,0
2012-09-13,26.710010338982936,26.859271082623806,26.4900465069264,26.76500129699707,3388200,0.0,0
2012-09-14,26.812132823584033,26.86712377162097,26.615735724371575,26.67858123779297,3563400,0.0,0
2012-09-17,26.710006792049647,26.89854933504822,26.61573701894139,26.662870407104492,4789800,0.0,0
2012-09-18,26.662870407104492,26.780709871076358,26.600024890626337,26.662870407104492,3174300,0.0,0
2012-09-19,26.22294521021485,26.3564938179873,25.649465959555673,25.68088722229004,7621400,0.0,0
2012-09-20,25.62589664199357,25.65732090197069,25.460923772287266,25.570905685424805,4620000,0.0,0
2012-09-21,25.633754394384052,25.633754394384052,25.43735726325254,25.515914916992188,6819200,0.0,0
2012-09-24,25.492348493160023,25.570906147740747,25.366654447761412,25.413787841796875,2946800,0.0,0
2012-09-25,25.50806211065696,25.578765202614864,25.201683044433594,25.201683044433594,4913200,0.0,0
2012-09-26,25.248818228766805,25.445215387356196,25.028854370117188,25.028854370117188,3638600,0.0,0
2012-09-27,25.06027544860462,25.280240790831737,25.052419382983157,25.1545467376709,3998500,0.0,0
2012-09-28,25.060275362126493,25.256674005202782,25.036708663734725,25.201683044433594,3718100,0.0,0
2012-10-01,25.193819096648454,25.23309791627617,24.78531277960017,24.848159790039062,4664600,0.0,0
2012-10-02,24.86388076271068,24.911015662710625,24.777467029109356,24.879592895507812,3133100,0.0,0
2012-10-03,24.87173713153818,24.981719065672532,24.769611263897918,24.887449264526367,2702800,0.0,0
2012-10-04,24.918866668231367,25.217389638791335,24.761749867343912,25.146686553955078,3943900,0.0,0
2012-10-05,25.319514370414495,25.366650754369314,25.11526120178327,25.17810821533203,2745100,0.0,0
2012-10-08,25.099553685998124,25.319517511511638,25.068129426129804,25.209535598754883,2370400,0.0,0
2012-10-09,25.201679575131905,25.311661481530006,25.052415847778317,25.05241584777832,2643300,0.0,0
2012-10-10,25.005281986859245,25.248814003203734,24.98171379235191,25.138832092285156,3069900,0.0,0
2012-10-11,25.217386959735308,25.264523343545882,25.10740506095928,25.225244522094727,2038400,0.0,0
2012-10-12,25.28023868506742,25.3352296414458,25.146687079018243,25.209535598754883,2884200,0.0,0
2012-10-15,25.19382919052901,25.390226364135742,25.130982154910516,25.390226364135742,2045600,0.0,0
2012-10-16,25.460925968639067,25.578765455327332,25.413789574607236,25.5080623626709,2836000,0.0,0
2012-10-17,25.515916164792703,25.798728526937587,25.45307063808414,25.728025436401367,2504400,0.0,0
2012-10-18,25.71231523163697,25.947991218818007,25.6887485319537,25.90871238708496,2156000,0.0,0
2012-10-19,25.82230279369339,25.916575606562578,25.484499372870676,25.55520248413086,2950900,0.0,0
2012-10-22,25.49234744828556,25.67303244384129,25.45306862260515,25.59447479248047,1619000,0.0,0
2012-10-23,25.421653847266697,25.460932687600653,25.233111218166925,25.3745174407959,1804000,0.0,0
2012-10-24,25.453070849795147,25.492349678912525,25.21739188152574,25.264528274536133,1937400,0.0,0
2012-10-25,25.437356702991487,25.728023611565078,25.3745081839581,25.68088722229004,2085600,0.0,0
2012-10-26,25.633760048474546,25.696605585971753,25.523778110267145,25.56305694580078,1637900,0.0,0
2012-10-31,25.845865025446077,26.238659308527126,25.704458843794296,25.720170974731445,3641900,0.0,0
2012-11-01,25.76730111036776,26.120816519766144,25.728022286386203,25.924419403076172,2589300,0.0,0
2012-11-02,26.02654807304614,26.02654807304614,25.240959566135572,25.272380828857422,4071900,0.0,0
2012-11-05,25.20954012207883,25.500207086058982,24.98171869232927,25.358800888061523,2838500,0.0,0
2012-11-06,25.413786917043193,25.53948095786807,25.256671613598844,25.319517135620117,3277500,0.0,0
2012-11-07,25.162394842998502,25.26452217145914,25.068125076532752,25.07598114013672,3621700,0.0,0
2012-11-08,25.075987526274563,25.178113382352816,24.86387825012207,24.86387825012207,3154100,0.0,0
2012-11-09,24.8560189138509,25.13883124484051,24.8560189138509,24.997425079345703,2324600,0.0,0
2012-11-12,25.01314454034283,25.052423376319865,24.918873236249777,24.98957633972168,1532900,0.0,0
2012-11-13,24.903155940482897,25.036706044834677,24.777461900903706,24.785316467285156,2419400,0.0,0
2012-11-14,24.785321868062763,24.87173710100021,24.392527534189238,24.416095733642578,3093600,0.0,0
2012-11-15,24.400378455306964,24.533928560597587,24.211837394612758,24.321819305419922,2303000,0.0,0
2012-11-16,24.298255281563492,24.691049575805664,24.29039921587169,24.691049575805664,4824700,0.0,0
2012-11-19,24.87958796888985,24.94243498924206,24.69104690783323,24.840309143066406,2360300,0.0,0
2012-11-20,24.824596153958225,25.00528114391665,24.72246881292704,24.997425079345703,2021300,0.0,0
2012-11-21,25.02099135408854,25.28023547148274,24.903153391344084,25.225244522094727,2556700,0.0,0
2012-11-23,25.24881946586412,25.421649932861328,25.20168606343431,25.421649932861328,1285800,0.0,0
2012-11-26,25.39385090512124,25.512995979584588,25.354136385304063,25.449453353881836,2733300,0.355,0
2012-11-27,25.417676836204116,25.51299227593339,25.330303087275954,25.346189498901367,1831900,0.0,0
2012-11-28,25.266754272370473,25.711563110351562,25.250869378701065,25.711563110351562,2447800,0.0,0
2012-11-29,25.81482665329804,25.886313986769636,25.655965575580833,25.862485885620117,1967300,0.0,0
2012-11-30,25.854537861885603,25.941911594967813,25.711563213209747,25.870424270629883,2165200,0.0,0
2012-12-03,25.95780152928737,25.96574321972682,25.68773860400012,25.830713272094727,1780600,0.0,0
2012-12-04,25.814823050310395,26.021340301502928,25.798936641753645,25.91808319091797,2139500,0.0,0
2012-12-05,26.34700572955613,26.76798800726143,26.28346312142613,26.62501335144043,5020600,0.0,0
2012-12-06,26.6806221784871,26.823596876688683,26.489988237543756,26.75210952758789,3542200,0.0,0
2012-12-07,26.839474840089867,27.117479426823284,26.72032828576255,27.101593017578125,3395100,0.0,0
2012-12-10,27.006275193335025,27.276338066469275,27.006275193335025,27.268396377563477,3715600,0.0,0
2012-12-11,27.300171931013374,27.36371757577517,26.966566386083286,27.00628089904785,6199100,0.0,0
2012-12-12,27.061884932591383,27.093657758622953,26.426443562077303,26.609132766723633,6429600,0.0,0
2012-12-13,26.65678857814746,26.879192271724072,26.593242934255244,26.7203311920166,5716600,0.0,0
2012-12-14,26.72033099500569,26.74415909627805,26.561469916469512,26.664730072021484,2682400,0.0,0
2012-12-17,26.688563549483213,26.83153824596453,26.66473544341088,26.799768447875977,2428600,0.0,0
2012-12-18,26.775932390947812,26.934793472290036,26.664730543015185,26.93479347229004,4941400,0.0,0
2012-12-19,26.926851794489828,27.045995333035613,26.68061696679157,26.84741973876953,4733000,0.0,0
2012-12-20,26.871249558138487,27.01422119140625,26.728274894847768,27.01422119140625,2936600,0.0,0
2012-12-21,26.775927004394067,27.05393459832153,26.736212499553712,26.887128829956055,4684000,0.0,0
2012-12-24,26.8156390968545,26.950672037190905,26.68855087478494,26.87918472290039,1454700,0.0,0
2012-12-26,26.91890112778534,27.014216543572353,26.736211985017558,26.791812896728516,2752900,0.0,0
2012-12-27,26.783873216738986,26.871246950272873,26.63295384789948,26.775928497314453,2994100,0.0,0
2012-12-28,26.6726824604336,26.767997922947764,26.529707751650385,26.577363967895508,3060300,0.0,0
2012-12-31,26.49793264085723,26.799768447875973,26.37084435843202,26.799768447875977,3415500,0.0,0
2013-01-02,27.10954065017247,27.10954065017247,26.767990389758335,26.982452392578125,4247900,0.0,0
2013-01-03,27.006284794845048,27.26840607226514,26.807709171353537,27.07777214050293,2467300,0.0,0
2013-01-04,27.157198754768025,27.173085166832696,26.88713580971521,27.069828033447266,3656800,0.0,0
2013-01-07,26.98245239257812,27.101595929684848,26.88713392686506,26.982452392578125,2887200,0.0,0
2013-01-08,26.98245829912683,27.05394564904891,26.879198120345222,27.03805923461914,2356100,0.0,0
2013-01-09,27.10159351188863,27.602004807158607,27.006278084701947,27.459030151367188,3577800,0.0,0
2013-01-10,27.506687677742953,27.713204928871075,27.39548584790299,27.689376831054688,2983200,0.0,0
2013-01-11,27.68143753317125,27.71321035649754,27.522579476586195,27.649667739868164,1510800,0.0,0
2013-01-14,27.6655487332383,27.792636971630056,27.578175001214728,27.689376831054688,1611500,0.0,0
2013-01-15,27.641721713973855,27.744981869897472,27.554347968963338,27.729095458984375,1800400,0.0,0
2013-01-16,27.705270850858792,27.792644606885872,27.546409751720777,27.776758193969727,2251300,0.0,0
2013-01-17,27.80058883912826,28.078593515510054,27.776760732588027,28.015050888061523,2256800,0.0,0
2013-01-18,28.102417102544685,28.110358792583373,27.74498045034558,27.999156951904297,4898200,0.0,0
2013-01-22,28.022980179492762,28.396303176879883,28.01503849083495,28.396303176879883,2062400,0.0,0
2013-01-23,28.32482117796247,28.39630850939683,28.007099031582413,28.19773292541504,2753400,0.0,0
2013-01-24,28.1818502220531,28.285110387712606,28.13419098482025,28.213623046875,2711600,0.0,0
2013-01-25,28.21361813434231,28.372479200767703,28.094471577017558,28.348648071289062,2430200,0.0,0
2013-01-28,28.571059616132754,30.167606180601545,28.388370419304614,28.96026611328125,13811200,0.0,0
2013-01-29,28.968208022563164,29.142952481249505,28.825233355441494,28.84111976623535,3215800,0.0,0
2013-01-30,28.888780048922413,28.9364392880355,28.515459947618695,28.63460350036621,3684800,0.0,0
2013-01-31,28.706094564488925,28.93644303835472,28.555178166106437,28.896728515625,3742100,0.0,0
2013-02-01,29.03175509426181,29.03175509426181,28.7378640244988,28.833179473876953,2624900,0.0,0
2013-02-04,28.70609097426705,28.833179249121763,28.507515355430087,28.531343460083008,1888900,0.0,0
2013-02-05,28.666373712827895,28.817290077891233,28.475739803779774,28.57105827331543,2784500,0.0,0
2013-02-06,28.46779721480303,28.698145630544975,28.27716331176964,28.674314498901367,3093700,0.0,0
2013-02-07,28.674318720342587,29.25416220533995,28.642548923512443,29.031755447387695,4971500,0.0,0
2013-02-08,28.76169212933746,28.86495230034417,28.443972954735788,28.833179473876953,3671500,0.0,0
2013-02-11,28.84111976623535,28.98409443335702,28.825233355441494,28.84111976623535,1670500,0.0,0
2013-02-12,28.833177844617182,28.9840972467968,28.75374881296089,28.96026611328125,1525600,0.0,0
2013-02-13,29.007921720035828,29.246211815206756,28.94437607864467,29.10323715209961,3344000,0.0,0
2013-02-14,28.586948750062522,29.738684968845394,28.19773918583636,29.500394821166992,6154700,0.0,0
2013-02-15,29.47656631359903,29.516280832666794,28.99998299471511,29.14295768737793,3600800,0.0,0
2013-02-19,29.230325508953218,29.230325508953218,28.93643449152991,29.087350845336914,2601100,0.0,0
2013-02-20,29.01586532592773,29.16678471918448,28.99203722384431,29.015865325927734,2040500,0.0,0
2013-02-21,28.976150826620536,29.055582883642717,28.777575229099817,28.928491592407227,2075300,0.0,0
2013-02-22,28.992040609801386,29.15090171229815,28.936439678431043,29.07941436767578,2150200,0.0,0
2013-02-25,29.15089761096341,29.18267043299724,28.864948272705078,28.864948272705078,3595900,0.0,0
2013-02-26,28.976149105831198,29.142951870637226,28.88877536330719,29.07146453857422,1809100,0.0,0
2013-02-27,29.007916753261927,29.476555173200474,28.999972034436862,29.428895950317383,2149500,0.0,0
2013-02-28,29.436856141715236,29.786348203156958,29.301823120915095,29.643373489379883,3904500,0.0,0
2013-03-01,29.532166681254974,29.571881199562874,29.15090185145679,29.309762954711914,2160200,0.0,0
2013-03-04,29.32564887301163,29.62748469228559,29.20650530778881,29.54805564880371,2368500,0.0,0
2013-03-05,29.643358442900936,29.889593220537648,29.61953034604085,29.786333084106445,2226700,0.0,0
2013-03-06,29.865755993112227,29.897528802450584,29.51626418045592,29.57186508178711,1888000,0.0,0
2013-03-07,29.5678721791732,29.728306169851706,29.351286750760796,29.479633331298828,2398000,0.365,0
2013-03-08,29.624022604074487,29.71226144893201,29.455568296632173,29.615999221801758,2152300,0.0,0
2013-03-11,29.61599905617343,29.784456422697396,29.49567586296915,29.680173873901367,2531000,0.0,0
2013-03-12,29.704239894469506,29.928848711570676,29.559849604913015,29.648088455200195,1576200,0.0,0
2013-03-13,29.696208911162625,29.94488166724485,29.67214489154987,29.88872718811035,1585900,0.0,0
2013-03-14,29.904775618162457,30.02510185530498,29.760385357600757,29.864667892456055,2185600,0.0,0
2013-03-15,29.744343505218925,30.121359783548556,29.688189019486565,30.0972957611084,2753800,0.0,0
2013-03-18,29.880714247110756,30.121363682733776,29.87269392526688,30.06521224975586,1557000,0.0,0
2013-03-19,30.13740655149654,30.185537661297122,29.864669716006926,30.017080307006836,2114900,0.0,0
2013-03-20,30.105321452720723,30.434209744843905,30.00104196352773,30.426189422607422,2894600,0.0,0
2013-03-21,30.281795344720024,30.458273012029178,30.249707939750472,30.386077880859375,2291100,0.0,0
2013-03-22,30.44223753135585,30.787169577879023,30.394106410902317,30.779146194458008,2229100,0.0,0
2013-03-25,30.78715705871582,30.835285099574573,30.562548314624173,30.78715705871582,2823500,0.0,0
2013-03-26,30.955612187822585,31.075938413381763,30.85935304338906,30.99571990966797,1908200,0.0,0
2013-03-27,30.87539393033014,31.108019919842413,30.739024016456153,30.979673385620117,2283600,0.0,0
2013-03-28,30.995724235764303,31.501090169614915,30.923529102357072,31.452959060668945,4283300,0.0,0
2013-04-01,31.324608124836956,31.42889064965338,30.835285962263406,30.99571990966797,2287800,0.0,0
2013-04-02,31.1080265045166,31.380763329972364,31.019787669806885,31.1080265045166,2480200,0.0,0
2013-04-03,31.188241258558048,31.372739227065235,30.923524786337065,30.99571990966797,2619800,0.0,0
2013-04-04,31.02781196154925,31.284505091860073,31.003747936839954,31.1641788482666,1936400,0.0,0
2013-04-05,30.939566722652394,30.971654122308024,30.75506876466679,30.891435623168945,2261900,0.0,0
2013-04-08,30.891436329804314,31.08395767211914,30.779133488463554,31.08395767211914,1683100,0.0,0
2013-04-09,31.124069137416125,31.404829334571783,31.043853686813534,31.196264266967773,1809600,0.0,0
2013-04-10,31.284497956384516,31.677560943785018,31.268454256896458,31.573278427124023,1923600,0.0,0
2013-04-11,31.541199725029966,31.63745888847716,31.300550286400167,31.525156021118164,2726800,0.0,0
2013-04-12,31.244397041949977,31.557241600040154,31.244397041949977,31.452959060668945,1937900,0.0,0
2013-04-15,31.300547107716234,31.420870284800063,30.731009446792143,30.827268600463867,2328000,0.0,0
2013-04-16,30.95562699439898,31.36473084893972,30.891452160732083,31.324623107910156,1992100,0.0,0
2013-04-17,31.164168443585858,31.228343234749474,30.63473865657588,30.80319595336914,2044500,0.0,0
2013-04-18,30.875397093252673,30.883417413703228,30.458270049293393,30.594636917114258,2287500,0.0,0
2013-04-19,30.69892369947783,31.13209450441988,30.658815971618044,31.043855667114258,1991400,0.0,0
2013-04-22,31.1000054219491,31.18022087334536,30.803204579754958,30.90748405456543,1779900,0.0,0
2013-04-23,31.05187598867682,31.244397366436672,30.747054808923664,31.043855667114258,2312100,0.0,0
2013-04-24,31.14813854424536,31.990413078498854,31.108027755928536,31.725696563720703,3144800,0.0,0
2013-04-25,32.04656691743808,32.87279781043564,32.0064591861319,32.102718353271484,4440900,0.0,0
2013-04-26,32.166887202593564,32.44764741639595,32.054584341082,32.23908233642578,2104600,0.0,0
2013-04-29,32.27117412309629,32.57599840287871,32.18293527421002,32.46369552612305,2567300,0.0,0
2013-04-30,32.39148873117941,32.8888311750692,32.16687999843661,32.87278747558594,3565800,0.0,0
2013-05-01,32.73641994841436,33.03322073270866,32.527854919433594,32.527854919433594,2377800,0.0,0
2013-05-02,32.60005463277282,32.768508907611825,32.455664380047054,32.72840118408203,2391200,0.0,0
2013-05-03,32.92893312534788,33.07332333538044,32.86476139867911,32.985084533691406,2966600,0.0,0
2013-05-06,32.92093657090102,33.07334720927599,32.888849154393306,32.96104431152344,1167500,0.0,0
2013-05-07,33.0653266375885,33.273888723278155,33.00917518913265,33.22575759887695,1519500,0.0,0
2013-05-08,33.201684864456716,33.313987731933594,33.00114315538411,33.313987731933594,1460100,0.0,0
2013-05-09,33.26585219197167,33.33002393321745,32.93696398552684,33.12948226928711,1670000,0.0,0
2013-05-10,33.105431688117534,33.2177345759047,32.936977356436785,33.05730056762695,1097100,0.0,0
2013-05-13,33.01719302642857,33.033236733353945,32.83269498682315,32.91291046142578,1033300,0.0,0
2013-05-14,32.961025001029185,33.289913177490234,32.92091728390422,33.289913177490234,1416500,0.0,0
2013-05-15,33.20970594844565,33.73111251994086,33.0572923016818,33.67496109008789,1735500,0.0,0
2013-05-16,33.554640640163576,33.787266699907576,33.530573553965205,33.682987213134766,1147400,0.0,0
2013-05-17,33.7230805333018,34.01988128271798,33.699013457387466,34.00383758544922,1892900,0.0,0
2013-05-20,34.00384598544676,34.23647506327681,33.95571794177373,34.16427993774414,1844400,0.0,0
2013-05-21,34.18834290247376,34.445035994203344,34.1642788813813,34.292625427246094,1659200,0.0,0
2013-05-22,34.2525170592811,34.49316644573512,33.8113260074449,33.94769287109375,1955900,0.0,0
2013-05-23,33.52254461447213,34.09208219437263,33.52254461447213,33.93164825439453,1519500,0.0,0
2013-05-24,33.763205213320454,34.043962406555416,33.731117802658204,33.99583435058594,1216400,0.0,0
2013-05-28,34.19637315525738,34.33274004888415,33.85144117017086,34.05198287963867,2102100,0.0,0
2013-05-29,33.93165513770892,33.94769884096362,33.40222517039802,33.61079025268555,2034800,0.0,0
2013-05-30,33.65089872655785,33.96374329689867,33.62683164113069,33.81133270263672,1238800,0.0,0
2013-05-31,33.707040849937975,34.01186501429882,33.63484573364258,33.63484573364258,2529700,0.0,0
2013-06-03,33.690997415043014,33.690997415043014,33.20969867598007,33.386173248291016,2471500,0.0,0
2013-06-04,33.31397890801392,33.63484678155083,33.31397890801392,33.506500244140625,2935700,0.0,0
2013-06-05,33.559098908736175,33.559098908736175,32.960261465058935,33.16257095336914,2344800,0.365,0
2013-06-06,33.097842176303196,33.25159631630119,32.40189686063052,32.84697723388672,2935600,0.0,0
2013-06-07,32.126756528059474,32.79033159210061,31.41462606164995,32.74987030029297,5462600,0.0,0
2013-06-10,32.863162523300964,32.976455372993925,32.66894400454259,32.73368453979492,2574000,0.0,0
2013-06-11,32.57183451414295,32.855066622944804,32.46663269358863,32.579925537109375,1639800,0.0,0
2013-06-12,32.75796738995072,32.75796738995072,32.45045595867026,32.482826232910156,1642400,0.0,0
2013-06-13,32.11056947658158,32.36952543308639,32.03773792087719,32.240047454833984,3272700,0.0,0
2013-06-14,32.16721542195185,32.32096955415872,32.07819873441161,32.11056900024414,2317600,0.0,0
2013-06-17,32.30478621124477,32.87125354670819,32.15912618092427,32.73368453979492,2408100,0.0,0
2013-06-18,32.80652637051042,33.12212886118732,32.69323348534431,33.05738830566406,1237100,0.0,0
2013-06-19,33.04927875156391,33.057369772968514,32.49899668611493,32.50708770751953,1646500,0.0,0
2013-06-20,32.32906574211447,32.32906574211447,31.94063178815223,31.997278213500977,2009000,0.0,0
2013-06-21,32.23194943497198,32.39379455740591,31.924438145751402,32.2562255859375,2891400,0.0,0
2013-06-24,31.924448451220456,32.02155617342754,31.58456679299742,31.592660903930664,2439500,0.0,0
2013-06-25,31.819250371331183,31.99728378887652,31.406540188020582,31.649311065673828,2852400,0.0,0
2013-06-26,31.89208088236597,32.4423631664732,31.851619585269663,32.418087005615234,2528600,0.0,0
2013-06-27,32.5556481755448,32.6932202568669,32.39379993922401,32.53946304321289,1540400,0.0,0
2013-06-28,32.482820374790684,32.78223764001308,32.14294181756505,32.63657760620117,2424200,0.0,0
2013-07-01,32.69322174511736,33.17067236614898,32.6446663459113,32.91980743408203,1503000,0.0,0
2013-07-02,32.82270002464067,33.16257856121459,32.57183509026574,32.69322204589844,1258600,0.0,0
2013-07-03,32.571840371155425,32.61230166726016,32.31288437168628,32.515193939208984,748200,0.0,0
2013-07-05,32.60420309657451,33.00072802842361,32.43426384006776,32.9764518737793,1213600,0.0,0
2013-07-08,33.00882412246058,33.21922467835656,32.70940379118757,32.91980743408203,2309800,0.0,0
2013-07-09,33.00073013715665,33.48627487005702,32.97645398096111,33.372982025146484,1785600,0.0,0
2013-07-10,33.356789770270915,33.77759388080926,33.356789770270915,33.5024528503418,2134400,0.0,0
2013-07-11,33.85043314683651,33.988002149969944,33.712861056704526,33.97181701660156,1147200,0.0,0
2013-07-12,33.9880084124639,34.141762577295836,33.85043938398255,34.044654846191406,1192500,0.0,0
2013-07-15,34.01228457349023,34.16604182532128,33.96373225143757,34.044654846191406,1107800,0.0,0
2013-07-16,34.028464223048246,34.14985118260553,33.75332312345053,33.87471008300781,1073600,0.0,0
2013-07-17,33.98800356074837,34.085111277990876,33.769508881703715,33.89089584350586,851300,0.0,0
2013-07-18,34.068930092897126,34.38453561276495,34.0446539325223,34.24696350097656,1512600,0.0,0
2013-07-19,34.32787264744797,34.33596675573516,34.04464059735265,34.30359649658203,1196700,0.0,0
2013-07-22,34.33597381424209,34.48163692337757,34.19840172805927,34.279327392578125,925100,0.0,0
2013-07-23,34.27932922228511,34.335975646972656,34.0770196806871,34.335975646972656,1182600,0.0,0
2013-07-24,34.35216539266131,34.65967680153457,34.17413198431379,34.23887252807617,1449500,0.0,0
2013-07-25,34.093206115437,34.319791822833615,33.996095309125245,34.271236419677734,1079700,0.0,0
2013-07-26,34.05274451585443,34.14985223429164,33.78569443140371,34.028465270996094,1504100,0.0,0
2013-07-29,34.02037251937453,34.06892483262766,33.8018778487398,33.866615295410156,1237500,0.0,0
2013-07-30,33.866612301633424,34.17412363537991,33.6562117598058,33.76141357421875,1606600,0.0,0
2013-07-31,33.89089563643622,34.2388682986777,33.81806407719966,34.01227951049805,1979800,0.0,0
2013-08-01,34.18222456810239,34.53019417077704,34.13366916245065,34.42499542236328,1490600,0.0,0
2013-08-02,34.424992759565605,34.570655878254776,34.18222192408321,34.47354507446289,1409700,0.0,0
2013-08-05,34.3521617673783,34.60302363048578,34.31979149891323,34.58684158325195,1445000,0.0,0
2013-08-06,34.522101730012054,34.611118426554555,34.41689989891649,34.505916595458984,1323400,0.0,0
2013-08-07,34.45736094648237,34.65967047833255,34.14175548371736,34.63539123535156,1697500,0.0,0
2013-08-08,34.675856693622436,34.983368083368354,34.60302512991942,34.87007522583008,1234100,0.0,0
2013-08-09,34.89434303288884,34.975268688188926,34.635387109924764,34.959083557128906,1280800,0.0,0
2013-08-12,34.94290474892141,35.185675584754385,34.81342676401058,34.934810638427734,1914900,0.0,0
2013-08-13,34.97526525252702,35.27468243022998,34.870063454470056,35.20185089111328,1601100,0.0,0
2013-08-14,35.21804463915341,35.21804463915341,34.8215165875912,34.89434814453125,1701000,0.0,0
2013-08-15,34.35216003693129,34.35216003693129,33.704770135234995,33.866615295410156,2937800,0.0,0
2013-08-16,33.769502485260965,34.044643537831185,33.753317354286466,33.93135070800781,1497000,0.0,0
2013-08-19,33.907076625303006,33.97181406615556,33.737134283193726,33.76950454711914,1265600,0.0,0
2013-08-20,33.76951110829424,34.295517194787465,33.61575695527261,34.085113525390625,1663800,0.0,0
2013-08-21,34.01227554687429,34.02036965640102,33.583380351906264,33.64812088012695,1415700,0.0,0
2013-08-22,33.69667347977279,34.12556867843806,33.65621219278521,33.898983001708984,1205300,0.0,0
2013-08-23,34.00419093685269,34.20650049519641,33.97182066663796,34.085113525390625,1164500,0.0,0
2013-08-26,34.101294996550074,34.166035530023606,33.90707957012658,33.97181701660156,961300,0.0,0
2013-08-27,33.66429871957642,33.826146932910504,33.30014409832213,33.31632614135742,2100600,0.0,0
2013-08-28,33.25968933105469,33.35680013928756,33.114026205704185,33.25968933105469,1206700,0.0,0
2013-08-29,33.178769474813485,33.37298802026271,33.04120044899454,33.11402893066406,1172400,0.0,0
2013-08-30,33.10592109434055,33.11401211475093,32.62037960778309,32.72557830810547,2003100,0.0,0
2013-09-03,33.073558884628675,33.138299411651325,32.28860005996759,32.490909576416016,2047100,0.0,0
2013-09-04,32.486823782166454,32.903323280323065,32.3398243257958,32.69915771484375,2334400,0.365,0
2013-09-05,32.66650316595954,32.78900379896009,32.52767202285805,32.544002532958984,2314000,0.0,0
2013-09-06,32.69099149525336,32.7481576081175,32.339826450333895,32.601158142089844,1639900,0.0,0
2013-09-09,32.6991661573563,32.96049789941684,32.682832534062506,32.94416427612305,1082400,0.0,0
2013-09-10,33.07482228619208,33.30348672731788,32.99315730445268,33.238155364990234,1174400,0.0,0
2013-09-11,33.254488003107035,33.47498718568001,33.13198741879341,33.40965270996094,1225700,0.0,0
2013-09-12,33.46682845900139,33.63016158002951,33.35249620887777,33.37699508666992,1282800,0.0,0
2013-09-13,33.491316771844346,33.5484859941921,33.295319580694716,33.39331817626953,1184200,0.0,0
2013-09-16,33.646485195378254,33.981316591994826,33.597484339049274,33.809818267822266,1196500,0.0,0
2013-09-17,33.809818549072745,33.866984657605805,33.401487422225586,33.6383171081543,1447000,0.0,0
2013-09-18,33.621994059286266,34.49582581154714,33.56482793278138,34.4794921875,2229800,0.0,0
2013-09-19,34.503979644299115,34.691811585684206,34.414146299436844,34.52031326293945,1259400,0.0,0
2013-09-20,34.56931421270555,34.60197833475569,34.299814177387134,34.373313903808594,2216500,0.0,0
2013-09-23,34.299815344946175,34.4631484220336,34.07115090621539,34.17731475830078,1332300,0.0,0
2013-09-24,34.09564697185405,34.3488133762737,34.01398199768981,34.04664611816406,1450100,0.0,0
2013-09-25,33.93231975305399,34.0466519827053,33.75265615588177,33.78532028198242,1410500,0.0,0
2013-09-26,33.89148142112438,34.08748172056526,33.85064893404227,34.04664611816406,1463100,0.0,0
2013-09-27,33.883326745344284,33.94049286816549,33.5893277620809,33.801658630371094,1193700,0.0,0
2013-09-30,33.51582416124049,33.744488626224104,33.46682329789271,33.67915725708008,1309900,0.0,0
2013-10-01,33.679152339167096,33.989481749095596,33.57298537507618,33.956817626953125,939700,0.0,0
2013-10-02,33.80981836277192,33.80981836277192,33.401487238174774,33.662818908691406,1280200,0.0,0
2013-10-03,33.54848806253795,33.58115218619725,32.89515574424185,33.172821044921875,1419500,0.0,0
2013-10-04,33.18099690939877,33.40149614934645,33.074829916389874,33.319828033447266,1050300,0.0,0
2013-10-07,33.06666358910579,33.483160063051734,32.98499547585757,33.36882781982422,1407500,0.0,0
2013-10-08,33.287161780622895,33.3933287768006,33.042163656252946,33.06666564941406,1228400,0.0,0
2013-10-09,33.164658593946605,33.18915746759012,32.91149214345829,32.993160247802734,1277500,0.0,0
2013-10-10,33.35249215635499,33.670989990234375,33.205492676823006,33.670989990234375,1322900,0.0,0
2013-10-11,33.60565913926542,34.177320329274345,33.55665827355615,34.08749008178711,1452700,0.0,0
2013-10-14,33.89148882728968,34.160988908498716,33.75265771780848,34.0711555480957,798700,0.0,0
2013-10-15,33.915996525707996,34.16099779611959,33.809832631538235,33.83433151245117,974500,0.0,0
2013-10-16,34.071154570273194,34.29165378075609,33.9323203494567,34.283485412597656,1068300,0.0,0
2013-10-17,34.11198295108256,34.69998077478904,33.98131711418326,34.68364715576172,1768900,0.0,0
2013-10-18,34.748981423416446,34.781648664203814,34.5774830822621,34.66731643676758,1284200,0.0,0
2013-10-21,34.65914519912794,34.740813294334224,34.37331465420417,34.72447967529297,1376600,0.0,0
2013-10-22,34.80614364469729,35.16547702253429,34.77347952288236,35.12464141845703,1447300,0.0,0
2013-10-23,35.03482518639337,35.418654472449234,34.90415930097256,35.361488342285156,1904100,0.0,0
2013-10-24,35.500315831525484,35.500315831525484,35.09198462799865,35.33698272705078,1644800,0.0,0
2013-10-25,35.27164889710824,35.671814854770176,35.13281778067282,35.647315979003906,1552600,0.0,0
2013-10-28,35.630972900175735,35.826970084927616,35.4186389821556,35.61463928222656,2419800,0.0,0
2013-10-29,35.581987593488535,36.42314903583308,35.287988572581966,35.320655822753906,4017100,0.0,0
2013-10-30,35.32065143800813,35.68815016851962,34.6999893383932,34.740821838378906,3818800,0.0,0
2013-10-31,34.70815025736502,35.647313216339235,34.70815025736502,35.55747985839844,2620900,0.0,0
2013-11-01,35.541146311028484,35.79431276435719,35.47581182681991,35.67997741699219,1830800,0.0,0
2013-11-04,35.72897734015548,35.802477075296586,35.573812617221854,35.62281036376953,1967600,0.0,0
2013-11-05,35.56564408738704,35.761644418644494,35.410479365159595,35.68814468383789,1680900,0.0,0
2013-11-06,35.761643556946,35.8596421625536,35.58197685056581,35.753475189208984,2714500,0.0,0
2013-11-07,35.786137653044534,35.96580433544412,35.41047378559003,35.42680740356445,1908400,0.0,0
2013-11-08,35.483967673270435,36.06379699707031,35.44313519270906,36.06379699707031,1461400,0.0,0
2013-11-11,36.00663287776681,36.22713202328462,35.908634295976256,36.031131744384766,1123100,0.0,0
2013-11-12,35.89232361249049,35.965823374624335,35.467658666308395,35.76165771484375,1838500,0.0,0
2013-11-13,35.72898169169821,36.08014678955078,35.40231547010326,36.08014678955078,3453100,0.0,0
2013-11-14,36.05564092970973,36.70897013103693,36.047472562326,36.578304290771484,2175800,0.0,0
2013-11-15,36.56197249558127,37.011136149197256,36.56197249558127,36.921302795410156,2052400,0.0,0
2013-11-18,36.97847064646813,37.337804078503346,36.88863728845932,37.14180374145508,1923900,0.0,0
2013-11-19,37.01114745384957,37.19081421630103,36.87231631218833,37.02748107910156,2928500,0.0,0
2013-11-20,37.125476819912215,37.345976070636894,36.97031206510013,37.08464431762695,1530100,0.0,0
2013-11-21,37.07647699571856,37.46847460337362,36.9131438803656,37.38680648803711,6290900,0.0,0
2013-11-22,37.215306055252796,37.67263812981838,37.13364105976461,37.648136138916016,7267600,0.0,0
2013-11-25,37.74613331970967,37.87679916592444,37.182634326711394,37.296966552734375,8638400,0.0,0
2013-11-26,37.288798215743654,37.403130432309,37.256130978062345,37.337799072265625,2082800,0.0,0
2013-11-27,37.362305746318285,37.40313824428853,37.04380790070249,37.2724723815918,1713800,0.0,0
2013-11-29,37.23163789572728,37.4194698686175,37.109137293037264,37.305137634277344,1131100,0.0,0
2013-12-02,37.26808290466215,37.34217464564208,36.955250760478904,37.00464630126953,3319300,0.365,0
2013-12-03,36.74123001098633,36.97173638129183,36.65067303967666,36.74123001098633,2221400,0.0,0
2013-12-04,36.63419057579755,36.872930998417424,36.47777606119088,36.68358612060547,2322900,0.0,0
2013-12-05,36.60949403304359,36.72474716277767,36.44484535896109,36.502471923828125,2068500,0.0,0
2013-12-06,36.8976305538204,37.08697544883975,36.83177296183707,36.90586471557617,1687300,0.0,0
2013-12-09,36.92232835758936,36.98818909283808,36.72475243266861,36.75768280029297,1716100,0.0,0
2013-12-10,36.78236846842494,36.856460204147666,36.601254638788994,36.67534637451172,2321200,0.0,0
2013-12-11,36.63420473365941,36.74945790900701,35.99207810505792,36.02500534057617,2506000,0.0,0
2013-12-12,35.97559755504391,36.32959109411655,35.852110268237304,36.06615447998047,2350600,0.0,0
2013-12-13,36.099089172014104,36.197880278068716,35.85211768770319,35.90974426269531,1997700,0.0,0
2013-12-16,35.95913615992173,36.15671207111869,35.893275429247744,36.00029754638672,3054000,0.0,0
2013-12-17,35.942667622319966,35.99206316571481,35.68746202539823,35.778018951416016,2733300,0.0,0
2013-12-18,35.87680805178427,36.2472636152916,35.35816586629719,36.21433639526367,3454600,0.0,0
2013-12-19,36.148488043519976,36.29667157579253,35.96737413953951,36.132022857666016,2048400,0.0,0
2013-12-20,36.09085195518816,36.59302899999077,36.09085195518816,36.52716827392578,3735600,0.0,0
2013-12-23,36.60126825870364,36.872939104250605,36.593037236299025,36.823543548583984,2721900,0.0,0
2013-12-24,36.864696820418786,37.11990242452368,36.864696820418786,36.979949951171875,766300,0.0,0
2013-12-26,37.12813824268479,37.14460342640742,36.88116676767077,37.02935028076172,987000,0.0,0
2013-12-27,36.97172546386719,37.06228240843619,36.88116851929819,36.97172546386719,702900,0.0,0
2013-12-30,36.889402538433664,36.98819050466474,36.78238040977585,36.94702911376953,1019500,0.0,0
2013-12-31,36.971723549677336,37.045815305905656,36.84000522087285,36.93879318237305,1027000,0.0,0
2014-01-02,36.87294579487338,36.88117681877152,36.30490779308172,36.38723373413086,1503800,0.0,0
2014-01-03,36.42838190533387,36.601261608134784,36.2225718380721,36.37898635864258,1463400,0.0,0
2014-01-06,36.53541674627768,36.543647770053866,35.98384394086824,36.02500534057617,1907200,0.0,0
2014-01-07,36.25550271002936,36.37075584684326,36.09085402583275,36.28843307495117,2136700,0.0,0
2014-01-08,36.29665915595152,36.337820536295446,36.04145357315996,36.21433639526367,1761800,0.0,0
2014-01-09,36.304895574722664,36.362522143856154,35.893275429247744,36.00029754638672,1637100,0.0,0
2014-01-10,36.27197093137257,36.33782852632133,35.753328631845505,35.901512145996094,2015400,0.0,0
2014-01-13,35.67924362050699,35.78626576549728,35.34171513899604,35.42403793334961,2471900,0.0,0
2014-01-14,35.473429167620914,35.7533310308629,35.440498797730584,35.64630889892578,1794200,0.0,0
2014-01-15,35.761565737634136,35.79449611091728,35.531059405478636,35.555755615234375,1831900,0.0,0
2014-01-16,35.489882910819716,35.55574048895534,35.19351595817967,35.28407287597656,2193200,0.0,0
2014-01-17,35.36640103743945,35.6710021966444,35.267613084936094,35.49811935424805,2450800,0.0,0
2014-01-21,35.73686123818534,35.769791603829795,35.19352276670188,35.32524108886719,1949300,0.0,0
2014-01-22,35.43226001105457,35.44049103151699,35.13589302781147,35.193519592285156,1743800,0.0,0
2014-01-23,34.97948233593006,34.99594437865278,34.502001446244286,34.831298828125,3057400,0.0,0
2014-01-24,34.617260208534375,34.674886788658355,34.25503554198174,34.27973175048828,3029400,0.0,0
2014-01-27,34.255040987478196,34.44438594375889,34.05746186677762,34.19741439819336,2464800,0.0,0
2014-01-28,34.27149947637413,34.39498365481092,33.94220205305008,34.115081787109375,2139800,0.0,0
2014-01-29,33.8763504069471,34.131552971486876,33.63760989009532,33.810489654541016,3043600,0.0,0
2014-01-30,34.057454712187,34.5102363073417,34.00806229769812,34.40321731567383,1863800,0.0,0
2014-01-31,34.03275675486299,34.44437693663907,33.884573238190576,34.394981384277344,2745500,0.0,0
2014-02-03,34.34558743369061,34.46084057695868,33.66229645515474,33.75285339355469,3098500,0.0,0
2014-02-04,33.876346872349274,34.05745764174219,33.81872029021336,33.991600036621094,1764600,0.0,0
2014-02-05,33.85988399882994,34.296200476351885,33.851649834869114,34.16448211669922,2167300,0.0,0
2014-02-06,34.16447742455432,34.7819077394559,34.073920475902675,34.633724212646484,2090600,0.0,0
2014-02-07,34.83129236193597,35.3993269427953,34.83129236193597,35.267608642578125,2407800,0.0,0
2014-02-10,35.26761499864183,35.275846019958585,34.880691048090725,35.10296630859375,2498300,0.0,0
2014-02-11,35.02063452405315,35.456950771079256,34.987704166432984,35.27583694458008,1643900,0.0,0
2014-02-12,35.284079556015435,35.4487282431439,35.234684007753145,35.30054473876953,1208800,0.0,0
2014-02-13,35.16883190283421,35.70393629395243,35.086505976222405,35.6710090637207,1134800,0.0,0
2014-02-14,35.58044919824874,36.04146178783525,35.40756633674107,35.950904846191406,1715900,0.0,0
2014-02-18,35.14414140471413,35.769806042867984,34.08216337750287,34.34560012817383,6161100,0.0,0
2014-02-19,33.89279842955173,34.31265270136801,33.48117831858562,33.909263610839844,4958800,0.0,0
2014-02-20,33.85987646879939,34.09038276182637,33.62113601364276,33.73638916015625,3454600,0.0,0
2014-02-21,33.81872449868688,33.991604266608135,33.612914353900564,33.744632720947266,2672200,0.0,0
2014-02-24,33.78578853743349,34.00806383391289,33.6705353778693,33.80225372314453,3222400,0.0,0
2014-02-25,33.75285786443018,33.88457620852851,33.42356043397784,33.55527877807617,2978300,0.0,0
2014-02-26,33.53881022127114,33.83517408264272,33.46471847082514,33.629364013671875,2813700,0.0,0
2014-02-27,33.61291080051939,33.82695194668787,33.300078534199365,33.407100677490234,2166400,0.0,0
2014-02-28,33.38240298233065,34.18094730420748,33.38240298233065,34.16448211669922,3542400,0.0,0
2014-03-03,33.654069815924395,34.09861726350033,33.654069815924395,33.98336410522461,2574300,0.0,0
2014-03-04,34.246794227462026,34.4196770721457,33.81047788608818,34.05744934082031,3013800,0.0,0
2014-03-05,34.0821447173871,34.17269849926547,33.90926189282715,34.03274917602539,2074200,0.0,0
2014-03-06,34.02028371677017,34.261209559030284,33.987051910425436,34.22797775268555,2087700,0.375,0
2014-03-07,34.30275152692566,34.527061490826405,34.20305609686322,34.37752151489258,1714500,0.0,0
2014-03-10,34.311073345097334,34.38584336673313,34.178149214318296,34.35261154174805,1138800,0.0,0
2014-03-11,34.352613501242516,34.452308981884435,34.11999705140092,34.2778434753418,1331700,0.0,0
2014-03-12,34.06182863936356,34.13659863387491,33.671362760342056,33.72121047973633,2662100,0.0,0
2014-03-13,33.84582054379512,33.9039746186977,33.52181519470436,33.57166290283203,1989900,0.0,0
2014-03-14,33.613214227076355,33.99537063143901,33.55506012941946,33.903987884521484,2216300,0.0,0
2014-03-17,33.99536392093597,34.144903905152646,33.97044164661987,34.11167526245117,1649200,0.0,0
2014-03-18,34.13660226308916,34.37752817870187,34.13660226308916,34.319374084472656,1355300,0.0,0
2014-03-19,34.26951882754104,34.48551924875101,34.028592964882414,34.21136474609375,1711100,0.0,0
2014-03-20,34.128300842391035,34.31937906101759,34.05353082908839,34.119991302490234,1138500,0.0,0
2014-03-21,34.419076323167765,34.48553680616139,33.82091613041828,33.83753204345703,3765400,0.0,0
2014-03-24,33.987062654150826,34.18645038608865,33.57998082064298,33.65475082397461,2856300,0.0,0
2014-03-25,33.77937312252145,33.970451341517176,33.67968082764561,33.73783493041992,2033300,0.0,0
2014-03-26,33.912306886079605,34.02861512471547,33.646458578008534,33.6630744934082,1767900,0.0,0
2014-03-27,33.7045944344315,34.14490486187338,33.571670352421116,33.97875213623047,1734300,0.0,0
2014-03-28,34.169835049549,34.45229915917812,34.06183322756008,34.18645095825195,1630600,0.0,0
2014-03-31,34.36922707756685,34.97569361567215,34.34430479368181,34.95077133178711,3596300,0.0,0
2014-04-01,34.99230761674409,35.06707763347658,34.68492117869322,34.8344612121582,1965300,0.0,0
2014-04-02,34.751367782809616,34.934136380292635,34.59351828646945,34.65167236328125,1959100,0.0,0
2014-04-03,34.693218074201525,34.77629760852482,34.51875580586288,34.759681701660156,1597400,0.0,0
2014-04-04,34.84275984439029,35.15014938332824,34.74306756727654,34.75137710571289,1837200,0.0,0
2014-04-07,34.74306691723633,35.01722463562011,34.502141013655475,34.56029510498047,2118600,0.0,0
2014-04-08,34.55199422433985,34.942460187397955,34.502146494217286,34.89261245727539,1871600,0.0,0
2014-04-09,34.950759775566866,35.01722340283287,34.70152751163969,34.86768341064453,1650500,0.0,0
2014-04-10,34.86767962064015,35.06706414244537,34.360905609882174,34.37752151489258,1691500,0.0,0
2014-04-11,34.30275342691469,34.46059977951673,34.09505935652043,34.11167526245117,1450100,0.0,0
2014-04-14,34.36091414729848,34.46891597212066,34.15322003680384,34.39414596557617,1138300,0.0,0
2014-04-15,34.37753005643732,34.477222342109776,34.136604127664995,34.39414596557617,1508000,0.0,0
2014-04-16,34.62676326121174,35.191691510071415,34.560299622917334,35.025535583496094,2188400,0.0,0
2014-04-17,34.876003305335445,34.98400515694867,34.76800145372221,34.91754150390625,1546500,0.0,0
2014-04-21,34.784601076411455,34.95906649936022,34.59352291714369,34.77629470825195,1393000,0.0,0
2014-04-22,34.89261826970929,35.067080600459114,34.82615461847431,34.8593864440918,1425600,0.0,0
2014-04-23,34.7763098280361,35.07538991836873,34.6683079800468,34.88431167602539,2135900,0.0,0
2014-04-24,34.85937759868808,35.9227735644867,34.759685316293385,35.59046173095703,3982500,0.0,0
2014-04-25,35.62369439700869,35.97261897828479,35.532308482152395,35.75661849975586,1983600,0.0,0
2014-04-28,35.997536676534864,36.479385256822255,35.947688960301036,36.39630889892578,2625400,0.0,0
2014-04-29,36.53754710208306,36.753550749150854,36.271698897353915,36.479393005371094,2051000,0.0,0
2014-04-30,36.52925186338456,36.96956249242102,36.454481834948034,36.92802429199219,2414000,0.0,0
2014-05-01,36.87816028573049,36.969546187867245,36.678775743941344,36.82831573486328,1715700,0.0,0
2014-05-02,36.7867870383816,36.87817297195544,36.595708799618656,36.67047882080078,1433200,0.0,0
2014-05-05,36.554163857460566,36.687087962903085,36.35477611471645,36.64554977416992,1418600,0.0,0
2014-05-06,36.554160208881164,36.562466578134455,36.19692611694336,36.19692611694336,2364200,0.0,0
2014-05-07,36.34646895351814,36.56246943172553,36.180313033041365,36.520931243896484,1811500,0.0,0
2014-05-08,36.55416584506841,36.84493635117167,36.45447355285598,36.61231994628906,1349400,0.0,0
2014-05-09,36.55416123384964,36.59569941960147,36.29661941153158,36.48769760131836,1165800,0.0,0
2014-05-12,36.63724025248039,36.69539435056681,36.35477613213462,36.454471588134766,1563700,0.0,0
2014-05-13,36.62893386484452,36.75355160020467,36.42954612210041,36.64554977416992,1662000,0.0,0
2014-05-14,36.63723566578378,36.753547016556006,36.504311576918624,36.56246566772461,1115300,0.0,0
2014-05-15,36.4627636806787,36.6289195397908,36.296607821566596,36.512611389160156,2292500,0.0,0
2014-05-16,36.48768892952726,36.51261437038284,36.155380353329775,36.387996673583984,1590600,0.0,0
2014-05-19,36.329855885834284,36.47939590904252,36.16369995236282,36.4627799987793,1974000,0.0,0
2014-05-20,36.46276577322318,36.52922938834604,35.92276316156816,36.07229995727539,1454100,0.0,0
2014-05-21,36.172007485302224,36.26339340209961,35.95600383302464,36.26339340209961,1036000,0.0,0
2014-05-22,36.22185415793981,36.238470068250855,35.98093138133175,36.122161865234375,1661800,0.0,0
2014-05-23,36.19693291625898,36.25508701943681,35.93939105278506,36.03077697753906,1719800,0.0,0
2014-05-27,36.063997279099866,36.3298454284668,35.9310732044164,36.3298454284668,1891800,0.0,0
2014-05-28,36.471089388291865,36.952938107297804,36.39631937699567,36.76185989379883,2305900,0.0,0
2014-05-29,36.80338943323304,36.87815942695285,36.63723353950457,36.85323715209961,1475300,0.0,0
2014-05-30,36.84492950514336,37.152319033521344,36.803391321869654,37.11908721923828,2031000,0.0,0
2014-06-02,37.12739729013029,37.252015021537055,37.011089097702936,37.22709274291992,1497200,0.0,0
2014-06-03,37.08586415597529,37.144018260112944,36.836631828362314,37.11078643798828,1778800,0.0,0
2014-06-04,37.03119659423828,37.23226917166001,36.939036997923736,37.03119659423828,2571700,0.375,0
2014-06-05,37.10658740055653,37.10658740055653,36.85524516348322,36.972537994384766,1608000,0.0,0
2014-06-06,37.03955395452111,37.11495693069681,36.95577429032114,37.081443786621094,1819300,0.0,0
2014-06-09,36.94740455606062,37.349556003464855,36.94740455606062,37.30766296386719,2508900,0.0,0
2014-06-10,37.257397815887956,37.59251977320423,37.257397815887956,37.32442092895508,1258100,0.0,0
2014-06-11,37.207124698762115,37.21550138863697,36.93064918903139,36.93902587890625,1444900,0.0,0
2014-06-12,36.90551854727792,36.98930143918888,36.64579957233031,36.77146911621094,1930800,0.0,0
2014-06-13,36.79660969001204,37.09822176878119,36.72120986631093,36.8636360168457,1212600,0.0,0
2014-06-16,36.83849092122717,37.07307659788678,36.77984450206227,36.855247497558594,1066700,0.0,0
2014-06-17,36.76307850586975,37.215493166934635,36.69605221771832,37.081443786621094,1239500,0.0,0
2014-06-18,37.08145419271096,37.22388349700773,36.88038166380875,37.114967346191406,1438100,0.0,0
2014-06-19,37.12335939534557,37.265785550315435,37.03957648419452,37.17362594604492,1453600,0.0,0
2014-06-20,37.257391944216124,37.44170787309573,37.20712222034542,37.391441345214844,2224200,0.0,0
2014-06-23,37.44171474051516,37.575764166100726,37.03118977290516,37.190372467041016,1240900,0.0,0
2014-06-24,37.12335939534557,37.28254213254564,37.06471295553547,37.17362594604492,1023700,0.0,0
2014-06-25,37.11497019458355,37.28253277885515,37.01443392241678,37.249019622802734,990100,0.0,0
2014-06-26,37.22388496700904,37.34117781283236,37.12334869858768,37.232261657714844,961000,0.0,0
2014-06-27,37.131721434422246,37.60927265354805,37.131721434422246,37.5673828125,2025300,0.0,0
2014-06-30,37.550634178884614,37.559014066460584,37.29929188344712,37.4752311706543,1283100,0.0,0
2014-07-01,37.49198705130296,37.67630622265206,37.332804346222765,37.55901336669922,1021300,0.0,0
2014-07-02,37.55900099656898,37.617647405230095,37.17360620195224,37.257389068603516,926100,0.0,0
2014-07-03,37.2992943018965,37.45847702026367,37.24064786902486,37.45847702026367,662500,0.0,0
2014-07-07,37.332804247261684,37.450097102903605,37.148485076401165,37.31604766845703,1125200,0.0,0
2014-07-08,37.249021079546075,37.45009682773381,37.19037465215603,37.36631393432617,1391300,0.0,0
2014-07-09,37.36631372159816,37.44171672724047,36.9222755750327,37.06470489501953,1809000,0.0,0
2014-07-10,36.86363260372859,37.114974914101296,36.721206466380714,37.01443862915039,1064200,0.0,0
2014-07-11,37.00606156156743,37.15686759848321,36.88039199479836,37.14849090576172,1252300,0.0,0
2014-07-14,37.27415253817831,37.27415253817831,37.08145350722311,37.19874954223633,1447100,0.0,0
2014-07-15,37.16524307631958,37.38307221712806,37.01443705730188,37.29091262817383,1579200,0.0,0
2014-07-16,37.32443546483826,37.44172835537781,37.190385990508545,37.40821838378906,930300,0.0,0
2014-07-17,37.240647991684,37.34956416565759,36.922279357910156,36.922279357910156,1083200,0.0,0
2014-07-18,37.05632238897987,37.282531389920706,36.863626542842944,37.232261657714844,834300,0.0,0
2014-07-21,37.173614198048085,37.34955665786646,36.9055153590747,37.26577377319336,1232700,0.0,0
2014-07-22,37.32442578706459,37.41658537601882,37.15686318860152,37.29091262817383,1151600,0.0,0
2014-07-23,37.290901377907765,37.34117110107807,37.09820556640625,37.09820556640625,794500,0.0,0
2014-07-24,37.1401086296963,37.16524190007355,36.96416614908358,37.12335205078125,1221700,0.0,0
2014-07-25,37.073083330810384,37.34956209650554,36.90552073305491,36.947410583496094,1170700,0.0,0
2014-07-28,36.863628699317715,37.006054821580534,36.436347136538735,36.77146911621094,1506300,0.0,0
2014-07-29,36.972538498596336,38.26276285209868,36.972538498596336,38.19573974609375,7869600,0.0,0
2014-07-30,38.2795262714862,38.2795262714862,37.793598279105275,38.036563873291016,2174800,0.0,0
2014-07-31,37.894135078940735,37.994671355310224,37.60927963256836,37.60927963256836,2170800,0.0,0
2014-08-01,37.46686028478241,37.567396579337974,37.10660176696788,37.20713806152344,1800800,0.0,0
2014-08-04,37.19875139345785,37.43333708317827,37.05632208470593,37.32442092895508,1872000,0.0,0
2014-08-05,37.30766500662385,37.55063058723685,37.14010562301938,37.28253173828125,2882300,0.0,0
2014-08-06,37.106597559397436,37.290913545850906,36.96416822860207,37.05632781982422,1620500,0.0,0
2014-08-07,37.198752898127054,37.32442243870755,36.83849446234682,36.905517578125,1716800,0.0,0
2014-08-08,36.95578169178006,37.89412754190565,36.88037870050274,37.852237701416016,1666800,0.0,0
2014-08-11,37.84386032467982,38.19574203929954,37.7349473713841,37.93601989746094,1514800,0.0,0
2014-08-12,37.90251554842093,38.145477953712806,37.894135660933586,38.10358810424805,1531200,0.0,0
2014-08-13,38.24601298742971,38.505731941553435,38.18736656578949,38.28790283203125,1359100,0.0,0
2014-08-14,38.271148101036644,38.44708737444388,38.21250167656756,38.41357421875,852200,0.0,0
2014-08-15,38.45546548676151,38.59789159790234,38.128717027810225,38.3884391784668,1591500,0.0,0
2014-08-18,38.53087864424631,38.66492810018752,38.43033915529705,38.61465835571289,1365000,0.0,0
2014-08-19,38.690043086008224,38.89949546165964,38.61464010293413,38.81571578979492,947100,0.0,0
2014-08-20,38.79058303236149,39.12570814377309,38.71518004209337,39.108951568603516,1376600,0.0,0
2014-08-21,39.07544361619293,39.31002930779236,39.025177079987536,39.12571334838867,1324400,0.0,0
2014-08-22,39.125714623501885,39.209494317234835,38.865992459345016,38.899505615234375,1146500,0.0,0
2014-08-25,38.924650667371054,39.117346578081836,38.86600422480653,38.94978713989258,1352100,0.0,0
2014-08-26,38.98328676961277,39.15922924662899,38.94977680845829,39.01679992675781,978000,0.0,0
2014-08-27,39.25138823079609,39.670293134842964,39.217878267425334,39.34354782104492,2361900,0.0,0
2014-08-28,39.20112023892461,39.360302946022564,39.10896065208187,39.226253509521484,1321800,0.0,0
2014-08-29,39.25138162039041,39.427324079412266,39.125712087935085,39.35192108154297,1217600,0.0,0
2014-09-02,39.351924384913445,39.6032666669131,39.25138491532117,39.594886779785156,1517500,0.0,0
2014-09-03,39.69200546090358,39.76801155766955,39.539993267371635,39.62444305419922,1527100,0.375,0
2014-09-04,39.63288792246199,39.869349890630254,39.413313333546284,39.57377243041992,1491200,0.0,0
2014-09-05,39.56532637303673,39.84401646000846,39.531548392249995,39.71733856201172,2222700,0.0,0
2014-09-08,39.73424231414761,39.89470146759152,39.65823619450413,39.8355827331543,1263800,0.0,0
2014-09-09,39.76800566451467,39.87779294836363,39.66666529102846,39.700443267822266,906800,0.0,0
2014-09-10,39.683558213043824,40.046694841088005,39.683558213043824,39.94535446166992,1282800,0.0,0
2014-09-11,39.793349909400504,39.93691842751869,39.71734380487986,39.86091232299805,913200,0.0,0
2014-09-12,39.962255490180965,40.012927303889356,39.27820050210806,39.523109436035156,1991300,0.0,0
2014-09-15,39.599113111448666,39.945362429953306,39.472438417295194,39.79335021972656,1119200,0.0,0
2014-09-16,39.818672185120654,39.979128023672345,39.59065395883018,39.90312194824219,943400,0.0,0
2014-09-17,39.91156828048259,40.15647711993548,39.869343396124,39.99602127075195,1256800,0.0,0
2014-09-18,39.996034466575004,40.11426547040769,39.835575342899304,40.029815673828125,1364400,0.0,0
2014-09-19,40.257834026581584,40.27472463157494,39.93692219636836,39.98759078979492,1801300,0.0,0
2014-09-22,39.89467648560644,39.99601684115396,39.75110802882496,39.784889221191406,1189700,0.0,0
2014-09-23,39.776455247731164,39.93691435287759,39.61599936413761,39.62444305419922,1543000,0.0,0
2014-09-24,39.72578949945087,40.080482495304295,39.632892794378854,40.03825759887695,1159700,0.0,0
2014-09-25,39.920023464284,40.02981076361308,39.590664787849605,39.6075553894043,1349400,0.0,0
2014-09-26,39.59066824119219,39.94536124012071,39.539996432108204,39.84402084350586,1282700,0.0,0
2014-09-29,39.8440222554892,40.14804667766081,39.78490675357286,40.029815673828125,1645700,0.0,0
2014-09-30,40.08047572771376,40.26626910648658,39.94535414902968,40.139591217041016,1517900,0.0,0
2014-10-01,40.232499801296704,40.232499801296704,39.742685141833825,39.81869125366211,1810600,0.0,0
2014-10-02,39.827131426788775,40.09737464018005,39.66667552557309,39.79335021972656,1618900,0.0,0
2014-10-03,40.0213687044635,40.215605813563535,39.91158139182322,40.19871520996094,1597200,0.0,0
2014-10-06,40.23249084969373,40.35916874840661,39.9453570712903,40.122703552246094,1040200,0.0,0
2014-10-07,39.987581185942766,39.99602809718749,39.45554175342323,39.463985443115234,1807100,0.0,0
2014-10-08,39.463995140645125,40.19871874339703,39.3710984234419,40.18183135986328,1596800,0.0,0
2014-10-09,40.18182324485159,40.31694483670745,39.556883869047724,39.62444305419922,1464900,0.0,0
2014-10-10,39.658228102472506,40.00447741651955,39.52310649751642,39.53999710083008,2699600,0.0,0
2014-10-13,39.548448181805554,39.80180081510831,39.37954535241922,39.38798904418945,2167200,0.0,0
2014-10-14,39.51467086505305,39.76802352331899,39.12619657427502,39.26131820678711,3235300,0.0,0
2014-10-15,38.84750326903409,39.26131504742694,38.4252477987185,39.08396530151367,3158300,0.0,0
2014-10-16,38.56036073704201,39.176853198289876,38.52657953385101,39.092403411865234,2880300,0.0,0
2014-10-17,39.30353512439011,39.57377833448685,39.10929801848014,39.45554733276367,2274500,0.0,0
2014-10-20,39.295091156390555,39.438659684635915,39.193750750398976,39.39643478393555,1718200,0.0,0
2014-10-21,39.463989437389486,39.93691664682602,39.40487393890405,39.91157913208008,1783200,0.0,0
2014-10-22,40.02981248171448,40.14804347611902,39.84401907819136,39.85246276855469,1895700,0.0,0
2014-10-23,40.24094559228816,40.59563862322563,40.20716438318362,40.443626403808594,1589000,0.0,0
2014-10-24,40.536512523517736,40.57873741308588,40.31694116483181,40.50273132324219,1090400,0.0,0
2014-10-27,40.519620739131526,40.722304713308496,40.4267240518651,40.63785171508789,1066900,0.0,0
2014-10-28,40.8152057744671,40.89120864868164,40.570296885710825,40.89120864868164,1391100,0.0,0
2014-10-29,40.85743553448326,40.958775933727686,39.252863642272644,40.308502197265625,4958800,0.0,0
2014-10-30,40.30850083965614,41.169902258104386,40.283166546086605,41.000999450683594,2767200,0.0,0
2014-10-31,41.40636653379831,41.53304445172218,41.051673518096734,41.28813552856445,3261900,0.0,0
2014-11-03,41.20368610342152,41.288135901765244,40.74764946063745,41.051673889160156,2212400,0.0,0
2014-11-04,41.06011617934134,41.19523778501274,40.72231377593944,40.82365417480469,3713700,0.0,0
2014-11-05,40.88277070138267,41.31346982352792,40.722314797358614,41.28813552856445,1707000,0.0,0
2014-11-06,41.39793268582147,41.718847791726645,41.31347964660746,41.575279235839844,1643800,0.0,0
2014-11-07,41.64282020556615,41.938397636597045,41.64282020556615,41.761051177978516,1578500,0.0,0
2014-11-10,41.83707048146372,41.980635787165106,41.74417376763181,41.79484558105469,1966400,0.0,0
2014-11-11,41.769496927962244,41.89617481697085,41.600594149801616,41.6850471496582,1315900,0.0,0
2014-11-12,41.65127063822979,41.82017343540311,41.59215514245206,41.701942443847656,1239100,0.0,0
2014-11-13,41.74416469181035,41.82861447426773,41.566818215718214,41.6934928894043,1115400,0.0,0
2014-11-14,41.60060800934902,41.7610671517584,41.389480271697614,41.4570426940918,1230300,0.0,0
2014-11-17,41.40637087729616,41.5161582029099,41.3641459740766,41.4570426940918,1149000,0.0,0
2014-11-18,41.51614115634131,41.60903783821304,41.41480078591411,41.46546936035156,1453000,0.0,0
2014-11-19,41.44014427656337,41.44014427656337,40.84054238783791,41.00944519042969,2776900,0.0,0
2014-11-20,40.82364184952425,40.90809161948975,40.70541088295166,40.8067512512207,2191600,0.0,0
2014-11-21,41.19523950491189,41.19523950491189,40.84899017457595,40.98411178588867,2150900,0.0,0
2014-11-24,40.95876780022303,41.18678606940852,40.891205399774336,41.102333068847656,1410100,0.0,0
2014-11-25,41.12766794230392,41.16989282910022,40.840534201915794,40.96720886230469,2370800,0.0,0
2014-11-26,41.02633371498193,41.22057080058139,41.000996201866975,41.1276741027832,1847800,0.0,0
2014-11-28,41.27968923194973,41.60060101974264,41.102339513739565,41.153011322021484,1271900,0.0,0
2014-12-01,41.15300960848656,41.2036814146586,40.93343822484695,40.9503288269043,1930600,0.0,0
2014-12-02,41.15300339786526,41.482362034395855,41.04321611183757,41.22056579589844,3721600,0.0,0
2014-12-03,41.34397098052366,41.92268143975691,41.27588548738151,41.83757781982422,4255100,0.375,0
2014-12-04,41.75247114687699,42.10140115747862,41.56523930092182,41.91416931152344,3020900,0.0,0
2014-12-05,41.85460123737752,42.143958104374455,41.76098530298217,42.08438491821289,3070600,0.0,0
2014-12-08,42.05885435042665,42.05885435042665,41.709924271411815,41.86311340332031,3165500,0.0,0
2014-12-09,41.6588609737728,41.73545553528128,41.32695228940111,41.65034866333008,1676600,0.0,0
2014-12-10,41.70992805414037,41.78652262704109,41.28440337057989,41.4035530090332,1990500,0.0,0
2014-12-11,41.45460429277939,42.058848424338656,41.44609522953691,41.760982513427734,1687300,0.0,0
2014-12-12,41.66736839166914,41.76098432386961,41.17376153983269,41.27588653564453,1959600,0.0,0
2014-12-15,41.36099345949489,41.85460359723022,41.097170262045964,41.78651809692383,4419900,0.0,0
2014-12-16,41.778007258300256,42.42480325126455,41.633327199541476,42.033321380615234,3587500,0.0,0
2014-12-17,41.93119047044248,42.19501686599341,41.30141269410903,42.16948318481445,3366300,0.0,0
2014-12-18,42.55246746256781,43.28437042236328,42.484381956309804,43.28437042236328,2867500,0.0,0
2014-12-19,43.480108339407046,43.52266015459177,42.9694800641996,43.21628189086914,3662100,0.0,0
2014-12-22,43.2162812385764,43.53117180848035,43.04607398040657,43.505638122558594,1340900,0.0,0
2014-12-23,43.55669917663162,43.820525602584446,43.43755280571586,43.58222961425781,1385000,0.0,0
2014-12-24,43.743941399201674,43.743941399201674,43.446072154899255,43.53968811035156,653700,0.0,0
2014-12-26,43.71839752199402,43.92265076325007,43.548187028696496,43.70988845825195,939900,0.0,0
2014-12-29,43.743936499963745,44.00775971233157,43.59925642687883,43.86308288574219,1243600,0.0,0
2014-12-30,43.85457018117666,43.956698436495586,43.58223465998387,43.897125244140625,1446100,0.0,0
2014-12-31,44.033288463615975,44.21200802224962,43.64180335159135,43.675846099853516,2235100,0.0,0
2015-01-02,43.61628057876071,44.06733570976974,43.573728759202524,44.041805267333984,3140700,0.0,0
2015-01-05,43.76946128536014,43.931159467095775,43.51414717075303,43.59925079345703,3859100,0.0,0
2015-01-06,43.633296966552734,43.948184291071776,43.284366891681536,43.633296966552734,3010900,0.0,0
2015-01-07,43.76094819496121,43.931158683829565,43.44606090077653,43.667335510253906,2243200,0.0,0
2015-01-08,43.94817806777633,44.20349216627295,43.863074450442426,44.16945266723633,2941700,0.0,0
2015-01-09,44.101373552490365,44.16094674253636,43.71840072612656,43.85456848144531,1664000,0.0,0
2015-01-12,43.91413900636425,43.99073356698853,43.607764010362324,43.803504943847656,1315800,0.0,0
2015-01-13,43.982231196360054,44.348182680978226,43.46309056718099,43.83755111694336,1780500,0.0,0
2015-01-14,43.6162724444787,44.15243436110752,43.48861376311633,44.09286117553711,1623800,0.0,0
2015-01-15,44.08435801704969,44.37371494124463,44.05031526208657,44.10137939453125,1351700,0.0,0
2015-01-16,44.06733138590844,44.49285603272948,43.88010274892406,44.45881652832031,1311200,0.0,0
2015-01-20,44.7141310696361,45.06306115331065,44.52689918447083,45.02901840209961,2422900,0.0,0
2015-01-21,44.86732253900596,45.1566794463704,44.73115477356949,44.875831604003906,2409100,0.0,0
2015-01-22,45.08859507470345,45.26731466261695,44.64604901427785,44.91838455200195,2857900,0.0,0
2015-01-23,44.85880104026467,45.15667019811797,44.782206484987526,45.10560607910156,2395800,0.0,0
2015-01-26,45.06305329470303,45.40347100796119,44.81624826120683,45.284324645996094,1599900,0.0,0
2015-01-27,45.07156901831615,45.40347771755165,45.01199582853005,45.22475814819336,2292800,0.0,0
2015-01-28,45.258799862017135,45.52262630109602,44.756680669251054,44.799232482910156,1752400,0.0,0
2015-01-29,44.73114185615452,44.79922409596423,44.263062254048606,44.72262954711914,1447200,0.0,0
2015-01-30,44.45030907486016,44.50988227220561,43.735427460218986,43.76947021484375,3119500,0.0,0
2015-02-02,43.794985763231885,43.89711399237316,43.25031486045708,43.88009262084961,4397300,0.0,0
2015-02-03,43.769465431731874,44.458816528320305,43.72691361634885,44.45881652832031,2220500,0.0,0
2015-02-04,44.42476634712119,44.75667499668873,44.26306493061762,44.44178771972656,1773800,0.0,0
2015-02-05,44.441797527819524,44.782215315570895,44.43328521639077,44.765193939208984,1087000,0.0,0
2015-02-06,44.73114893654017,44.94391124517698,44.42477069266394,44.62902069091797,1387600,0.0,0
2015-02-09,44.424775224141534,44.901360766344396,44.424775224141534,44.70561981201172,1630000,0.0,0
2015-02-10,44.88434640477337,45.07157506357241,44.69711449947854,44.850303649902344,1554200,0.0,0
2015-02-11,44.909871151471584,45.088590722132615,44.61200195387448,44.73115158081055,1605400,0.0,0
2015-02-12,44.75668769725493,45.080087375538064,44.63754130170214,44.850303649902344,1692400,0.0,0
2015-02-13,43.91413366805156,43.95668872161042,43.12265771997958,43.65031051635742,4966300,0.0,0
2015-02-17,44.42476635198723,46.37366968783481,44.42476635198723,45.90559005737305,5272300,0.0,0
2015-02-18,46.02475186114402,46.611974762467504,45.73539494313773,46.492828369140625,2558900,0.0,0
2015-02-19,46.38219016788595,46.4843151821726,45.82900678471657,46.28857421875,1962000,0.0,0
2015-02-20,46.36516322566757,46.56941647621909,46.109849097349624,46.39069366455078,2262400,0.0,0
2015-02-23,46.39068545752602,46.637490478052115,46.26303003919834,46.441749572753906,1443000,0.0,0
2015-02-24,46.29708574102076,46.577930337144494,46.254530676505865,46.356658935546875,1605500,0.0,0
2015-02-25,46.48430940657215,46.67154128158081,46.33112028092785,46.40771484375,1683200,0.0,0
2015-02-26,46.48430312657704,46.51834587134224,45.98218400402224,46.1949462890625,1759300,0.0,0
2015-02-27,46.220485084236564,46.53537239191344,46.05878365196032,46.36516189575195,1702600,0.0,0
2015-03-02,46.36516637285454,46.72260877395845,46.36516637285454,46.6800537109375,2004200,0.0,0
2015-03-03,46.55239230823329,47.037490096879175,46.518349560768115,46.96089553833008,3237500,0.0,0
2015-03-04,46.8077020587728,46.94386978944762,46.69706476306989,46.86727523803711,3352100,0.0,0
2015-03-05,46.89727883342731,47.00012282543702,46.477327356247685,46.7087287902832,2054400,0.385,0
2015-03-06,46.41732538327152,46.53731056128258,45.971663815408355,45.9802360534668,2521200,0.0,0
2015-03-09,45.945970377391525,46.14308942298175,45.92026019255213,45.99739074707031,2991300,0.0,0
2015-03-10,45.69742933904631,45.87740717811005,45.34604263305664,45.34604263305664,2854000,0.0,0
2015-03-11,45.36317722607565,45.48316243460669,45.14034475078795,45.15748596191406,2797500,0.0,0
2015-03-12,45.183193356441045,45.58600032117702,45.174621117351236,45.50029754638672,1974600,0.0,0
2015-03-13,45.5774368207427,45.765986871128966,45.28604277439649,45.69742202758789,1908300,0.0,0
2015-03-16,45.8516971615708,46.70873823001137,45.84312818940137,46.6230354309082,2280100,0.0,0
2015-03-17,46.63160553248598,46.84586580478547,46.55447170368407,46.68302917480469,1507800,0.0,0
2015-03-18,46.511606902175465,47.30865514703228,46.3230568706842,47.19723892211914,2049000,0.0,0
2015-03-19,47.24009489461086,47.402934762828764,46.90584945678711,46.90584945678711,1704900,0.0,0
2015-03-20,46.95727436557527,47.00869473011396,46.60588770736994,46.751583099365234,5120300,0.0,0
2015-03-23,46.897285665127164,47.24867235258706,46.683025410106445,47.06869125366211,2467700,0.0,0
2015-03-24,47.06868197527686,47.102964393966765,46.76871898511869,46.803001403808594,1879200,0.0,0
2015-03-25,46.83729190310269,46.88014329918231,46.143087516945805,46.16022872924805,1508600,0.0,0
2015-03-26,45.971675390520126,46.03166799463107,45.74884618515829,45.765987396240234,1376100,0.0,0
2015-03-27,45.74884618515829,46.02309902376596,45.74884618515829,45.765987396240234,1590900,0.0,0
2015-03-30,45.90311440087186,46.47733026735628,45.8774009492452,46.288780212402344,1586000,0.0,0
2015-03-31,46.17737381646462,46.6230355656641,46.12595017524276,46.47733688354492,2337300,0.0,0
2015-04-01,46.49445917904305,46.60587538834656,45.911671226402824,45.9802360534668,2059100,0.0,0
2015-04-02,46.01452271839556,46.28020656266627,45.98881253871988,46.19450378417969,1401500,0.0,0
2015-04-06,46.185936203977334,46.90585073168482,46.06595099425138,46.751583099365234,3344000,0.0,0
2015-04-07,46.68302343826975,47.04297908221147,46.58017616627049,46.914424896240234,2023100,0.0,0
2015-04-08,46.93155556986864,47.214380620033246,46.777291224466865,46.803001403808594,3859900,0.0,0
2015-04-09,46.85441926155343,47.24866051674119,46.64015906020515,47.111534118652344,4105400,0.0,0
2015-04-10,47.282950479260236,47.9343034711794,47.12868610680777,47.257240295410156,4470900,0.0,0
2015-04-13,47.13724848057283,47.274374890833165,46.914419289906604,47.0001220703125,2603200,0.0,0
2015-04-14,46.9058529474824,46.931563130966275,46.40877087379998,46.485904693603516,1967500,0.0,0
2015-04-15,46.597312681245505,46.82871411589065,46.468758508232575,46.494468688964844,1233700,0.0,0
2015-04-16,46.33163720017142,46.40877102021831,45.963109312097586,46.271644592285156,2056300,0.0,0
2015-04-17,45.945963412036846,46.134513457214005,45.20890771109151,45.3203239440918,2858700,0.0,0
2015-04-20,45.56029281667672,45.800263215655164,45.42316640735311,45.4403076171875,2767700,0.0,0
2015-04-21,45.51744652913931,45.731706772059866,45.208911256237414,45.28604507446289,4162700,0.0,0
2015-04-22,45.26032559155071,45.568857531704545,44.73753018315067,45.08891677856445,3544500,0.0,0
2015-04-23,44.98608534693727,45.260338216474935,44.95180292090704,45.148921966552734,4064300,0.0,0
2015-04-24,45.11463750479937,45.2174815088973,44.78896101091197,45.131778717041016,3995200,0.0,0
2015-04-27,45.37174133790309,45.37174133790309,44.71181949230458,44.814666748046875,1868300,0.0,0
2015-04-28,44.85752068811681,45.1574836943821,44.63469149336995,44.968936920166016,1768400,0.0,0
2015-04-29,44.13760418815206,44.583265826645864,42.534938699068626,42.74919891357422,5639900,0.0,0
2015-04-30,42.65493292616854,42.93775476912673,42.36353884197859,42.449241638183594,4134200,0.0,0
2015-05-01,42.483518471098094,43.04916535189446,42.483518471098094,42.92918014526367,2120600,0.0,0
2015-05-04,42.94630881660788,43.237702777351856,42.680625029963146,42.72347640991211,2826200,0.0,0
2015-05-05,42.74062505406594,42.886323694469745,41.78074024488389,41.87501525878906,2948300,0.0,0
2015-05-06,42.01215487693285,42.16642253560934,41.21510639688837,41.5407829284668,3186200,0.0,0
2015-05-07,41.56648003849987,41.99500045126791,41.54933882966699,41.87501525878906,2224200,0.0,0
2015-05-08,42.132125765211924,42.50065357222939,42.1064155873018,42.27782440185547,1681300,0.0,0
2015-05-11,42.13213157884467,42.76634329940004,42.037856554363984,42.36353302001953,3939300,0.0,0
2015-05-12,42.19212795533284,42.59493827073932,42.06357376719492,42.432098388671875,1924100,0.0,0
2015-05-13,42.45780956283712,42.68921101228715,42.269259507133,42.312110900878906,2035600,0.0,0
2015-05-14,42.41495678538211,42.73206101197902,42.41495678538211,42.61207580566406,1434400,0.0,0
2015-05-15,42.68920720934775,42.826333618729905,42.620642369980935,42.70634841918945,1572100,0.0,0
2015-05-18,42.80061020156054,42.809182439160764,42.586350032464985,42.72347640991211,1540900,0.0,0
2015-05-19,42.67207068709653,42.809197111542225,42.51780305092614,42.73206329345703,1572200,0.0,0
2015-05-20,42.68920961963106,42.809194825946015,42.569221143964434,42.61207580566406,1337300,0.0,0
2015-05-21,42.60349698152771,43.066299793806934,42.560645595802114,42.95488357543945,2043300,0.0,0
2015-05-22,42.83490043507697,43.083443061256816,42.83490043507697,42.903465270996094,1388300,0.0,0
2015-05-26,42.85204838547574,42.972033597858776,42.37210426659175,42.4835205078125,2593600,0.0,0
2015-05-27,42.67206484048342,42.826332455517196,42.406380999180506,42.71491622924805,1181600,0.0,0
2015-05-28,42.68919931213945,42.85203587148477,42.603493278785955,42.67205810546875,1625900,0.0,0
2015-05-29,42.54350982191679,42.732059866415156,42.34639080691922,42.55208206176758,2362600,0.0,0
2015-06-01,42.69777299067601,42.77490679452714,42.457802609517486,42.62921142578125,1357100,0.0,0
2015-06-02,42.51780409344041,42.714923129079864,42.423529061318945,42.474952697753906,1699600,0.0,0
2015-06-03,42.565630092507774,42.617456316611104,42.37560719402323,42.53971862792969,1695600,0.385,0
2015-06-04,42.32379382141293,42.557006958271636,41.866006901809634,42.047393798828125,3159700,0.0,0
2015-06-05,41.978293771588845,42.038756072936806,41.74508392064575,41.81418228149414,2020000,0.0,0
2015-06-08,41.77962314001537,41.99556082898891,41.719160850698586,41.85736083984375,1363600,0.0,0
2015-06-09,41.857355685569196,41.94373272749082,41.658693431570335,41.73643112182617,1431800,0.0,0
2015-06-10,41.7969010092793,42.116487885174884,41.7969010092793,41.840087890625,1810700,0.0,0
2015-06-11,41.969651655399275,42.125127063556704,41.72780248490898,41.883277893066406,1906400,0.0,0
2015-06-12,41.84872724386285,41.891914125208544,41.62415018894867,41.840087890625,1876400,0.0,0
2015-06-15,41.55504673372255,41.55504673372255,41.140446792821606,41.20954513549805,1686800,0.0,0
2015-06-16,41.27864497952293,41.37365807965363,41.19226793624626,41.28728103637695,1489300,0.0,0
2015-06-17,41.39956351582427,41.477301195978086,41.08861279520899,41.35637664794922,2002100,0.0,0
2015-06-18,41.46002983045921,41.79689204564015,41.46002983045921,41.719154357910156,1504000,0.0,0
2015-06-19,41.67597831692771,41.67597831692771,41.235466835272014,41.25273895263672,2121500,0.0,0
2015-06-22,41.520503182867124,41.55505400772701,41.08862775696258,41.2009162902832,1643700,0.0,0
2015-06-23,41.18364047591992,41.33047653771937,40.85541423285036,40.88996505737305,1629300,0.0,0
2015-06-24,40.812231386104315,40.94179534340461,40.69994284277395,40.74312973022461,1881700,0.0,0
2015-06-25,40.838135692684325,40.846775045627275,40.492637358764064,40.54446029663086,1161100,0.0,0
2015-06-26,40.5790131301945,40.760400011615886,40.44081313078564,40.62220001220703,1268500,0.0,0
2015-06-29,40.3803565840854,40.50992054351101,40.017582769611074,40.034854888916016,1606800,0.0,0
2015-06-30,40.33716969592631,40.42354347224448,40.00030735535777,40.034854888916016,1346000,0.0,0
2015-07-01,40.285349934086376,40.31990076815136,39.93985147828317,40.17306137084961,1240700,0.0,0
2015-07-02,40.22487484393676,40.311248606712475,39.92256337927393,40.0521240234375,884600,0.0,0
2015-07-06,39.767079288454056,40.19895459794218,39.61160391344256,40.19031524658203,1228500,0.0,0
2015-07-07,40.19032419033698,40.69130124240277,40.08667501557945,40.613563537597656,1986300,0.0,0
2015-07-08,40.302599341870085,40.820848338597784,40.25077312421861,40.43216323852539,2051700,0.0,0
2015-07-09,40.74312889967538,40.88996826795228,40.65675512653479,40.72585678100586,2254300,0.0,0
2015-07-10,41.079991005133735,41.36502706804873,40.86405329582469,41.244102478027344,1920300,0.0,0
2015-07-13,41.580968811811104,41.60688028505894,41.270017953043954,41.39958190917969,2082400,0.0,0
2015-07-14,41.33911300880299,42.038749034388815,41.31320153969174,41.97828674316406,2284500,0.0,0
2015-07-15,42.00420429008027,42.099217409713326,41.73644034338238,41.8055419921875,1573900,0.0,0
2015-07-16,42.03874811043936,42.522449724554114,41.874636651428766,42.2719612121582,2299000,0.0,0
2015-07-17,42.17695775095458,42.228780695846616,41.9005544334216,42.047393798828125,1602100,0.0,0
2015-07-20,42.01283690334519,42.0905746044019,41.840086090447194,41.917823791503906,1022900,0.0,0
2015-07-21,41.900548195664975,41.98692524920634,41.47731216562919,41.65869903564453,1269500,0.0,0
2015-07-22,41.650058028244395,41.86599569401514,41.07134337060621,41.28728103637695,2750100,0.0,0
2015-07-23,41.25274426475091,42.634747773194945,41.25274426475091,42.39289855957031,4709200,0.0,0
2015-07-24,42.50516759883395,42.80748229550083,42.09056769292669,42.176944732666016,3129700,0.0,0
2015-07-27,42.09057861825121,42.79021799448077,42.05602779338723,42.37561798095703,3871600,0.0,0
2015-07-28,42.937056068355275,43.40348234101644,42.772944584988494,43.32574462890625,3520500,0.0,0
2015-07-29,43.420750761382685,43.86990154846755,43.3689245300064,43.79216384887695,3278900,0.0,0
2015-07-30,43.65397312812336,44.379524046691415,43.65397312812336,44.22404861450195,2769400,0.0,0
2015-07-31,44.42270260687037,44.44861407572836,44.08584033192556,44.163578033447266,1658300,0.0,0
2015-08-03,44.094473905877805,44.163575545536645,43.76624770739339,43.878536224365234,2178600,0.0,0
2015-08-04,43.93899831701989,44.379513030525445,43.86989997261457,44.02537536621094,1853900,0.0,0
2015-08-05,44.23267205973046,44.76819986008167,44.206760593404475,44.56953430175781,2052200,0.0,0
2015-08-06,44.56954409326839,44.7422949282706,44.00810799819636,44.034019470214844,1820400,0.0,0
2015-08-07,44.016729660335244,44.15492962414528,43.671231398283666,43.84397888183594,2308000,0.0,0
2015-08-10,44.07720604901502,44.42270771661917,44.00810769246305,44.38815689086914,1606800,0.0,0
2015-08-11,44.05993151980245,44.54363320515973,43.99946922100131,44.50044631958008,1590600,0.0,0
2015-08-12,44.25859524564454,44.83730673673208,44.1808575369218,44.78548049926758,2420400,0.0,0
2015-08-13,44.67319508487478,45.14825739411353,44.57818196403743,44.828670501708984,1872900,0.0,0
2015-08-14,44.88048911709327,45.16552845212468,44.768203889609104,45.130977630615234,1104600,0.0,0
2015-08-17,44.845944227113186,45.51967215586699,44.5954589754086,45.46784591674805,1428300,0.0,0
2015-08-18,45.38145717124478,45.83060787721775,45.34690635656678,45.519657135009766,2028000,0.0,0
2015-08-19,45.28644872449593,45.735599476549325,45.06187170099555,45.433284759521484,2285100,0.0,0
2015-08-20,45.16552998153032,45.81334307950426,45.00141522127699,45.407379150390625,3257100,0.0,0
2015-08-21,44.96686870065034,45.22599328665386,44.59545558589774,44.60409164428711,3558700,0.0,0
2015-08-24,42.47927445017938,43.77490095038018,42.142412087318945,42.72976303100586,4431600,0.0,0
2015-08-25,43.50712372635,43.85262533933745,42.427435304448686,42.45335006713867,3039200,0.0,0
2015-08-26,43.46394022157818,43.481215633063,42.42743859712341,42.75566482543945,4369600,0.0,0
2015-08-27,43.21345520019531,43.45530768563873,42.5915568110719,43.21345520019531,3857000,0.0,0
2015-08-28,43.25663796517184,43.61941168873103,43.1270740382164,43.36892318725586,2510000,0.0,0
2015-08-31,43.29983073420752,43.420755325181155,43.118440552799086,43.2393684387207,2074700,0.0,0
2015-09-01,42.60019260798765,43.04934345539325,42.23741882447625,42.591556549072266,2870900,0.0,0
2015-09-02,42.96296147867601,43.15298439304455,42.574273002778504,42.99750900268555,1701900,0.0,0
2015-09-03,43.083887819995155,43.662599234035085,43.083887819995155,43.429386138916016,1934800,0.0,0
2015-09-04,42.91978115833325,43.351656609576104,42.81613197262046,43.12708282470703,2295300,0.0,0
2015-09-08,43.68851468107202,43.96491465851692,43.40347535092393,43.79216384887695,2922600,0.0,0
2015-09-09,44.06857300845528,44.206773025973106,43.213458134786784,43.299835205078125,3217000,0.0,0
2015-09-10,43.33030435146903,43.64366185238836,43.09528622577953,43.347713470458984,2729400,0.385,0
2015-09-11,43.24325036329217,43.56531067624223,43.130092780734415,43.52178955078125,1889200,0.0,0
2015-09-14,43.53049966131382,43.54790877847295,43.04305766265641,43.426048278808594,2187000,0.0,0
2015-09-15,43.56531343191212,43.80903772671831,43.417340931895176,43.65235900878906,2945900,0.0,0
2015-09-16,43.77421791889057,43.77421791889057,43.5130878385661,43.66106033325195,2214900,0.0,0
2015-09-17,43.73069370017987,43.96570843154033,43.469560317870226,43.58271789550781,2119500,0.0,0
2015-09-18,43.051760561011186,43.565317895632084,43.03435144385205,43.426048278808594,3756400,0.0,0
2015-09-21,43.748090351479554,43.82642968571258,43.4956665593493,43.61752700805664,2083600,0.0,0
2015-09-22,43.21712916628318,43.460850073420865,42.92988382248662,43.40862274169922,1972800,0.0,0
2015-09-23,43.41734504970425,43.574023782493306,43.0343511160201,43.478275299072266,2004200,0.0,0
2015-09-24,43.22585295797923,43.45216486394879,43.0169468505497,43.347713470458984,3534500,0.0,0
2015-09-25,43.71328580777574,44.09627635450694,43.46956153217499,43.843849182128906,3294400,0.0,0
2015-09-28,43.678463540322916,43.7655057818419,43.243245691830616,43.33028793334961,2076200,0.0,0
2015-09-29,43.2780714706001,43.321592598956,42.63394748140529,42.84285354614258,5423500,0.0,0
2015-09-30,43.15621113273356,43.399932108731484,42.71228698879532,43.35641098022461,3399600,0.0,0
2015-10-01,43.39122815335488,43.73070094248825,43.10398603387211,43.60883712768555,2361600,0.0,0
2015-10-02,43.26066372839784,43.98312377929688,43.07787299123114,43.983123779296875,1761200,0.0,0
2015-10-05,44.25295993023723,44.853559487436826,44.209438800663236,44.79262924194336,1556500,0.0,0
2015-10-06,44.749104709867126,44.94930454704478,44.51408664349795,44.76651382446289,1857800,0.0,0
2015-10-07,44.87967188289498,45.25395954953245,44.81003542377679,45.10598373413086,1582900,0.0,0
2015-10-08,45.08856674960681,46.11568109918405,44.81873381874319,46.089569091796875,2472200,0.0,0
2015-10-09,46.089578654233776,46.61183883302455,46.00253307746915,46.272369384765625,1482800,0.0,0
2015-10-12,46.19402288652682,46.62053784563165,46.14179554853988,46.48997116088867,894000,0.0,0
2015-10-13,46.341992852262464,46.49866820560982,46.11567773658059,46.1853141784668,1393400,0.0,0
2015-10-14,46.106988772527586,46.15921279927312,45.6369526091219,45.654361724853516,1412500,0.0,0
2015-10-15,45.74140473577759,45.871971445688644,45.46286552038676,45.69788360595703,1829900,0.0,0
2015-10-16,45.83715245936151,46.22014304410912,45.428046540791826,45.654361724853516,2384500,0.0,0
2015-10-19,45.584728247464035,45.82845256321988,45.29748612020295,45.70658874511719,2003000,0.0,0
2015-10-20,45.6543454132901,46.01992675168976,45.59341519022349,45.88065719604492,1727700,0.0,0
2015-10-21,46.37683220041776,46.812050230287895,46.37683220041776,46.5161018371582,3239200,0.0,0
2015-10-22,46.88167326359965,46.977421733983206,46.53349761137747,46.57701873779297,2538500,0.0,0
2015-10-23,46.65535954800014,46.83815359736239,46.10698736126101,46.29848098754883,2839600,0.0,0
2015-10-26,46.35941123051984,46.68147488102287,46.220141629379064,46.29848098754883,2226200,0.0,0
2015-10-27,46.08086901753203,47.43875003027399,45.95900853955179,47.29948043823242,3126200,0.0,0
2015-10-28,47.517098634014296,47.743410519972144,47.05576864314851,47.534507751464844,2812800,0.0,0
2015-10-29,47.58673286486486,47.60414198271106,47.177630217053085,47.4039421081543,1523800,0.0,0
2015-10-30,47.38652476554859,47.60413372018172,46.79462814331055,46.79462814331055,3320700,0.0,0
2015-11-02,46.88167315834476,47.53450001445884,46.88167315834476,47.38652420043945,2193200,0.0,0
2015-11-03,47.27336945805393,47.53449953376908,46.89908179869755,47.047054290771484,2082200,0.0,0
2015-11-04,47.081875599790756,48.11769307341954,46.942605995601596,47.125396728515625,2343700,0.0,0
2015-11-05,47.316888823228005,47.499679537381894,47.20373124379747,47.3778190612793,1829300,0.0,0
2015-11-06,47.377819061279304,47.386521957951366,46.977419405385355,47.3778190612793,1399700,0.0,0
2015-11-09,47.238546475827334,47.360406944202346,46.56831057931604,46.73369216918945,1556100,0.0,0
2015-11-10,46.62924278823785,47.0296424356979,46.594424561385104,46.69887924194336,1526000,0.0,0
2015-11-11,46.77722124737597,47.07316955152569,46.664063663905736,46.68147277832031,1525400,0.0,0
2015-11-12,46.5335067358721,46.62925522503044,45.93290710449219,45.93290710449219,1882100,0.0,0
2015-11-13,45.828454472090854,46.00253900716098,45.28007888936089,45.401939392089844,2404400,0.0,0
2015-11-16,45.30617513901619,45.75880207767395,45.29747224347115,45.750099182128906,2935800,0.0,0
2015-11-17,45.802333505679464,46.00253335276229,45.64565478701477,45.85456085205078,1492200,0.0,0
2015-11-18,45.9329004738935,46.68147584058092,45.75010974122311,46.63795471191406,1900000,0.0,0
2015-11-19,46.80333325877331,46.91649084224354,46.57701809183284,46.68147277832031,1181500,0.0,0
2015-11-20,46.881678390513386,47.15151139606748,46.81204192427396,47.10799026489258,1223800,0.0,0
2015-11-23,47.10798761293582,47.39523303932868,46.95130889316686,47.125396728515625,1422200,0.0,0
2015-11-24,46.89037747298174,47.07317152176108,46.6031353742414,46.98612594604492,1541100,0.0,0
2015-11-25,47.02094492966199,47.142805417167764,46.92519645506481,47.02964782714844,1038700,0.0,0
2015-11-27,46.99484012872898,47.2124491242269,46.74241289704345,46.93390655517578,780700,0.0,0
2015-11-30,47.02964896221947,47.151509452666375,46.78592798132565,46.80333709716797,1809400,0.0,0
2015-12-01,47.04706416256063,47.499691271650285,46.655367306574426,46.93390655517578,1980500,0.0,0
2015-12-02,46.947055936723686,47.201298502492776,46.79801926706314,46.9119873046875,1695200,0.385,0
2015-12-03,46.92075557892106,47.05225793100541,45.263801194625266,45.447906494140625,3821900,0.0,0
2015-12-04,45.59694030032163,46.20186245266192,45.59694030032163,46.16679382324219,4590600,0.0,0
2015-12-07,45.99145709708682,46.17556239736332,45.41283805026869,45.675846099853516,2420300,0.0,0
2015-12-08,45.45666126394323,46.140486042026595,45.32515894285919,46.05281448364258,2426300,0.0,0
2015-12-09,45.85117476368976,46.14048588890492,45.28132468556072,45.491729736328125,1916800,0.0,0
2015-12-10,45.561874961369185,45.938854366364176,45.36023535893698,45.605709075927734,1450300,0.0,0
2015-12-11,45.26379452725986,45.447899799656476,44.86051201168328,45.009552001953125,2142500,0.0,0
2015-12-14,45.14105227520347,45.482962981389754,44.78160725788867,45.43912887573242,3198800,0.0,0
2015-12-15,45.67583925626868,46.83307717651666,45.67583925626868,46.762943267822266,3434200,0.0,0
2015-12-16,47.07855754336323,47.55197400172328,46.60514108500318,47.28019714355469,2270100,0.0,0
2015-12-17,47.26265387460891,47.429224814253025,46.70156929440987,46.71033477783203,3178800,0.0,0
2015-12-18,46.464869083104624,46.543771824754735,45.93008420573482,46.2281608581543,4070400,0.0,0
2015-12-21,46.44733070839921,46.69280439681595,46.017751753669906,46.29829406738281,1383600,0.0,0
2015-12-22,46.456111513616314,46.81555665474909,46.04406342097787,46.64021682739258,1412300,0.0,0
2015-12-23,46.824313640504414,47.113624804769366,46.719111100921,47.043487548828125,1229900,0.0,0
2015-12-24,46.87691509292075,47.00841742713935,46.640206878133256,46.84184646606445,529500,0.0,0
2015-12-28,46.81555146187011,47.31526774059271,46.762948516199266,47.262664794921875,986000,0.0,0
2015-12-29,47.35910295007073,47.72731354528303,47.35910295007073,47.64841079711914,849000,0.0,0
2015-12-30,47.630873481269816,47.76237581447403,47.27142507525805,47.32402801513672,825100,0.0,0
2015-12-31,47.192528143584575,47.315264998708685,46.77171129126124,46.78924560546875,1055200,0.0,0
2016-01-04,46.114191248693636,46.12296007828313,45.58817518049627,45.982688903808594,2067400,0.0,0
2016-01-05,45.9563847049371,46.20186176288172,45.78981373417311,46.15802764892578,2401400,0.0,0
2016-01-06,45.737215260264804,46.74541670141544,45.693381142025395,46.727882385253906,3277400,0.0,0
2016-01-07,46.09666059667957,46.508705293360734,45.956386076907194,46.175559997558594,3309900,0.0,0
2016-01-08,46.19308853040337,46.596371035611625,45.78980936952333,45.89501190185547,2617400,0.0,0
2016-01-11,45.89501591428369,46.499938052818024,45.807347687063775,46.342132568359375,2127700,0.0,0
2016-01-12,46.43857719644775,46.745419386074865,46.16680029682871,46.64021682739258,2299900,0.0,0
2016-01-13,46.631439728270294,46.77171089641775,45.58817312419409,45.81611251831055,2445100,0.0,0
2016-01-14,45.973918888323006,46.47363514351891,45.53557106135617,46.271995544433594,2786600,0.0,0
2016-01-15,45.51803463715973,45.684608944056514,44.75531039000232,45.1673583984375,3406100,0.0,0
2016-01-19,45.579405676965415,46.22815854759302,45.44789999934529,46.13172149658203,2156700,0.0,0
2016-01-20,45.55310451680681,45.91254959436879,44.15039283469383,45.518035888671875,4118900,0.0,0
2016-01-21,45.50051045818255,46.096663831738624,45.26380220594745,45.57064437866211,2414100,0.0,0
2016-01-22,46.052824367667974,46.587609283439996,45.842419271044406,46.44733810424805,2244600,0.0,0
2016-01-25,46.39471851505225,46.39471851505225,45.66706307912384,45.79856872558594,1748200,0.0,0
2016-01-26,45.75474328720027,46.08788855981916,45.57063800930367,45.84241485595703,1990900,0.0,0
2016-01-27,45.70213813142351,46.017749051902605,45.114750397347876,45.491729736328125,2885400,0.0,0
2016-01-28,45.58816390348369,45.92130911457477,45.27255300290559,45.649532318115234,1450800,0.0,0
2016-01-29,45.859954849083465,46.52624213250701,45.74598346774947,46.42103958129883,3446600,0.0,0
2016-02-01,46.19308247106388,46.87690720234316,45.930074502569276,46.69279861450195,1741700,0.0,0
2016-02-02,46.20185969706201,46.429799086038194,45.36899819182468,45.69337463378906,2529200,0.0,0
2016-02-03,46.00021881551219,46.70157462075101,45.40406554497712,46.535003662109375,2225200,0.0,0
2016-02-04,46.394730988309924,46.94705016988363,46.228160023092386,46.631439208984375,1682700,0.0,0
2016-02-05,46.40350159800995,46.63144099833461,45.84241691013828,46.087890625,2150900,0.0,0
2016-02-08,45.78981430139224,46.3596678228641,45.307632353246824,46.20186233520508,1916800,0.0,0
2016-02-09,45.7898051794225,46.97334610108724,45.763505384828136,46.71033477783203,2733900,0.0,0
2016-02-10,46.89444986607076,47.5169029493946,46.78924398447051,46.92074966430664,1686300,0.0,0
2016-02-11,46.08788359105468,46.596368602038595,45.789806978074324,46.42979431152344,3380900,0.0,0
2016-02-12,46.675275144941345,47.54320191480537,46.50870084082305,47.32402801513672,2457200,0.0,0
2016-02-16,47.97278836965942,48.10429071421214,47.3678662139997,48.034156799316406,2896800,0.0,0
2016-02-17,48.10428157741941,48.437426806801085,47.85004242184218,48.130584716796875,2775400,0.0,0
2016-02-18,48.04291181207732,48.72673656313879,47.639632692430716,48.490028381347656,3123300,0.0,0
2016-02-19,48.43743087149955,48.84947886493536,48.095520129852076,48.6566047668457,3046100,0.0,0
2016-02-22,48.88455550145353,49.31413790762023,48.77935294366272,49.252769470214844,2599900,0.0,0
2016-02-23,49.252768635398596,49.7963190764886,49.21770000195306,49.35797119140625,1801000,0.0,0
2016-02-24,49.13002452938925,49.322895296285964,48.314697315628166,49.173858642578125,2669500,0.0,0
2016-02-25,49.314125287239854,49.53329917740536,49.068651600439495,49.243988037109375,2458200,0.0,0
2016-02-26,49.51576498527268,49.53329929784793,49.06865171975225,49.13002014160156,2227700,0.0,0
2016-02-29,49.19138263307628,49.243982220132615,48.65659786915172,48.96343994140625,2960900,0.0,0
2016-03-01,49.261536368469784,50.129466692024856,49.14756832106701,50.01549530029297,2357600,0.0,0
2016-03-02,49.840139464558135,50.0505478629323,49.55083167916271,50.04178237915039,2188300,0.0,0
2016-03-03,50.08594282955925,50.60693565882531,49.785709616617375,50.57161331176758,1773000,0.41,0
2016-03-04,50.553947327142154,50.76587802079519,50.25371414277275,50.46564483642578,2129800,0.0,0
2016-03-07,50.306696968725134,50.41266062983708,50.015292690012224,50.28903579711914,1442400,0.0,0
2016-03-08,50.112429184856694,50.871842747591074,49.80336709235976,50.615760803222656,3068200,0.0,0
2016-03-09,50.7217118153167,51.18089207285691,50.7217118153167,50.91598129272461,1745500,0.0,0
2016-03-10,51.02195088162431,51.189730311143656,50.49212925956805,50.9248161315918,2180400,0.0,0
2016-03-11,51.21621847240974,51.587092920318625,51.154406064424926,51.569435119628906,1854900,0.0,0
2016-03-14,51.560614492174835,51.69307160691923,51.18973996052947,51.410499572753906,2242900,0.0,0
2016-03-15,51.0572762758574,51.96680468325834,50.951312618811635,51.807857513427734,2149700,0.0,0
2016-03-16,51.737215590625475,52.152244681256064,51.40166008397683,51.94914627075195,2421500,0.0,0
2016-03-17,52.010958173186765,52.07277058584076,51.70189274139297,51.904991149902344,2832800,0.0,0
2016-03-18,51.975636008306346,52.10808973507516,51.60475816260115,51.74604415893555,6734600,0.0,0
2016-03-21,51.587100547950776,52.01096193469505,51.560610474475794,51.860843658447266,2433500,0.0,0
2016-03-22,51.6665877803961,51.88734743371411,51.46348930356653,51.6224365234375,2594100,0.0,0
2016-03-23,51.613597589388405,52.09043915633671,51.436989227349294,52.01979446411133,2234700,0.0,0
2016-03-24,51.87850153839879,52.20522477511351,51.72838664020041,52.19639587402344,2112200,0.0,0
2016-03-28,52.196397508637254,52.53195302547438,52.178736337380144,52.434818267822266,1685100,0.0,0
2016-03-29,52.222895142768046,52.97347987151669,52.222895142768046,52.726226806640625,3088200,0.0,0
2016-03-30,52.7527133723308,52.82335468985154,52.47013799667574,52.65557861328125,1363600,0.0,0
2016-03-31,52.5584464284549,52.82335727704962,52.055114805567676,52.099266052246094,2030500,0.0,0
2016-04-01,51.95797729684335,52.337684061561575,51.878503709611074,52.2493782043457,3369200,0.0,0
2016-04-04,52.15225555832281,52.21406798447572,51.67541395497929,51.81669998168945,2558200,0.0,0
2016-04-05,51.436988830566406,51.58710374760086,51.33102516157007,51.436988830566406,4811300,0.0,0
2016-04-06,51.41049550262627,51.60476165540731,50.73938444822167,50.96014404296875,5144800,0.0,0
2016-04-07,50.77470579503451,50.96897531252581,50.65990986483292,50.85417938232422,2807300,0.0,0
2016-04-08,51.07493439123943,51.28686506117617,50.84534591995471,50.9248161315918,1707500,0.0,0
2016-04-11,51.074938148075425,51.21622414891768,50.57160655954211,50.58926773071289,1900200,0.0,0
2016-04-12,50.65990552838303,50.77470144875817,50.403826985502114,50.518619537353516,1534600,0.0,0
2016-04-13,50.64225515816817,50.74822220043114,49.85635145493566,50.34202194213867,2357500,0.0,0
2016-04-14,50.342018067905265,50.54511986568337,50.20073205761889,50.29786682128906,1370900,0.0,0
2016-04-15,50.4038316667025,50.447982911401525,50.18307207468336,50.2448844909668,1944400,0.0,0
2016-04-18,50.244885669397064,50.562776659800164,50.17424098140251,50.48330307006836,1859500,0.0,0
2016-04-19,50.56277535031798,50.80119611333874,50.412660445003446,50.44798278808594,1430400,0.0,0
2016-04-20,50.580426164119764,50.73054440721748,50.09475583602405,50.10358810424805,3854800,0.0,0
2016-04-21,49.97996826228089,50.23605018710137,49.75037977802648,49.75920867919922,1920300,0.0,0
2016-04-22,49.73272797984324,49.99763885576187,49.60910312898285,49.79454040527344,2810800,0.0,0
2016-04-25,49.626754950464566,49.829853362676836,49.494297853206,49.75920867919922,1742600,0.0,0
2016-04-26,49.84751054616576,50.28902967701129,49.78569813732927,49.91815185546875,1834600,0.0,0
2016-04-27,49.97113604469028,50.12125093433172,49.51195573813181,49.80335998535156,5057300,0.0,0
2016-04-28,49.80337530346282,52.063951823626425,49.80337530346282,51.4899787902832,5062800,0.0,0
2016-04-29,51.56944156736042,52.04627972164472,51.225053777427284,51.91382598876953,2691000,0.0,0
2016-05-02,52.09927937328047,52.964656829833984,52.03746693842129,52.964656829833984,3067300,0.0,0
2016-05-03,52.752708566376015,52.96463586815496,52.51428782548191,52.84101104736328,2558700,0.0,0
2016-05-04,52.841021074278,53.38850397103958,52.48780434625637,53.34435272216797,2219700,0.0,0
2016-05-05,53.582763131385484,53.82118387134851,53.176566330792355,53.24720764160156,2954900,0.0,0
2016-05-06,53.23838138739346,53.60925586675607,53.097095390228105,53.59159469604492,2979700,0.0,0
2016-05-09,53.60043103014278,54.10376264374437,53.441483850213416,54.04195022583008,2992100,0.0,0
2016-05-10,54.05961538497668,54.298036172455134,53.8918359223857,54.174407958984375,1499500,0.0,0
2016-05-11,54.13025540627598,54.35101501508504,53.92715697039456,54.13908767700195,1533600,0.0,0
2016-05-12,54.13025723638928,54.62475998950918,53.98014231421549,54.554115295410156,1548100,0.0,0
2016-05-13,54.44814612966734,54.79253055734506,54.094929431856094,54.27153778076172,1842600,0.0,0
2016-05-16,54.08610221687606,54.42165775340835,53.86534261599085,54.26271057128906,1463500,0.0,0
2016-05-17,54.103764160578514,54.474638678461965,53.47680769357121,53.626922607421875,1572200,0.0,0
2016-05-18,53.65340217964534,54.05960233163283,53.34434014190617,53.688724517822266,1391800,0.0,0
2016-05-19,53.53861929822221,53.724056554341104,53.397333288532934,53.653411865234375,1626900,0.0,0
2016-05-20,53.92715580364744,54.077274086022335,53.47680769357121,53.626922607421875,1630700,0.0,0
2016-05-23,53.62692061174403,53.67990412740889,53.35317750026176,53.41499328613281,1140700,0.0,0
2016-05-24,53.83002440330294,54.11259644464382,53.75938307722995,53.90066909790039,2209800,0.0,0
2016-05-25,53.90949664870977,54.03312149263102,53.46797742411997,53.54745101928711,2277000,0.0,0
2016-05-26,53.59159695944779,54.0684384832164,53.54744571506715,53.96247482299805,2179100,0.0,0
2016-05-27,53.97130909086617,54.262713396096174,53.900667766538035,54.1567497253418,1540200,0.0,0
2016-05-31,54.165574309259576,54.421656247646844,53.51212442656865,53.821189880371094,3144100,0.0,0
2016-06-01,53.883420618293556,54.31903785521286,53.86563983843238,54.21235656738281,1926300,0.41,0
2016-06-02,54.2301337106991,54.59463119506836,54.18568345969539,54.59463119506836,1385400,0.0,0
2016-06-03,54.585741078882805,54.80799571944611,54.27458254729217,54.647972106933594,1308100,0.0,0
2016-06-06,54.594628030397104,55.03913729734101,54.594628030397104,54.968017578125,1323500,0.0,0
2016-06-07,54.79911434190831,55.261404491567546,54.79911434190831,55.181392669677734,2157100,0.0,0
2016-06-08,55.27029320680548,55.33252763837557,55.1369424311656,55.31474685668945,1173100,0.0,0
2016-06-09,55.15471626777633,55.68812608584365,55.136935488329165,55.670345306396484,1903100,0.0,0
2016-06-10,55.670345306396484,55.93705021543014,55.47476351515149,55.670345306396484,1225400,0.0,0
2016-06-13,55.6881164793199,55.945932649823646,55.59921598875684,55.61699676513672,1767100,0.0,0
2016-06-14,55.537000353360874,56.025959969594346,55.34141515033257,55.99039840698242,1574200,0.0,0
2016-06-15,56.12374197645554,56.18597300361023,55.750352422190815,55.83036422729492,1316000,0.0,0
2016-06-16,55.80370918788107,56.44380379425393,55.76814762278536,56.3726806640625,1936500,0.0,0
2016-06-17,56.34600085263901,56.38155901987622,55.58144429998036,55.697017669677734,2359600,0.0,0
2016-06-20,55.91927040029977,55.93704778763845,55.59033108180927,55.625892639160156,1803100,0.0,0
2016-06-21,55.937055032484004,56.01706685121806,55.652569319504515,55.76814270019531,1207900,0.0,0
2016-06-22,55.96372702461931,56.31933246461512,55.91038468251822,56.061519622802734,1189600,0.0,0
2016-06-23,56.372668270603306,56.470460857448195,56.21264465419108,56.40822982788086,1063600,0.0,0
2016-06-24,55.092487473735424,56.89719426923486,54.870232808621225,56.630489349365234,6874100,0.0,0
2016-06-27,56.452682532210964,56.71049874667263,56.05262347379406,56.586036682128906,2809500,0.0,0
2016-06-28,56.67493746451203,57.128338863376804,56.33710943671785,57.07499313354492,2111500,0.0,0
2016-06-29,57.34170163178124,57.76843355853379,57.31503215811056,57.59062576293945,2089400,0.0,0
2016-06-30,57.670632218552626,58.915252685546875,57.66174013445329,58.915252685546875,2335900,0.0,0
2016-07-01,58.80858528607121,59.217533052763876,58.67523113151024,59.09307098388672,2482800,0.0,0
2016-07-05,58.96861197861086,62.67581832849714,58.81748042750457,59.62648391723633,4079600,0.0,0
2016-07-06,59.69759184818153,59.89317699756646,58.897473865548974,59.75093078613281,2866500,0.0,0
2016-07-07,59.83094027029068,60.12431118371972,59.45754739222022,59.82204818725586,1610000,0.0,0
2016-07-08,59.955416774612885,60.426595549115284,59.87540157332877,60.10654830932617,2039200,0.0,0
2016-07-11,60.10654170568243,60.33768841628474,59.990971741717736,60.19544219970703,1708300,0.0,0
2016-07-12,60.444380558649165,60.61329628502473,59.82207017096212,59.982093811035156,2502300,0.0,0
2016-07-13,60.10655794219309,60.4088210600613,59.697610133073,60.284358978271484,3187200,0.0,0
2016-07-14,60.559942148197955,60.871097264024705,60.17766392513286,60.364356994628906,2414800,0.0,0
2016-07-15,60.50661935025138,60.53328882990168,59.73317730969117,59.964317321777344,2303600,0.0,0
2016-07-18,60.25767484107755,60.346575337488204,59.67092613862878,59.76871871948242,1471100,0.0,0
2016-07-19,59.822062601859564,60.15100192668847,59.74204740060987,60.115440368652344,1535700,0.0,0
2016-07-20,60.062101441838074,60.302140290096084,60.0176545762649,60.24879455566406,1116200,0.0,0
2016-07-21,60.12432552419298,60.23101019804059,59.63536936340718,59.72426986694336,1640200,0.0,0
2016-07-22,59.81318856722343,60.00877380410938,59.59982593729135,59.7420654296875,2397600,0.0,0
2016-07-25,59.62647633033244,59.866508364331544,59.48423688347055,59.759830474853516,2276900,0.0,0
2016-07-26,59.82205397579224,59.91984655062192,59.39532212356519,59.87539291381836,2161000,0.0,0
2016-07-27,60.2932505837681,60.72886786655646,58.3640815487449,58.764137268066406,3907200,0.0,0
2016-07-28,59.04862398894216,59.43090232431445,58.83526138721745,58.99528503417969,2133100,0.0,0
2016-07-29,58.99528015610412,59.03084171723027,58.54187873008854,58.781917572021484,2079300,0.0,0
2016-08-01,58.89748196712131,59.244198676842174,58.79968937897711,59.101959228515625,1725700,0.0,0
2016-08-02,58.950822709494794,59.09306894483125,58.47964392462196,58.77302169799805,2130700,0.0,0
2016-08-03,58.69301404706999,58.8797139506405,58.33741197832064,58.51521301269531,1597800,0.0,0
2016-08-04,58.675226133031224,58.91525816465366,58.39074045945073,58.47964096069336,1331200,0.0,0
2016-08-05,58.719690326550904,58.933052924407825,58.54188250944122,58.64856719970703,1952100,0.0,0
2016-08-08,58.65744858024995,58.83524958223323,58.23071667974724,58.23960876464844,1653300,0.0,0
2016-08-09,58.461864471435554,58.78191170696342,58.37296396882749,58.46186447143555,2189800,0.0,0
2016-08-10,58.613005768827186,59.19086930605965,58.44409003785969,59.16419982910156,1686600,0.0,0
2016-08-11,59.27086643900887,59.77760675264426,59.155296466661646,59.40422058105469,1698400,0.0,0
2016-08-12,59.08417711107145,59.5197943389653,59.08417711107145,59.270870208740234,1101100,0.0,0
2016-08-15,59.2530858584969,59.46644840466684,58.8708076226612,58.87969970703125,1352000,0.0,0
2016-08-16,58.66633268707925,58.66633268707925,57.67063624398388,57.75953674316406,2238600,0.0,0
2016-08-17,57.95513348211448,58.168496079280935,57.66175567183895,58.150718688964844,2417600,0.0,0
2016-08-18,58.01736925615138,58.07960030134744,57.51062880736199,57.7150993347168,2111300,0.0,0
2016-08-19,57.590621046850394,57.857329327064264,57.51061263239022,57.75953674316406,1525400,0.0,0
2016-08-22,57.78620739211558,58.399632379502776,57.70619897602514,58.23960876464844,2194400,0.0,0
2016-08-23,58.23960296875959,58.34628084626381,57.90177160286882,58.035125732421875,1380400,0.0,0
2016-08-24,57.98180201143571,58.159603042389826,57.83955576053277,58.04403305053711,1297700,0.0,0
2016-08-25,58.08846654116868,58.34628272455817,57.91955763545853,57.972896575927734,1592500,0.0,0
2016-08-26,57.777329169457566,58.07070699752486,56.692728553522166,56.87053298950195,2609500,0.0,0
2016-08-29,56.98610020910871,57.39504801796771,56.87941890926231,57.226139068603516,2233500,0.0,0
2016-08-30,57.35947963906778,57.35947963906778,56.75495008420718,56.941646575927734,1671400,0.0,0
2016-08-31,56.79051785777001,56.932760720008055,56.55048239186756,56.84385681152344,1520300,0.0,0
2016-09-01,56.879405501624205,57.01275624716436,56.603808534702694,56.897186279296875,2225300,0.0,0
2016-09-02,57.18167784696064,57.44838614826837,56.96831527551877,57.20834732055664,1514000,0.0,0
2016-09-06,57.35059743562858,57.643968447701056,57.07499703025691,57.475059509277344,2494100,0.0,0
2016-09-07,57.439260815866014,57.52873553449635,57.10822893039936,57.358741760253906,2023100,0.41,0
2016-09-08,57.21557992224288,57.65398070194385,57.135057469358244,57.53766632080078,1790100,0.0,0
2016-09-09,57.14401877416178,57.14401877416178,56.133018533924854,56.141963958740234,2536500,0.0,0
2016-09-12,56.26721417566722,56.86665996160475,56.03459561333614,56.66982650756836,3803200,0.0,0
2016-09-13,56.365631834425216,56.56246529171532,56.00775344171254,56.08827590942383,3682900,0.0,0
2016-09-14,56.168801632410414,56.311952315195555,55.83776631840381,56.052494049072266,1964900,0.0,0
2016-09-15,55.98986976737454,56.490895485787874,55.873558762893566,56.21354293823242,2712600,0.0,0
2016-09-16,55.92723006729125,56.276163030370675,55.90039038281638,56.195640563964844,2975500,0.0,0
2016-09-19,56.061439251249396,56.51773098426085,55.980916779190736,56.356689453125,2500800,0.0,0
2016-09-20,56.79508806583289,56.99192153770636,56.51773212028223,56.562469482421875,3085300,0.0,0
2016-09-21,56.6877236677201,57.305063745871855,56.589306935668,57.26032638549805,2558200,0.0,0
2016-09-22,57.43926261889891,57.48399997961839,56.99191972853701,57.2692756652832,5233200,0.0,0
2016-09-23,56.47300493667547,57.02771689423212,56.47300493667547,56.6877326965332,1922500,0.0,0
2016-09-26,56.64299028487756,56.96507675710178,56.44615681881156,56.81298065185547,1450100,0.0,0
2016-09-27,57.00087367382036,57.287175077720114,57.00087367382036,57.16191864013672,2660600,0.0,0
2016-09-28,57.224534432451996,57.40347703725887,57.00981013264617,57.12611770629883,1455700,0.0,0
2016-09-29,57.01875839516079,57.063492342099046,56.55351783844385,56.607200622558594,1650800,0.0,0
2016-09-30,56.80403688314961,57.296117149675844,56.7235144095012,57.04560089111328,2471700,0.0,0
2016-10-03,56.99192271537676,57.04560209028307,56.70562133927102,56.77719497680664,1230600,0.0,0
2016-10-04,56.7861417249688,56.88455845931762,55.81092663193831,56.052494049072266,1813900,0.0,0
2016-10-05,56.20459240732694,56.32984883315773,55.70356329102216,55.8377685546875,1665500,0.0,0
2016-10-06,55.80197652440457,56.36563381822158,55.524624002623014,56.168800354003906,2706100,0.0,0
2016-10-07,56.12407081944115,56.231432984282606,55.721458435058594,55.721458435058594,2323000,0.0,0
2016-10-10,55.77513683854995,56.24037740025812,55.77513683854995,56.168800354003906,2356800,0.0,0
2016-10-11,56.01670060076471,56.231424899575494,55.66777105546127,55.855655670166016,1440900,0.0,0
2016-10-12,55.95406940812559,56.4908835394699,55.79302448612609,56.20458221435547,1826000,0.0,0
2016-10-13,55.560408711667094,55.66777428027333,54.647825269383844,55.20253372192383,2567400,0.0,0
2016-10-14,55.33674332337464,55.88250642822338,55.238329991156654,55.36358642578125,1869100,0.0,0
2016-10-17,55.35462727945877,56.20458588711302,55.300947910605196,56.043540954589844,1733100,0.0,0
2016-10-18,56.410378111834845,56.4998494360625,55.873563818397066,55.95408630371094,941100,0.0,0
2016-10-19,55.96301781957141,55.99880634036694,55.45304334366929,55.855655670166016,1394700,0.0,0
2016-10-20,55.828816027413055,55.998806381845945,55.62303373917693,55.864601135253906,979500,0.0,0
2016-10-21,55.48883075504876,55.69460962603703,55.104112696641664,55.65882110595703,1158400,0.0,0
2016-10-24,55.82881940889297,56.106171929609665,55.82881940889297,55.989864349365234,1263500,0.0,0
2016-10-25,55.90040029172871,56.71457052393816,55.76619843258451,56.13302230834961,2363200,0.0,0
2016-10-26,57.296122021652266,57.48400667181415,56.329852255708,57.23349380493164,2276500,0.0,0
2016-10-27,57.43032931085164,57.65400249642004,56.56247625869201,56.6877326965332,2113000,0.0,0
2016-10-28,56.8219212434537,57.64504014819212,56.8219212434537,57.242427825927734,2556300,0.0,0
2016-10-31,58.09239292005019,58.93340617918035,58.08344408245263,58.745521545410156,3529600,0.0,0
2016-11-01,58.083440916335974,58.155017961288614,57.072440753740146,57.21559143066406,2696000,0.0,0
2016-11-02,57.32295816618202,57.51084280472581,56.81298362557367,56.93824005126953,1853500,0.0,0
2016-11-03,56.938242747626745,56.938242747626745,56.53563035098,56.73246383666992,1069700,0.0,0
2016-11-04,56.73245905624215,57.009814997890665,56.678776270218776,56.69667053222656,1136600,0.0,0
2016-11-07,57.49295560143244,57.93135311917256,57.2961221125799,57.88661575317383,1905000,0.0,0
2016-11-08,57.86870817379605,58.673932747254966,57.725554104753705,58.42341995239258,1704000,0.0,0
2016-11-09,57.86872567948946,59.1391877097362,57.54663575267144,59.01393127441406,2532900,0.0,0
2016-11-10,59.04970595185639,59.6402062878368,58.65603906120278,59.532840728759766,2748500,0.0,0
2016-11-11,59.40758851079695,60.72278769186721,59.40758851079695,60.49016571044922,2424900,0.0,0
2016-11-14,60.52594525771116,60.83908624820813,60.06965019958033,60.58857345581055,1956900,0.0,0
2016-11-15,60.69594103973916,61.447486352588925,60.615421984413814,61.42064666748047,2988200,0.0,0
2016-11-16,61.42960417728851,62.136405404807746,61.10751425858839,61.474334716796875,2564500,0.0,0
2016-11-17,61.3580357704824,61.65328604189621,61.21488164156738,61.52802276611328,1864000,0.0,0
2016-11-18,61.51907644469483,61.706961106265865,61.304345266358716,61.64433288574219,2078900,0.0,0
2016-11-21,61.72483867190898,62.2527108392393,61.56379373580376,62.20797348022461,1635200,0.0,0
2016-11-22,62.33323850378931,62.53902082733191,62.17219354544054,62.243770599365234,1591100,0.0,0
2016-11-23,62.216941833496094,62.556922660380366,62.06484568667666,62.216941833496094,1422100,0.0,0
2016-11-25,62.261648510361354,62.74478328500037,62.20796914405551,62.65531539916992,750500,0.0,0
2016-11-28,62.628488155645286,62.95057806937997,62.413763821809994,62.83427047729492,1514700,0.0,0
2016-11-29,62.64637444968298,63.22792601973875,62.539015703555336,62.977413177490234,2391200,0.0,0
2016-11-30,63.319386905367864,63.319386905367864,62.56343841552735,62.563438415527344,2896700,0.41,0
2016-12-01,62.65344826147788,62.82443116372876,62.03249120090002,62.356468200683594,2392900,0.0,0
2016-12-02,62.61743997197873,63.36438720487609,62.464452765034906,62.878421783447266,1834600,0.0,0
2016-12-05,62.905412720289824,63.193391438943095,61.987475834238985,62.0954704284668,2621300,0.0,0
2016-12-06,61.996481548099105,62.572439026726926,61.951482080787194,62.554443359375,2257400,0.0,0
2016-12-07,62.50944613663247,62.950412095113364,62.068480178151574,62.9414176940918,2539200,0.0,0
2016-12-08,62.91442708523552,63.2473984713435,62.806432468522964,63.04941177368164,1385200,0.0,0
2016-12-09,63.05841194825822,63.20240476804509,62.77943444236559,63.01341247558594,1628100,0.0,0
2016-12-12,62.94141716280568,63.68835753263434,62.87842202641157,63.625362396240234,1402100,0.0,0
2016-12-13,63.67937926780917,64.04834891276877,63.346400967662056,63.742374420166016,1788000,0.0,0
2016-12-14,63.922339538985334,63.98533467254971,62.98640693606136,63.03140640258789,2384200,0.0,0
2016-12-15,62.89640281910693,63.36437246389139,62.87840715551675,63.08538818359375,3199700,0.0,0
2016-12-16,63.29239696193546,63.72436169016643,62.99541692005444,63.067413330078125,3669900,0.0,0
2016-12-19,63.661373132963135,64.21933506942844,63.58938358144847,63.976348876953125,2249700,0.0,0
2016-12-20,64.12032511902564,64.5972892459197,63.98533358768942,64.02133178710938,1460800,0.0,0
2016-12-21,63.98535607186273,64.21033974782988,63.6073851440676,63.61638641357422,1440700,0.0,0
2016-12-22,63.61636398311875,63.83234631342619,63.54436758436478,63.706356048583984,1608700,0.0,0
2016-12-23,63.85934720062943,63.99433874016316,63.679363058554394,63.82334899902344,910700,0.0,0
2016-12-27,63.85935592651368,63.994347484492955,63.76036257505926,63.85935592651367,708400,0.0,0
2016-12-28,63.89535413303854,64.25532933233134,63.80536204970431,63.85935592651367,1098800,0.0,0
2016-12-29,63.89536045584261,64.11134285040862,63.832365304679335,63.904361724853516,871200,0.0,0
2016-12-30,64.13834319240662,64.34533119489375,63.67038016837388,63.81437301635742,1230600,0.0,0
2017-01-03,63.89535433465283,64.14733491516613,63.16640953160281,63.463382720947266,1744000,0.0,0
2017-01-04,63.670369808103146,64.05734194164575,63.28339767456055,63.28339767456055,1606300,0.0,0
2017-01-05,63.328379777584544,63.985327978028565,63.25638338505663,63.52635955810547,2464200,0.0,0
2017-01-06,63.36438375927838,63.71535762245497,63.157395828350246,63.16639709472656,1570600,0.0,0
2017-01-09,63.3103559072727,63.427351722184774,62.6984005089571,62.797393798828125,2262500,0.0,0
2017-01-10,62.61742419366194,62.977399252083,62.25744913524088,62.53642654418945,2089900,0.0,0
2017-01-11,62.50944562557741,63.23839032775327,62.41045228750971,63.11240005493164,1731900,0.0,0
2017-01-12,62.9594184818923,63.09441003369792,62.44645607779539,62.89642333984375,1337800,0.0,0
2017-01-13,63.094405755499075,63.256394233490866,62.74343186417604,62.806427001953125,1611500,0.0,0
2017-01-17,62.5814444331056,62.74343291380729,62.43745162094624,62.52745056152344,1795000,0.0,0
2017-01-18,62.482471221762054,62.69845364363086,62.482471221762054,62.62645721435547,1422300,0.0,0
2017-01-19,62.42846005644457,62.71643882789406,62.3204654424177,62.60844421386719,1162100,0.0,0
2017-01-20,62.74342791879738,62.842421252787275,62.5004417841114,62.68943405151367,1331300,0.0,0
2017-01-23,62.71642982535168,62.878418290161825,62.302460829937864,62.40144729614258,1005000,0.0,0
2017-01-24,62.410440894797134,62.65342699513648,62.09546527024027,62.59942626953125,1090900,0.0,0
2017-01-25,62.59943958131536,62.9774172771143,62.59943958131536,62.69843292236328,1931800,0.0,0
2017-01-26,62.7164203240117,62.86040623427703,62.63542267090026,62.752418518066406,1137000,0.0,0
2017-01-27,62.86043320431181,62.86043320431181,62.581455663135465,62.67144775390625,1134600,0.0,0
2017-01-30,62.71643468337517,62.71643468337517,62.42845593095632,62.63543701171875,1146200,0.0,0
2017-01-31,62.73443372597962,62.97741988806386,62.40145548629045,62.545448303222656,1374100,0.0,0
2017-02-01,62.38346710319356,62.64444896489785,62.09548830165024,62.257476806640625,1719000,0.0,0
2017-02-02,62.23048170295992,62.72544163517743,62.149484015096725,62.67144775390625,1613200,0.0,0
2017-02-03,62.797424186235034,62.98640959490579,62.61744004444047,62.68043518066406,1351300,0.0,0
2017-02-06,62.82441593131242,62.932410527041235,62.37444874804056,62.47344207763672,1006200,0.0,0
2017-02-07,62.527443789250846,63.07639744477513,62.50944125670317,62.90541458129883,1554800,0.0,0
2017-02-08,62.86043221310028,63.112412809667696,62.770440123748536,63.004425048828125,1604200,0.0,0
2017-02-09,63.00440799066502,63.27438418562541,62.76142186265078,63.22039031982422,1512100,0.0,0
2017-02-10,63.13940782434337,63.742362291597026,63.03141321258459,63.481380462646484,1617300,0.0,0
2017-02-13,63.526393408644246,63.88636869714559,63.45440384371002,63.75137710571289,1548800,0.0,0
2017-02-14,63.706360636967524,63.940345516793215,63.64336550000926,63.76935577392578,1230100,0.0,0
2017-02-15,63.571359351031504,64.29130954815268,63.44536909642839,64.21031188964844,1499000,0.0,0
2017-02-16,62.671427548396636,64.10232673436342,62.5904367526016,64.05732727050781,2252600,0.0,0
2017-02-17,64.04833371088293,65.21825125235172,64.03033804274796,65.20024871826172,2436500,0.0,0
2017-02-21,65.11024814530973,65.875190961348,64.98425788694831,65.53321838378906,1717000,0.0,0
2017-02-22,65.56021558333396,65.88419249643114,65.30823506558151,65.70420837402344,1319200,0.0,0
2017-02-23,65.82120073027696,65.96519352832408,65.3262340694331,65.61421966552734,1490200,0.0,0
2017-02-24,65.67723583603177,65.8302230834961,65.47924910827477,65.8302230834961,1150600,0.0,0
2017-02-27,65.75820664675624,66.10017924864238,65.6952115130942,65.91119384765625,1144200,0.0,0
2017-02-28,65.88420672475316,66.17218550236973,65.81221031386009,65.98320007324219,2115300,0.0,0
2017-03-01,66.01018045221328,66.28016349235928,65.56021329593922,66.02818298339844,1746800,0.0,0
2017-03-02,65.83022318264055,66.1901984276539,65.7492254911831,65.94721221923828,1108200,0.0,0
2017-03-03,65.93817984329583,65.95618237332991,65.40722192849977,65.5422134399414,2133800,0.0,0
2017-03-06,65.31723633148815,65.76720350346154,65.1822448067053,65.70420837402344,1994600,0.0,0
2017-03-07,65.56023111976137,65.92920758387739,65.40724389286457,65.42523956298828,1762500,0.0,0
2017-03-08,65.36640624016638,65.70134253915131,65.18536369853307,65.34830474853516,1517300,0.425,0
2017-03-09,65.36639438377983,65.54744379890403,65.12198630627343,65.44786834716797,1568300,0.0,0
2017-03-10,65.665124391507,66.17204896939363,65.63796870431014,66.08152770996094,1638900,0.0,0
2017-03-13,65.96383705449138,66.21729929075926,65.78278766692291,66.17203521728516,1359600,0.0,0
2017-03-14,66.16298406217261,66.28066789608285,65.82805476585156,66.06341552734375,1070100,0.0,0
2017-03-15,66.10867035555022,66.86000978264676,65.95478355423975,66.78759002685547,1575600,0.0,0
2017-03-16,66.6699219952823,66.8962285825668,66.02721211615376,66.18109893798828,1462400,0.0,0
2017-03-17,66.40740961783291,66.79665724820401,66.23541439087168,66.57035064697266,3203300,0.0,0
2017-03-20,66.60655642709578,66.63371211255729,66.14488905526328,66.18109893798828,1444800,0.0,0
2017-03-21,66.39835031910984,66.41645871336166,65.54744226015302,65.64701080322266,2194400,0.0,0
2017-03-22,65.88237115041385,66.03625796889689,65.66511876512432,65.76469421386719,1399200,0.0,0
2017-03-23,65.6832275390625,65.98195391842833,65.60176047541522,65.6832275390625,1213500,0.0,0
2017-03-24,65.71944284603465,65.96385786979677,65.31209368153799,65.46598052978516,1578000,0.0,0
2017-03-27,65.33924341863406,65.33924341863406,64.77800055069464,65.06767272949219,1624200,0.0,0
2017-03-28,64.83231266368449,65.59269947080556,64.75083870216218,65.48406982421875,1619800,0.0,0
2017-03-29,65.04051732238209,65.56555030694523,65.01336163461667,65.31208801269531,1768500,0.0,0
2017-03-30,65.3482772900246,66.0271968953716,65.31206741564681,66.01814270019531,1351800,0.0,0
2017-03-31,65.82806697393404,66.20826041631796,65.79185708804087,66.00910949707031,1331000,0.0,0
2017-04-03,66.15393109754481,66.162978386817,65.62889825399421,65.71036529541016,1528700,0.0,0
2017-04-04,65.78278274439283,66.0090892821729,65.56553040189564,65.65605163574219,2316300,0.0,0
2017-04-05,65.88237636104317,66.74234558580743,65.88237636104317,66.32593536376953,1559200,0.0,0
2017-04-06,66.21730502951313,66.31688047472355,65.8461589325782,66.1629867553711,1257100,0.0,0
2017-04-07,66.25352784280106,66.55224733041355,66.12679668894609,66.2716293334961,1175000,0.0,0
2017-04-10,66.1810997568261,66.2987766973916,65.86427191197357,65.98194885253906,1226900,0.0,0
2017-04-11,65.97289158994252,66.05436554987863,65.63796227222943,65.9638442993164,1212100,0.0,0
2017-04-12,65.81900756209681,65.91858301383287,65.31208301240707,65.44786834716797,1551500,0.0,0
2017-04-13,65.28494041031445,65.52934853680209,65.09484366608397,65.19441223144531,1927500,0.0,0
2017-04-17,65.375451592873,65.81901059428567,65.375451592873,65.62891387939453,1241100,0.0,0
2017-04-18,65.53839913042077,65.67418448492397,65.38451228493781,65.58365631103516,1322100,0.0,0
2017-04-19,65.7285018565128,65.94575429972633,65.61987218174072,65.81902313232422,1429600,0.0,0
2017-04-20,65.96385387898893,66.0543751426972,65.80996013372217,65.93669128417969,1138300,0.0,0
2017-04-21,65.99099423502422,66.59749415791725,65.94573016052195,66.42549896240234,1356100,0.0,0
2017-04-24,66.82381583783149,67.16779940036548,66.73329457467302,67.07727813720703,1407800,0.0,0
2017-04-25,67.16781420600898,67.51180475069769,67.10444861719756,67.19497680664062,1616200,0.0,0
2017-04-26,67.0591701569638,67.23115846842053,65.32113720974554,65.44786834716797,2914700,0.0,0
2017-04-27,65.93669128417969,66.64277371629554,65.72849306828364,65.93669128417969,1663400,0.0,0
2017-04-28,65.88238525390625,66.17205746507891,65.68323431378813,65.88238525390625,1501000,0.0,0
2017-05-01,66.15393410190204,66.18108978360729,65.42069616422036,66.09056854248047,1721000,0.0,0
2017-05-02,66.27161602904002,66.34403578994124,65.68321755779249,65.95478820800781,1256300,0.0,0
2017-05-03,65.92764321247103,66.0362659651043,65.62891683007021,65.972900390625,1351600,0.0,0
2017-05-04,66.12678303658721,66.19919589074709,65.7465827471875,66.0362548828125,1367400,0.0,0
2017-05-05,66.10869582162701,66.47078783373878,66.01817454518175,66.43457794189453,904000,0.0,0
2017-05-08,66.47984322369598,66.64278428674741,66.18111679037986,66.31690216064453,1210400,0.0,0
2017-05-09,66.18110858781259,66.47983498410419,65.65607557123886,65.8642807006836,1316500,0.0,0
2017-05-10,65.74658348736779,66.29877208123334,65.65606223890246,66.1629867553711,1457800,0.0,0
2017-05-11,65.94571987463699,66.00003813683306,65.5474250877191,65.67415618896484,1429100,0.0,0
2017-05-12,65.8733298319356,65.8733298319356,65.05863150123983,65.14009857177734,1223800,0.0,0
2017-05-15,65.04051277672154,65.42070619152483,64.79610469758487,65.33018493652344,1334700,0.0,0
2017-05-16,65.33922851561373,65.44785814775938,64.41590081452343,64.49736785888672,1898200,0.0,0
2017-05-17,64.4973870969934,64.4973870969934,63.98140827647066,64.02667236328125,1644700,0.0,0
2017-05-18,63.96330710740449,64.44307604215894,63.59216093141405,64.23487091064453,2235700,0.0,0
2017-05-19,64.16243825334658,64.26201369977723,63.438261350421136,63.81845474243164,3271900,0.0,0
2017-05-22,63.98139528688505,64.36158867611867,63.91802972201278,64.24391174316406,2345500,0.0,0
2017-05-23,64.38875239905327,64.72368865881104,64.01761316027309,64.28917694091797,1603200,0.0,0
2017-05-24,64.5426688972011,64.69655578446256,64.36161940660064,64.61508178710938,1521500,0.0,0
2017-05-25,64.71462857572587,64.94093515884762,64.57884324458705,64.78704833984375,1291900,0.0,0
2017-05-26,64.60600542142893,65.11292995434452,64.52453146073677,65.03145599365234,1076300,0.0,0
2017-05-30,64.97714227366916,65.40259973683136,64.83230965793034,65.30302429199219,1365800,0.0,0
2017-05-31,65.31208702804304,66.07247389932913,65.27587714279187,66.00006103515625,2364200,0.0,0
2017-06-01,66.04530406609032,66.53412705278853,65.82805170744489,66.49791717529297,1630000,0.0,0
2017-06-02,66.72422782558185,67.36693765134127,66.61559818642722,67.21305084228516,1856800,0.0,0
2017-06-05,67.01388088061631,67.43933821328281,66.74231721952646,66.90525817871094,1523900,0.0,0
2017-06-06,66.95054525336313,67.06822220178807,66.30783532335703,66.45267486572266,1775000,0.0,0
2017-06-07,66.64842316069827,66.92157522595305,66.56648170904919,66.76679229736328,1633800,0.425,0
2017-06-08,66.76678687763072,66.93977668814058,65.83807548838824,66.04749298095703,2232600,0.0,0
2017-06-09,65.98374660640252,66.25689165399284,65.77432915136055,66.14763641357422,2025000,0.0,0
2017-06-12,66.1476451279762,66.46631786541928,66.01106911291642,66.3570556640625,1961500,0.0,0
2017-06-13,66.35705859876461,67.03083178377928,66.24780333912061,66.80320739746094,1431800,0.0,0
2017-06-14,67.03993565667106,67.26756005622771,66.71215596558584,66.8487319946289,1492600,0.0,0
2017-06-15,66.60288374456505,67.53158800185703,66.60288374456505,67.42233276367188,2523300,0.0,0
2017-06-16,67.55892298533476,67.81386816293872,67.32219859737836,67.5042953491211,2601600,0.0,0
2017-06-19,67.54980973958595,67.85026862627915,67.29487155861261,67.54070281982422,2244600,0.0,0
2017-06-20,67.44057155133441,67.7774582370083,67.16741943359375,67.16741943359375,1275300,0.0,0
2017-06-21,67.16740027290895,67.40413157764928,66.5755824308755,66.83052062988281,2568100,0.0,0
2017-06-22,66.77588406012256,66.97619462380291,66.48452513473607,66.79409790039062,1062800,0.0,0
2017-06-23,66.71215853602796,67.00351750082481,66.64842397955819,66.85784149169922,1649200,0.0,0
2017-06-26,67.0126009041418,67.19470453482168,66.766769685903,66.8851318359375,1233900,0.0,0
2017-06-27,66.67573711880931,66.95798912996278,66.56647491455078,66.56647491455078,1033800,0.0,0
2017-06-28,66.94889574052438,67.5134068234682,66.87605425629687,66.93978881835938,1289900,0.0,0
2017-06-29,66.91247022340065,67.10367389594349,66.08392097571502,66.48453521728516,2280900,0.0,0
2017-06-30,66.81230221612377,67.05814042444374,66.66662623232388,66.78498840332031,1460900,0.0,0
2017-07-03,66.86694136496172,67.23113482266078,66.75767915972503,66.83052062988281,758200,0.0,0
2017-07-05,67.19472104780932,67.24024175675852,66.83052064349117,67.12187957763672,1413900,0.0,0
2017-07-06,66.8396402358703,66.99442317942335,66.63022270605728,66.82142639160156,1552200,0.0,0
2017-07-07,66.96708454904538,67.54980231192248,66.91244998302687,67.3676986694336,1468300,0.0,0
2017-07-10,67.34952039670584,67.64087940194906,67.15831670075373,67.35862731933594,1399300,0.0,0
2017-07-11,67.35862135310275,67.5589250073966,67.14009690861599,67.24935913085938,1202900,0.0,0
2017-07-12,67.5771362423567,67.85938828907378,67.52250860661681,67.53160858154297,1167300,0.0,0
2017-07-13,67.53158847440176,67.5771161216599,67.13097435401355,67.3676986694336,1012700,0.0,0
2017-07-14,67.45876792012795,67.6499785406256,67.38593338710763,67.6226577758789,773500,0.0,0
2017-07-17,67.56802426640573,67.94133160682473,67.40413442490022,67.83206939697266,1162000,0.0,0
2017-07-18,67.92311834852296,68.26000495521757,67.74102161041766,68.09611511230469,1383600,0.0,0
2017-07-19,68.12342916968733,68.35105356639792,68.03238080031215,68.2144775390625,2227400,0.0,0
2017-07-20,68.11431861349071,68.54225356791478,67.96864261957428,68.28731536865234,2184800,0.0,0
2017-07-21,68.18714947732168,68.6697119860845,68.15983566687004,68.62419128417969,1385600,0.0,0
2017-07-24,68.56048095848814,68.7061569811948,68.31464268451032,68.36927032470703,1516900,0.0,0
2017-07-25,68.5331466741211,69.17049911906973,68.3965776005667,68.87003326416016,2202100,0.0,0
2017-07-26,69.19782387524172,69.19782387524172,66.90337277164818,67.9777603149414,3670400,0.0,0
2017-07-27,68.24179555114588,68.73346511185709,67.82296746903168,68.6970443725586,1882000,0.0,0
2017-07-28,68.70614942508975,68.87003927420206,67.93222783904935,68.105224609375,1494300,0.0,0
2017-07-31,68.23268551693685,68.59687896313872,68.114316395031,68.42388916015625,1362600,0.0,0
2017-08-01,68.5877956869106,68.74257863388198,68.42390581760372,68.48764038085938,1485700,0.0,0
2017-08-02,68.27820705434777,68.66972126566381,68.12342414317615,68.51493835449219,1311700,0.0,0
2017-08-03,68.63329750282563,68.95197717788098,68.50582841142128,68.85182189941406,1889700,0.0,0
2017-08-04,68.88824111081719,69.15227926107755,68.63329598709434,68.7607650756836,1519400,0.0,0
2017-08-07,68.76079538764483,68.90647837970819,68.53317092245639,68.6424331665039,868200,0.0,0
2017-08-08,68.53315112717073,68.77898936863227,68.44210275670346,68.59688568115234,1325300,0.0,0
2017-08-09,68.50583459324461,68.70614516825404,68.4056793057399,68.49673461914062,1454600,0.0,0
2017-08-10,68.34196619767226,68.66974597843475,68.06882101140174,68.11434173583984,1628100,0.0,0
2017-08-11,68.25092386211277,68.48765526847065,67.9322509765625,67.9322509765625,958400,0.0,0
2017-08-14,68.40568689857638,68.89735647002479,68.3692661584825,68.78810119628906,1091500,0.0,0
2017-08-15,68.78809065775702,69.07944958732507,68.7152491887288,68.9246597290039,1161800,0.0,0
2017-08-16,69.06124653168081,69.4254469871521,68.95199125762156,69.19782257080078,1663700,0.0,0
2017-08-17,69.19782485988702,69.49829076658128,68.73346909013644,68.76988983154297,1476700,0.0,0
2017-08-18,68.67882818589297,68.88824567189471,68.46941069989121,68.51493835449219,1555100,0.0,0
2017-08-21,68.55135208377479,69.08854223113919,68.54224516447624,68.77897644042969,1819900,0.0,0
2017-08-22,68.94290112252126,69.37993621826172,68.94290112252126,69.37993621826172,1526400,0.0,0
2017-08-23,69.0885521509167,69.3434973020724,69.02481759976403,69.22512817382812,1067300,0.0,0
2017-08-24,69.35261380620875,69.42545529532917,68.83363035268259,68.87915802001953,864400,0.0,0
2017-08-25,69.15229914916833,69.4891858067819,69.08856458654374,69.09767150878906,972500,0.0,0
2017-08-28,69.20692302922302,69.5255957930447,68.9975055292572,69.4345474243164,1986100,0.0,0
2017-08-29,69.30708053509828,69.97173989996016,69.19781832120317,69.88069152832031,1407500,0.0,0
2017-08-30,69.85337935195716,70.07189683833369,69.53470657046104,70.06278991699219,1847300,0.0,0
2017-08-31,70.13562410610088,70.27220012584777,69.88068590739731,70.20846557617188,2115500,0.0,0
2017-09-01,70.32683938096156,70.58177762180935,70.22668407969334,70.28131866455078,1782400,0.0,0
2017-09-05,70.27220353119466,70.2813104520311,69.04303318699763,69.1431884765625,2792100,0.0,0
2017-09-06,69.22512900065067,69.46186031342165,69.16139444873677,69.31617736816406,1857200,0.0,0
2017-09-07,69.53135356076031,69.68700542288315,69.32991845187536,69.65953826904297,1836000,0.425,0
2017-09-08,69.57713547692094,70.73080493077305,69.3757003516642,70.61177825927734,2240600,0.0,0
2017-09-11,71.05128007021642,71.24355718437555,70.76744342344028,71.1611557006836,2340800,0.0,0
2017-09-12,71.04209736644273,71.76542929851378,70.95969591134784,71.71049499511719,1470000,0.0,0
2017-09-13,71.70131939229925,71.77456976925309,71.14279749272202,71.24351501464844,1697300,0.0,0
2017-09-14,71.17943659742721,71.41749687629991,71.06956799605658,71.27099609375,1630300,0.0,0
2017-09-15,71.24354301906455,71.45413618920169,70.82236366433342,71.41751098632812,2335800,0.0,0
2017-09-18,71.50907838256585,71.7379806865981,71.3900516992649,71.58232879638672,1233600,0.0,0
2017-09-19,71.60979535863862,71.7196709784546,71.34426784990791,71.65557861328125,1137900,0.0,0
2017-09-20,71.75628805951132,72.06759180208931,71.66472156059487,71.77459716796875,1625700,0.0,0
2017-09-21,71.85699989907764,71.93024331261927,71.21606938540492,71.67387390136719,1737900,0.0,0
2017-09-22,71.63726455090679,71.9211081637701,71.59148828050851,71.60063934326172,1003500,0.0,0
2017-09-25,71.82036411911159,71.96685791015625,71.6463961933009,71.96685791015625,1463600,0.0,0
2017-09-26,71.98519134521484,72.14084321868665,71.78375622164276,71.98519134521484,1266200,0.0,0
2017-09-27,72.00348958913591,72.16829948486782,71.5914683425772,71.71049499511719,1817100,0.0,0
2017-09-28,71.50907176334233,71.84784965674697,71.22523516798968,71.79291534423828,2376800,0.0,0
2017-09-29,71.74712707647355,71.90277894139295,71.4724415620511,71.66471862792969,1917400,0.0,0
2017-10-02,71.87530147829332,72.12251281738281,71.6921824853042,72.12251281738281,1775500,0.0,0
2017-10-03,72.11337153083456,72.58948516845703,71.82037691101856,72.58948516845703,1922200,0.0,0
2017-10-04,71.30762509639577,71.40834264339054,69.45809802398135,69.88843536376953,5727700,0.0,0
2017-10-05,69.8243566835001,70.41034598861715,69.70532302163525,70.19975280761719,2500700,0.0,0
2017-10-06,69.96170028926088,70.08988501468735,69.55883001760989,69.84266662597656,2530600,0.0,0
2017-10-09,69.98916192995557,70.39202518430768,69.9433786806791,70.30962371826172,1124000,0.0,0
2017-10-10,70.55683435152096,70.66670995729007,70.16312216277709,70.26383972167969,1870400,0.0,0
2017-10-11,70.49275632745363,70.77659995368379,70.31879531487742,70.57516479492188,2337400,0.0,0
2017-10-12,70.5019079437948,70.69418503628536,70.37372321546778,70.42865753173828,2592300,0.0,0
2017-10-13,70.65756831761996,70.95972106448978,70.43782404059856,70.52022552490234,2086800,0.0,0
2017-10-16,70.50189227681261,70.68501128071732,70.14480532931888,70.21805572509766,1549000,0.0,0
2017-10-17,70.13563304009787,70.51103600306939,70.08985679118919,70.35537719726562,1793500,0.0,0
2017-10-18,70.50189475521285,70.6392375057406,70.36455200468511,70.44696044921875,1444500,0.0,0
2017-10-19,70.36456230991112,70.95055161147744,70.35540426239004,70.84068298339844,1285900,0.0,0
2017-10-20,71.09704531358196,71.30763148668494,71.00548580416576,71.17029571533203,1357500,0.0,0
2017-10-23,70.73997626220964,71.36259086376778,70.63010063174248,71.1611557006836,1716500,0.0,0
2017-10-24,71.37174987792969,71.55487594910846,71.27103228516769,71.37174987792969,1320500,0.0,0
2017-10-25,71.35341092185095,71.35341092185095,70.84982316865367,70.96885681152344,1849800,0.0,0
2017-10-26,71.94855722407881,74.55804148885014,71.41750232513101,74.44816589355469,3795100,0.0,0
2017-10-27,74.77778036915254,75.72085645860497,74.50310187878662,75.36376953125,2767400,0.0,0
2017-10-30,75.3637855096029,75.87653137430506,74.70454581608821,74.96092224121094,2005700,0.0,0
2017-10-31,74.8510263889593,75.33629798058335,74.72284170383375,75.23558044433594,2000500,0.0,0
2017-11-01,75.27222419425853,75.4919684249967,74.03615329123448,74.25589752197266,2754700,0.0,0
2017-11-02,74.3932307135404,75.11656265658944,74.3932307135404,74.75947570800781,2629500,0.0,0
2017-11-03,74.96092620385186,75.65678415219716,74.80526733398438,74.80526733398438,2001000,0.0,0
2017-11-06,74.74115829235423,74.81440868705869,74.38407135009766,74.38407135009766,1313300,0.0,0
2017-11-07,74.42070338677776,74.81441556256905,74.35661103190674,74.74116516113281,2088600,0.0,0
2017-11-08,74.65877024036452,75.27222668867353,74.64961219299686,74.9334487915039,1301600,0.0,0
2017-11-09,74.66790608198875,74.86018310626741,74.17347645432592,74.53056335449219,1213100,0.0,0
2017-11-10,74.35661124051502,74.64960586153919,74.22842653041337,74.45732879638672,1815600,0.0,0
2017-11-13,74.45734581700137,75.2539283994792,74.41156255912374,75.20814514160156,1902800,0.0,0
2017-11-14,74.81441531160219,75.53774730588734,74.64960540169491,75.42787170410156,1438800,0.0,0
2017-11-15,75.2630635538813,75.30884680208149,71.71966088634237,74.83273315429688,1129900,0.0,0
2017-11-16,74.94261010831748,75.30885517802452,74.64961544966059,74.80526733398438,2141200,0.0,0
2017-11-17,74.72285592945936,74.82357348488122,73.74315451489063,73.8438720703125,2157800,0.0,0
2017-11-20,74.05444688747792,74.44815900224798,73.88048594295745,74.09107208251953,1963800,0.0,0
2017-11-21,74.18263910814736,74.31998185711053,73.84386824431955,74.04530334472656,1371700,0.0,0
2017-11-22,74.04530798002165,74.05445904112764,73.46846979537425,73.48678588867188,2363700,0.0,0
2017-11-24,73.55088053573174,73.7065324058971,73.02898362917381,73.5966567993164,540700,0.0,0
2017-11-27,73.706515823893,74.21010350883184,73.5783311378252,74.0269775390625,996500,0.0,0
2017-11-28,74.20095016266957,74.7594721811364,74.03614027221145,74.72284698486328,877500,0.0,0
2017-11-29,74.61297094713991,75.96807525892505,74.47562820832749,75.64761352539062,1930900,0.0,0
2017-11-30,75.8731173217625,76.27806367067193,75.45895855049575,75.69824981689453,3620200,0.425,0
2017-12-01,75.82708234323766,76.06637356231057,74.38214367325084,75.29328155517578,2383800,0.0,0
2017-12-04,75.8178895462285,77.24442467723829,75.73506200758746,76.52655792236328,2263400,0.0,0
2017-12-05,76.75663543851952,77.21680710539115,76.45292045318529,76.6830062866211,2469500,0.0,0
2017-12-06,76.78425482780293,77.02354609246873,76.49895060332743,76.84867858886719,1431100,0.0,0
2017-12-07,77.1339732320805,77.26282073820411,76.65539778385889,77.22601318359375,1171200,0.0,0
2017-12-08,77.30883206391768,77.83342742919922,77.01432250835018,77.83342742919922,1668400,0.0,0
2017-12-11,79.02988142624501,79.02988142624501,78.2199748311744,78.56970977783203,2861500,0.0,0
2017-12-12,78.34883159812998,78.68015578590946,77.79662695905182,77.89786529541016,2223700,0.0,0
2017-12-13,77.8426279778778,78.69854741755474,77.44688012895918,78.54208374023438,2069900,0.0,0
2017-12-14,78.69858091614744,78.75379928361092,77.91629028320312,77.91629028320312,1509000,0.0,0
2017-12-15,79.19553112800399,79.90419226631616,78.63412124291496,79.02986907958984,4166500,0.0,0
2017-12-18,79.28760369176918,79.62812633483193,78.9838886141744,79.25999450683594,2561700,0.0,0
2017-12-19,79.55449531175499,79.60971367546453,78.64335018056506,78.82742309570312,1891900,0.0,0
2017-12-20,78.91946135443585,79.55450066649448,78.88264676893029,78.9562759399414,1299900,0.0,0
2017-12-21,79.18636183310304,79.29680558961974,78.75379923049292,78.9562759399414,1726400,0.0,0
2017-12-22,79.11272438660191,79.3796248373503,78.89184391833767,79.06671142578125,791400,0.0,0
2017-12-26,79.07589233230912,79.46243482177685,78.83660813692164,79.03907775878906,529100,0.0,0
2017-12-27,79.13112083702153,79.28757751443104,78.89182961049615,79.25076293945312,678000,0.0,0
2017-12-28,79.33357781760725,79.43481612723909,78.87340623624837,79.41641235351562,745800,0.0,0
2017-12-29,79.67411826064794,79.96862783230871,79.42562866210938,79.42562866210938,1133900,0.0,0
2018-01-02,79.28758186631231,79.60049523830628,78.7353772546589,79.24156188964844,1885600,0.0,0
2018-01-03,80.5392566122011,80.56686579200758,79.7661644693038,80.39199829101562,2104800,0.0,0
2018-01-04,80.70491535799924,81.36756373246278,80.60367702180827,81.0822525024414,2539400,0.0,0
2018-01-05,81.27553534619683,81.31234993020433,80.48403934419544,80.98102569580078,1606400,0.0,0
2018-01-08,80.71410621585572,81.1282649221374,80.5760603354241,81.0362319946289,1529200,0.0,0
2018-01-09,81.12825970557277,81.27551097578564,80.64967727864186,80.70490264892578,1259000,0.0,0
2018-01-10,80.53003378107545,80.62206670106434,80.18030587645299,80.31835174560547,1079300,0.0,0
2018-01-11,80.31836789890396,81.18349296844563,80.29075871952081,81.1558837890625,1605000,0.0,0
2018-01-12,81.174261869191,81.59762589124367,80.6680773568721,81.23868560791016,1986400,0.0,0
2018-01-16,81.39517673124716,81.66207717358049,81.11907088837454,81.13748168945312,1559900,0.0,0
2018-01-17,81.08224889910245,81.58844055756194,80.89818303511498,81.47799682617188,1497200,0.0,0
2018-01-18,81.3583606438669,81.37676442294135,80.88898352834238,80.95340728759766,1587800,0.0,0
2018-01-19,81.22949828045947,81.37674955113393,80.67729372752198,81.04542541503906,2069000,0.0,0
2018-01-22,81.20189308822681,81.65285934271405,81.07303856528256,81.59764099121094,1534100,0.0,0
2018-01-23,81.42276970765089,81.66206092240942,80.99941264871617,81.54241180419922,1284700,0.0,0
2018-01-24,81.7725124734067,82.03020751072583,81.19269863943869,81.45039367675781,1035500,0.0,0
2018-01-25,81.59763992243518,81.7080766239949,81.09144830141278,81.50559997558594,1378300,0.0,0
2018-01-26,81.75408824272591,82.58239852808684,81.51479704436356,82.5639877319336,2162800,0.0,0
2018-01-29,82.15905197165743,82.26029030707402,81.19269561767578,81.19269561767578,1519900,0.0,0
2018-01-30,80.76933052554024,81.49640258010399,80.6772975992443,80.9441909790039,1538400,0.0,0
2018-01-31,81.03623549165209,81.8185259417266,80.87977178430712,81.3859634399414,1709400,0.0,0
2018-02-01,81.42278065046095,81.57923734120389,80.45641728450698,80.85216522216797,1628400,0.0,0
2018-02-02,80.30915992530598,81.02702659015318,79.60049163804543,79.6373062133789,2057100,0.0,0
2018-02-05,79.24156776473811,79.3428061035745,74.9987839989468,75.23807525634766,4412400,0.0,0
2018-02-06,74.46499066904246,76.36089589751758,72.58748921972884,75.28409576416016,5892400,0.0,0
2018-02-07,75.35771905672175,76.82106879151605,75.1276331945316,75.21967315673828,2842200,0.0,0
2018-02-08,75.35772421356545,75.67985006000585,72.77156119250525,72.81758117675781,3974200,0.0,0
2018-02-09,73.54462961530565,74.08762874127275,72.14570399762573,73.71949005126953,4948500,0.0,0
2018-02-12,74.36375116799502,74.7594991195857,73.49862610599143,74.15206909179688,3791300,0.0,0
2018-02-13,73.74710043276383,74.61222531519945,73.62745834075828,74.35453033447266,2719900,0.0,0
2018-02-14,74.07843773312935,76.0203628540039,73.90357726319806,76.0203628540039,3196700,0.0,0
2018-02-15,80.18950817846188,80.99020936704808,76.18601627885498,77.32723999023438,6370600,0.0,0
2018-02-16,77.42848671771208,78.91944553432238,77.03273877993877,78.36724090576172,3362800,0.0,0
2018-02-20,77.88864777868548,79.30597724555508,77.77821108104749,78.10953521728516,2650900,0.0,0
2018-02-21,78.16476230526096,78.73537771961462,77.36406104955445,77.39167022705078,2062100,0.0,0
2018-02-22,77.6493703444301,78.5052899339308,77.4376882860966,77.76901245117188,2473500,0.0,0
2018-02-23,78.14635149622521,78.68014526367188,77.61255070711654,78.68014526367188,1555800,0.0,0
2018-02-26,78.89183354568918,79.72934234781036,78.7905952148656,79.6925277709961,2189800,0.0,0
2018-02-27,79.75695610149313,80.64048485296071,79.75695610149313,80.02384948730469,3129400,0.0,0
2018-02-28,80.4195923806945,81.22949895191533,79.38881241246712,79.44403076171875,3692800,0.0,0
2018-03-01,79.60048312845748,80.24472759542788,78.29359744131006,78.5512924194336,3090800,0.0,0
2018-03-02,78.01749856646306,78.91023269224486,77.76900896462814,78.70775604248047,2396800,0.0,0
2018-03-05,78.5697176911419,79.05749856412159,77.96228768366039,78.86422729492188,2516200,0.0,0
2018-03-06,79.0575006182347,79.0575006182347,78.4868851741075,78.98387145996094,1983400,0.0,0
2018-03-07,78.46848784703545,78.85503042725968,78.18317659068211,78.50530242919922,2268500,0.0,0
2018-03-08,78.7690315024749,79.29650239614581,78.5932055178678,78.88007354736328,3401700,0.465,0
2018-03-09,79.35200621321941,80.74934380967579,79.3057339977819,80.70307159423828,3039900,0.0,0
2018-03-12,80.860401406934,80.860401406934,79.88874823691268,80.20337677001953,2256400,0.0,0
2018-03-13,80.40695758708922,80.82337933626395,80.01829634650618,80.19412231445312,1477900,0.0,0
2018-03-14,80.69383415112209,80.85115548341649,79.82397419564055,79.96278381347656,2236800,0.0,0
2018-03-15,80.00904315116856,80.17561326840811,79.04663881380111,79.81471252441406,1502100,0.0,0
2018-03-16,79.87948277334363,80.37919308360725,79.45380518907817,79.94425964355469,3659200,0.0,0
2018-03-19,79.84247482400137,80.36068984029843,79.2872434408045,79.3982925415039,2191400,0.0,0
2018-03-20,79.50934463878923,80.0553272944323,79.41680723991018,79.8332290649414,1629700,0.0,0
2018-03-21,79.96276058125399,80.24037267611871,79.4630503383194,79.50931549072266,1475900,0.0,0
2018-03-22,78.93560518080422,79.45382024066241,77.81587940337384,77.9546890258789,2174000,0.0,0
2018-03-23,78.26004900679494,78.74124757504131,76.70539715993519,76.71465301513672,2951300,0.0,0
2018-03-26,77.57528545251303,78.17678912438753,76.9182607543627,77.85289764404297,2150600,0.0,0
2018-03-27,78.16750408808652,78.36183466766259,76.54807553147103,77.07554626464844,2162000,0.0,0
2018-03-28,77.18662012755098,77.82513307691467,76.73317490274937,76.9737777709961,1958800,0.0,0
2018-03-29,77.38094159202646,78.34334589071999,77.25138784606287,77.84363555908203,1676200,0.0,0
2018-04-02,77.73260205068044,78.38037091037569,76.53885052911258,77.34394073486328,2054600,0.0,0
2018-04-03,77.58453303915142,78.64873074044955,77.5290120137422,78.58395385742188,1784400,0.0,0
2018-04-04,77.87142008396417,79.20397431915819,77.57529613612641,79.10218811035156,2770000,0.0,0
2018-04-05,79.39828825903783,79.88874273874416,79.10216439996138,79.60186767578125,2401200,0.0,0
2018-04-06,78.7782501068231,79.26871150432343,77.49196180541405,77.92689514160156,2135500,0.0,0
2018-04-09,78.41737754918076,78.62096403985889,77.24213788956177,77.35317993164062,1993300,0.0,0
2018-04-10,78.398853980201,78.50064720098034,77.62152457244497,77.96392059326172,2066600,0.0,0
2018-04-11,77.47348080142623,77.6030345504467,76.38152273100393,76.52033233642578,2549800,0.0,0
2018-04-12,76.79795359898,77.4457294810889,76.74243257428377,76.82571411132812,2662500,0.0,0
2018-04-13,77.0940775482416,77.20512665785765,76.43705286835227,76.87198638916016,2495900,0.0,0
2018-04-16,77.26990072911138,77.3439334661622,76.64989244164921,77.15885162353516,2365300,0.0,0
2018-04-17,77.58450728803385,77.68630050759835,76.92748281821203,77.28838348388672,2379500,0.0,0
2018-04-18,77.26988943899372,77.60302964689593,76.99227024569208,77.40869903564453,2068400,0.0,0
2018-04-19,77.28840232519725,77.41796313998499,76.39078189953665,76.45555877685547,3652800,0.0,0
2018-04-20,77.34392166756646,77.82512026469047,75.94658397453145,76.32599639892578,3184100,0.0,0
2018-04-23,76.36300996245576,77.3901911441667,76.30748894511454,76.3445053100586,2317500,0.0,0
2018-04-24,76.69615413498927,76.69615413498927,75.01194827415817,75.32658386230469,2889100,0.0,0
2018-04-25,75.13224601394282,75.64120512389435,74.87313853103667,75.1877670288086,2306700,0.0,0
2018-04-26,75.34508719290992,76.1779377820292,75.03045867043704,75.65046691894531,2519300,0.0,0
2018-04-27,75.66896991124968,76.48331582947148,75.66896991124968,76.15943145751953,1897000,0.0,0
2018-04-30,76.2334465631338,76.5295703850436,75.19701671652389,75.22477722167969,3229000,0.0,0
2018-05-01,75.28030440696801,75.53941188987416,74.65104035127479,75.1877670288086,2211500,0.0,0
2018-05-02,75.27105120603599,75.41911666443309,74.69731520512136,74.80835723876953,2240200,0.0,0
2018-05-03,74.85463035426972,76.89048101051617,74.85463035426972,76.75167846679688,2773600,0.0,0
2018-05-04,76.39078003921216,77.95468091358103,76.37226832605754,77.77886199951172,1494400,0.0,0
2018-05-07,77.57527519016546,77.73258945056992,76.83496199038578,77.01078796386719,2313500,0.0,0
2018-05-08,76.77019313704977,77.232887170224,76.56660663282901,76.87198638916016,1486400,0.0,0
2018-05-09,76.92747877570534,77.08480005413227,76.52031297899217,76.81643676757812,1320300,0.0,0
2018-05-10,77.11256548599933,77.34391243125182,76.92748369370824,77.10330963134766,1097600,0.0,0
2018-05-11,77.31615319089933,77.45495571220027,76.64987284806041,76.77942657470703,2145500,0.0,0
2018-05-14,76.80719403084572,77.00152463840466,76.30748372848738,76.46479797363281,1839200,0.0,0
2018-05-15,75.93732890094283,76.31674132924518,75.70598192568025,76.04837799072266,2501400,0.0,0
2018-05-16,76.04837393428068,76.36300241498371,75.42836576808422,75.53015899658203,1369200,0.0,0
2018-05-17,75.53939148893582,75.84477110852245,75.18774672283904,75.40058898925781,1370800,0.0,0
2018-05-18,75.41909363583238,75.71521740205797,75.34506092923911,75.40058898925781,1710000,0.0,0
2018-05-21,75.5764409755815,76.28899373367277,75.40987084279465,76.19644927978516,1623600,0.0,0
2018-05-22,76.08540952983088,76.58511994328725,75.62271548701766,75.68749237060547,2266200,0.0,0
2018-05-23,75.51165677783887,76.75168032625436,75.51165677783887,76.64988708496094,2363700,0.0,0
2018-05-24,76.60361440482784,76.90899412688363,76.2797300299883,76.74242401123047,1376500,0.0,0
2018-05-25,76.62212896969928,77.08482296816328,76.57585674579282,76.77018737792969,1545700,0.0,0
2018-05-29,76.27047979004375,76.64063641432561,75.93733953420511,76.48332214355469,3621700,0.0,0
2018-05-30,76.62214244480366,77.7511100690749,76.52959798071548,77.59379577636719,1867100,0.0,0
2018-05-31,77.64930335248201,78.10274145408336,76.53883361816406,76.53883361816406,3413900,0.0,0
2018-06-01,76.97376837963967,77.43646234511955,76.73316554074823,77.39019012451172,1541200,0.0,0
2018-06-04,77.56600990799244,77.77885222161373,77.38093516061231,77.42720031738281,1949500,0.0,0
2018-06-05,77.4734930046249,77.83439379947897,77.15885737876567,77.26065063476562,1706600,0.0,0
2018-06-06,77.12181120317936,77.65853778918428,77.12181120317936,77.52898406982422,1559300,0.0,0
2018-06-07,77.81282957525076,77.96171433508611,77.36616109663547,77.53366088867188,1490900,0.465,0
2018-06-08,77.54295065439685,78.08267287180561,77.51503521204,77.7848892211914,1775600,0.0,0
2018-06-11,77.92449595668019,78.04547237444356,77.30102723278677,77.75699615478516,2196000,0.0,0
2018-06-12,77.97101052363604,78.20364869546947,77.56156506935207,78.07337188720703,1912200,0.0,0
2018-06-13,78.16644103718274,78.29671787094698,77.26380361784838,77.3475570678711,2323600,0.0,0
2018-06-14,77.36615840298306,77.81282686604672,76.82643608081783,77.76629638671875,1682700,0.0,0
2018-06-15,77.61741150990798,78.56657223053715,77.34755034925008,78.47351837158203,3064200,0.0,0
2018-06-18,77.90588223482912,77.9617131314611,77.38477493411867,77.48712921142578,1486500,0.0,0
2018-06-19,77.19866401508851,77.50574816119627,76.45422599066487,76.9381103515625,2359000,0.0,0
2018-06-20,76.9473872381493,77.00321811537933,76.20294241050608,76.2308578491211,1918700,0.0,0
2018-06-21,76.23088307403259,76.34255196499609,75.4864450996058,75.62602233886719,3166000,0.0,0
2018-06-22,75.8865647110168,76.49141820018248,75.76558833354153,76.19364166259766,2316800,0.0,0
2018-06-25,76.04478385692774,76.18436821134868,75.64464582735046,76.02616882324219,2799600,0.0,0
2018-06-26,76.10991242240681,76.42629695854981,75.67255148163504,75.92379760742188,2593400,0.0,0
2018-06-27,75.90518905947029,76.230881108607,74.40699853388723,74.44422149658203,2870300,0.0,0
2018-06-28,74.57449045731889,75.38407383661703,74.41629820720252,75.16073608398438,2398300,0.0,0
2018-06-29,75.29102362783956,76.05407657065811,75.12352385504751,75.69115447998047,2484400,0.0,0
2018-07-02,75.29104163547066,76.23089499134676,75.26311908369881,76.17506408691406,1270600,0.0,0
2018-07-03,76.33324310083447,76.48213495282242,75.7283823763534,75.92379760742188,658100,0.0,0
2018-07-05,76.30532653001623,76.59379561455286,76.09129627082334,76.57518768310547,1582300,0.0,0
2018-07-06,76.30532653001623,76.90087973009105,76.11921881732566,76.57518768310547,1566400,0.0,0
2018-07-09,76.72406768798828,77.12420563512335,76.5565679171049,76.72406768798828,1329500,0.0,0
2018-07-10,77.13351734377875,77.7011550926595,76.93810211704908,77.6174087524414,1693500,0.0,0
2018-07-11,77.31961547610995,78.24086770170156,77.3103150613851,77.89656066894531,2384800,0.0,0
2018-07-12,78.22226344188813,78.67823941009506,78.0547636595896,78.3990707397461,1819700,0.0,0
2018-07-13,78.43628101538559,78.78058803985053,78.3153117308967,78.51072692871094,1120000,0.0,0
2018-07-16,78.52003794907951,78.52003794907951,77.81282297562284,77.95240020751953,1399000,0.0,0
2018-07-17,77.99891403946376,78.24085968904326,77.6732220686178,77.88724517822266,1635500,0.0,0
2018-07-18,77.85935552841441,77.88727097808345,76.85435674299988,76.91950225830078,1511800,0.0,0
2018-07-19,76.83574084314293,77.18004791899011,76.80782539636826,76.91018676757812,1140000,0.0,0
2018-07-20,76.66823431182917,77.10559520493096,76.58448797887954,76.94740295410156,1060800,0.0,0
2018-07-23,76.7520014287129,76.88227825845325,75.97964086699878,76.5286636352539,1511300,0.0,0
2018-07-24,76.49144118112096,76.63102552807743,75.38408812092379,75.83074951171875,2733700,0.0,0
2018-07-25,76.92879749936327,81.9910069523712,76.81713570819974,81.73975372314453,4727800,0.0,0
2018-07-26,82.08403618130168,82.94945030091375,81.95375939766565,82.37250518798828,3170300,0.0,0
2018-07-27,82.3911277973249,83.5543185436737,82.3911277973249,83.42404174804688,2488500,0.0,0
2018-07-30,83.3775341646846,83.62878741061212,82.62378862601177,82.69823455810547,2039200,0.0,0
2018-07-31,82.97739529588983,83.84280972375224,82.65170322079211,83.749755859375,2171500,0.0,0
2018-08-01,83.89863769442138,84.41043743710307,83.49849973582462,83.62877655029297,2279200,0.0,0
2018-08-02,83.81488122714428,84.1033502916749,83.38682783799915,83.85210418701172,2159100,0.0,0
2018-08-03,83.74976232680524,83.74976232680524,82.39115592322815,83.34031677246094,1885400,0.0,0
2018-08-06,83.19142202897645,83.66600594650073,83.03322975631984,83.5822525024414,1779100,0.0,0
2018-08-07,83.87070835758028,84.0289077048139,83.44265498762306,83.6659927368164,1708200,0.0,0
2018-08-08,83.97306411863063,84.3266786481653,83.53570326339745,83.77764892578125,934000,0.0,0
2018-08-09,83.89862754033753,84.00098179684299,83.55432051545401,83.88001251220703,1139500,0.0,0
2018-08-10,83.88933154568639,84.1684931099998,83.46127813409592,83.69391632080078,2084500,0.0,0
2018-08-13,83.71252561338925,84.24294040372057,83.424056529041,83.7590560913086,2755600,0.0,0
2018-08-14,83.90794356436331,84.4383583719072,83.6194744706539,83.88933563232422,2062200,0.0,0
2018-08-15,83.69393052121718,84.4848990703072,83.2937924882109,84.36392974853516,1597900,0.0,0
2018-08-16,84.64307945169416,84.819886750571,84.047526244435,84.54071807861328,1294700,0.0,0
2018-08-17,84.63376622405994,85.12696512450596,84.41043556129914,84.9966812133789,1654900,0.0,0
2018-08-20,85.22933913119762,85.27586961734525,84.81059315409061,84.83850860595703,1803100,0.0,0
2018-08-21,84.9873870436517,85.16418724403486,84.24294198033489,84.56863403320312,1527000,0.0,0
2018-08-22,84.6244742255374,84.6244742255374,84.24294416830098,84.3080825805664,1283900,0.0,0
2018-08-23,84.21503684426077,84.5872594214945,84.03822952267484,84.33600616455078,956500,0.0,0
2018-08-24,84.41975333789657,84.68030699271465,84.08475375325771,84.40113830566406,1151100,0.0,0
2018-08-27,84.6616832415521,84.77334501586535,84.18709940206087,84.37320709228516,1463600,0.0,0
2018-08-28,84.41974093342736,84.5221022970015,83.90793411555673,84.15918731689453,1263500,0.0,0
2018-08-29,84.31739823048892,84.49420555207486,83.93586813644669,84.33600616455078,1072400,0.0,0
2018-08-30,84.23363244148042,84.51280110840752,84.02891679856188,84.45697021484375,1309200,0.0,0
2018-08-31,84.49420351807431,84.6803112524335,84.22434233356502,84.5872573852539,1528900,0.0,0
2018-09-04,84.49419270272448,84.83849267717368,84.34530085465146,84.7919692993164,1359600,0.0,0
2018-09-05,84.69890888320782,85.26654663337692,84.36391642202103,85.18280029296875,1805300,0.0,0
2018-09-06,85.16877341540958,85.97313536449721,85.16877341540958,85.93572235107422,1736600,0.465,0
2018-09-07,85.87023162841795,86.38465152501624,85.67381870493526,85.87023162841797,2015500,0.0,0
2018-09-10,86.06665543115886,86.30048138902376,85.91701052874234,85.99183654785156,2633400,0.0,0
2018-09-11,85.80477825160871,86.67461116874082,85.80477825160871,86.36595916748047,1699100,0.0,0
2018-09-12,86.38467631951781,86.43144437292342,85.74866932653822,85.81414031982422,2235200,0.0,0
2018-09-13,86.0573087205799,86.15083767785873,85.55224378831169,86.07601165771484,1065400,0.0,0
2018-09-14,86.01054067403945,86.18825068793068,85.57094672544665,86.07601165771484,1106300,0.0,0
2018-09-17,86.1695513281321,86.34726136411736,85.69255144596576,86.15084838867188,789700,0.0,0
2018-09-18,86.34724574567056,86.84295561343629,86.15083280575217,86.52495574951172,1697800,0.0,0
2018-09-19,86.16018903025564,86.27242091987057,85.168762145246,85.3090591430664,1511900,0.0,0
2018-09-20,85.5522534193173,86.01055035663762,85.37454338542044,85.78607940673828,1163400,0.0,0
2018-09-21,86.08536119122178,86.08536119122178,85.48676733993953,85.5054702758789,2244900,0.0,0
2018-09-24,85.50547304166496,85.55224108672854,84.48599530865533,84.65435028076172,1204700,0.0,0
2018-09-25,84.8881806551853,85.02847766188049,84.38311571256392,84.53276062011719,1448700,0.0,0
2018-09-26,84.5047048351899,84.63564680861712,83.85935000495641,83.96222686767578,1601000,0.0,0
2018-09-27,84.07446898241669,84.7011208975991,83.84999803914887,84.03705596923828,1446100,0.0,0
2018-09-28,83.99029307358248,84.58888699871302,83.92482208601515,84.5140609741211,2213600,0.0,0
2018-10-01,84.89754575073087,84.94431380770214,84.2521908065098,84.33636474609375,910800,0.0,0
2018-10-02,84.35507374890237,84.51407372329395,83.93418264893205,84.11189270019531,1101200,0.0,0
2018-10-03,84.28959113306519,84.56083012388892,83.46651912344767,83.71905517578125,1167800,0.0,0
2018-10-04,83.42911104586511,83.66293703773783,82.74634314564643,83.27011108398438,1235500,0.0,0
2018-10-05,83.54134442674695,84.44859035543027,83.33557642612156,84.13993835449219,1833900,0.0,0
2018-10-08,84.08381820314845,85.15941906626423,84.05576022915622,85.00041198730469,2166900,0.0,0
2018-10-09,84.94429708258134,85.72995604302378,84.63564509327175,85.36518096923828,2248800,0.0,0
2018-10-10,84.92560640868965,85.49614242193458,84.34571535738078,84.45795440673828,4325200,0.0,0
2018-10-11,84.44859590989407,84.86013193821293,82.3161040100653,82.34416198730469,2726400,0.0,0
2018-10-12,83.07368061168476,83.24203557580948,82.11031886978284,82.82115173339844,2728100,0.0,0
2018-10-15,82.66216291606837,83.35429299680727,82.5966919231123,82.70893096923828,2259000,0.0,0
2018-10-16,83.04564323102723,84.47665721299889,82.87728822515979,84.41118621826172,1195900,0.0,0
2018-10-17,84.41118020741727,84.8227162226333,83.52264432271294,84.30829620361328,1160500,0.0,0
2018-10-18,84.5047062292768,84.84141620530224,83.86869928965126,84.28023529052734,1482100,0.0,0
2018-10-19,84.23347001384452,84.91624502542794,84.23347001384452,84.5888900756836,1376100,0.0,0
2018-10-22,84.96300166713037,84.99106677781344,83.84063985708784,84.10252380371094,2180800,0.0,0
2018-10-23,83.26075675418099,83.5132928236003,81.91392388188915,82.66216278076172,1785300,0.0,0
2018-10-24,82.35349803893227,82.5966718761468,81.31531030560458,81.57719421386719,2050500,0.0,0
2018-10-25,81.5584831658296,82.2319029994673,77.8359782816008,79.35116577148438,2942400,0.0,0
2018-10-26,78.78999420120206,79.82818204392214,77.89210336292022,79.43535614013672,3062700,0.0,0
2018-10-29,80.24908224134202,81.71750916613861,80.04331422939043,80.81961822509766,3035200,0.0,0
2018-10-30,81.1376135293337,83.2046342972429,80.96925854147763,83.07369232177734,2636600,0.0,0
2018-10-31,83.34492305324925,84.29892979939068,82.55926414248417,83.68163299560547,2025000,0.0,0
2018-11-01,83.85934108562378,84.11186996871646,82.37220435158403,82.39090728759766,2732400,0.0,0
2018-11-02,82.54991421263247,82.54991421263247,80.78219062662362,81.37142944335938,2377800,0.0,0
2018-11-05,81.68008354649794,82.643445330327,81.55848948412611,82.10096740722656,2522600,0.0,0
2018-11-06,82.25062722493118,82.48445319986146,81.00667132570952,82.14774322509766,2049800,0.0,0
2018-11-07,82.58732772823687,83.66292138092064,82.16643674015043,83.64421844482422,2581700,0.0,0
2018-11-08,83.70034751719591,84.44859352284315,83.4571736307929,84.07447052001953,2532100,0.0,0
2018-11-09,83.92481430464564,84.85076308176038,83.92481430464564,84.60758209228516,1709500,0.0,0
2018-11-12,84.73853133095379,85.87960322284663,84.60758935671714,84.9817123413086,1858600,0.0,0
2018-11-13,85.19681749734171,85.57094043475573,84.43922372253442,84.90687561035156,1612600,0.0,0
2018-11-14,85.02848793624071,85.71125584309576,84.58889392551876,85.12201690673828,2470500,0.0,0
2018-11-15,84.57017224307091,86.1040699832805,83.89675233062728,86.02925109863281,1994800,0.0,0
2018-11-16,85.83283177743618,86.77749067059383,85.79542590267936,86.62784576416016,2351800,0.0,0
2018-11-19,86.62784870232576,87.25450059488763,86.23501564603409,86.6559066772461,1930300,0.0,0
2018-11-20,86.45013978030194,86.80555269348652,85.42130691724975,85.53353881835938,1788400,0.0,0
2018-11-21,85.70186221640293,85.70186221640293,84.98168161846334,85.21550750732422,2296600,0.0,0
2018-11-23,85.05654880479231,85.5803167660235,84.42054179366734,84.9630126953125,431200,0.0,0
2018-11-26,85.40259111488118,85.9263661162033,84.91623625915562,85.52418518066406,1093900,0.0,0
2018-11-27,85.34647223354544,85.62706622945586,84.7572334050956,85.49612426757812,1600100,0.0,0
2018-11-28,85.72996341792505,86.94585427053197,85.49613743060033,86.80555725097656,1584600,0.0,0
2018-11-29,86.8572617181486,87.57167409220506,86.59405904658438,87.15806579589844,1118600,0.465,0
2018-11-30,87.50586169672758,88.43648031496629,87.31786184732243,88.12627410888672,2505000,0.0,0
2018-12-03,88.73729299278446,88.83129292661371,86.75386355052548,87.49647521972656,3700400,0.0,0
2018-12-04,88.59626811661951,89.76188279250874,86.90424102925327,87.06404876708984,4166700,0.0,0
2018-12-06,86.68804950301677,87.28965759277344,84.94902589444723,87.28965759277344,2898800,0.0,0
2018-12-07,87.1486602354266,87.91947110268028,85.43783576558384,85.73863983154297,1824600,0.0,0
2018-12-10,85.95483643147693,86.00183280327069,84.62001181567203,85.79502868652344,1721800,0.0,0
2018-12-11,86.65985844329452,86.93246325534015,85.69164555635633,85.98304748535156,1710500,0.0,0
2018-12-12,86.54705203034622,87.04525809181973,85.36263288399951,85.43783569335938,2229600,0.0,0
2018-12-13,85.37203977805643,86.07705001862783,85.15583348205112,85.89844512939453,1644300,0.0,0
2018-12-14,85.40962604530209,86.22744036122552,85.24982547364822,85.6728286743164,1823100,0.0,0
2018-12-17,85.68223311913124,85.74803377815255,83.30400007941718,83.70820617675781,3171700,0.0,0
2018-12-18,84.26280880551481,84.6294134934663,83.37919382853748,83.83980560302734,2340700,0.0,0
2018-12-19,83.64240769050578,84.25341075226112,82.1101810350536,82.64598846435547,2733600,0.0,0
2018-12-20,82.51438612840963,83.03139643617523,81.48977482795388,82.67418670654297,2975000,0.0,0
2018-12-21,82.7117865339876,83.78340135902106,82.29818546738092,82.7305908203125,4580000,0.0,0
2018-12-24,82.33578265686495,82.33578265686495,78.66033343893241,78.67913055419922,1441500,0.0,0
2018-12-26,78.96112782350772,81.72476959228514,78.48171896792253,81.72476959228516,1480300,0.0,0
2018-12-27,81.12317307182875,82.84339243558341,80.18315951211687,82.81519317626953,2007300,0.0,0
2018-12-28,83.19119701430857,84.00901136339213,82.25118348872317,82.67418670654297,1642600,0.0,0
2018-12-31,83.02199471883061,83.67060634976755,82.749389934404,83.65180206298828,1281100,0.0,0
2019-01-02,82.81519164643221,83.4356040268137,82.18538429427586,83.39800262451172,1919100,0.0,0
2019-01-03,82.94678540558704,83.5107920452227,82.0819747466968,83.17239379882812,3343700,0.0,0
2019-01-04,83.6612050797672,85.40963083831905,83.6612050797672,85.38143157958984,2433700,0.0,0
2019-01-07,85.17462570359763,86.25564268699353,85.02422009781934,85.5882339477539,2859400,0.0,0
2019-01-08,85.95485099101778,86.92306390912356,85.52244556990914,86.80085754394531,2164000,0.0,0
2019-01-09,86.63165172461453,86.91365148499257,85.71983743875037,86.35904693603516,1938900,0.0,0
2019-01-10,86.99826065036494,87.65626729487663,86.19924336122776,87.59986877441406,1771500,0.0,0
2019-01-11,87.66568281524252,88.04168974307949,87.30847300651635,88.03228759765625,1785100,0.0,0
2019-01-14,87.49647419926768,88.08868023004695,87.01706521907391,87.52467346191406,1771200,0.0,0
2019-01-15,87.6374691853134,88.24847227469122,87.59046563763766,88.15447235107422,1087400,0.0,0
2019-01-16,88.20147931441635,88.2202764311739,86.93246236710691,87.1392593383789,1950600,0.0,0
2019-01-17,86.95124279746975,87.73145567027386,86.94184065502792,87.72205352783203,1741400,0.0,0
2019-01-18,87.95707921534552,89.09449490061397,87.49647452303503,88.80309295654297,2284200,0.0,0
2019-01-22,88.66208647642823,89.48929590002881,88.21087677245112,89.18849182128906,2202500,0.0,0
2019-01-23,89.27308858189492,89.44229130888428,88.80308180378384,89.21669006347656,1297500,0.0,0
2019-01-24,89.20729350608022,89.37649624366523,88.55868181671524,88.74668884277344,1649200,0.0,0
2019-01-25,89.17909901632484,89.77130504368894,88.86889278553336,89.2072982788086,1878900,0.0,0
2019-01-28,88.76548290541322,89.19788829286746,88.22027330620526,88.83128356933594,1332300,0.0,0
2019-01-29,88.88766897250943,89.91228735580337,88.68086486734552,89.07567596435547,1527300,0.0,0
2019-01-30,89.3764819876518,89.51748544177099,88.34246861033382,89.24488067626953,2596600,0.0,0
2019-01-31,89.39529147555541,90.38230861927971,88.81248763639994,89.93109893798828,3409700,0.0,0
2019-02-01,90.24129376373122,90.4762971329076,89.38587805749702,89.74308776855469,1937300,0.0,0
2019-02-04,89.6302770814691,90.24128723144531,89.18846963192118,90.24128723144531,1508500,0.0,0
2019-02-05,90.49510049110863,91.38811765863795,90.44810411707078,91.37871551513672,2099400,0.0,0
2019-02-06,91.21891980717398,91.21891980717398,90.45751109278527,90.8617172241211,1624700,0.0,0
2019-02-07,90.26009701478925,91.10611063569426,90.23189775604811,91.07791137695312,1433600,0.0,0
2019-02-08,90.70191313600424,91.57612609863283,90.17550779824418,91.57612609863281,1862600,0.0,0
2019-02-11,91.81112115920179,92.62893552464404,91.25651661044503,91.52912139892578,1722200,0.0,0
2019-02-12,91.82053877130589,92.76995461916741,91.63253889945042,92.73235321044922,1515400,0.0,0
2019-02-13,92.72293840286959,93.05194171955488,92.10253317308226,92.64773559570312,1968000,0.0,0
2019-02-14,91.65133480445931,94.00136903021468,91.38813211865236,92.91094970703125,2285000,0.0,0
2019-02-15,93.90735190098296,94.15175742379645,92.70413574518417,93.11773681640625,2412100,0.0,0
2019-02-19,93.06134046950191,93.26814459580049,92.6665365038778,93.13654327392578,2185100,0.0,0
2019-02-20,93.27753332409465,93.29633043663013,92.8075266216431,93.23052978515625,1793800,0.0,0
2019-02-21,93.28695691232559,93.53136248066247,92.84514932900963,93.3621597290039,1635000,0.0,0
2019-02-22,93.36214957897552,93.83215637451441,93.08954477695482,93.74755859375,1212100,0.0,0
2019-02-25,94.00135992224624,94.13296125239862,93.28694757875148,93.34335327148438,1295300,0.0,0
2019-02-26,93.55015106593656,93.944962231618,93.28694840330539,93.4655532836914,1316900,0.0,0
2019-02-27,93.25873883782533,94.33035365826277,93.25873883782533,94.2269515991211,1284400,0.0,0
2019-02-28,94.27396415361306,95.27037626777741,94.19876134491606,95.17637634277344,2129800,0.0,0
2019-03-01,95.4301873285117,95.67459289772702,94.5183800670173,94.9413833618164,1610300,0.0,0
2019-03-04,95.42077276494443,95.55237408171857,93.70994847514662,94.2269515991211,1641600,0.0,0
2019-03-05,94.18935677711134,94.58416792674363,93.72875213623045,93.72875213623047,1561700,0.0,0
2019-03-06,93.81336656265113,94.37737332686497,93.71935945883622,93.82276153564453,1539800,0.0,0
2019-03-07,93.79726538466564,94.32639762009214,93.44766801011701,94.20355987548828,1946800,0.513,0
2019-03-08,93.64606333173244,93.96731566141244,92.77678468917804,93.49488067626953,1306000,0.0,0
2019-03-11,93.46653885937882,94.37361319616343,93.44764463120634,94.34526824951172,1784500,0.0,0
2019-03-12,94.48700919315075,95.10117619466358,94.07126404588914,94.9688949584961,1693400,0.0,0
2019-03-13,95.30903209890946,95.52634814512494,94.93108268648221,95.50745391845703,1255200,0.0,0
2019-03-14,95.52635648634184,95.63974348260643,94.95943592259106,95.58305358886719,1196900,0.0,0
2019-03-15,95.46020093222921,95.80980537606729,94.80823842113129,95.40351104736328,5058700,0.0,0
2019-03-18,95.2995838146374,95.85705362539373,95.02557066385042,95.809814453125,1623300,0.0,0
2019-03-19,95.87595019589253,96.3294837123422,95.26178331728107,95.67752838134766,1176600,0.0,0
2019-03-20,95.71533969175445,95.95155720608871,95.1200669420088,95.24290466308594,1522800,0.0,0
2019-03-21,95.20510783842742,96.47123023965058,95.05392517087377,96.32949829101562,964700,0.0,0
2019-03-22,96.1216309057853,96.98145888077752,95.81927278585154,96.28225708007812,1531600,0.0,0
2019-03-25,96.49958283408198,97.45390367447062,96.29171746290437,96.54682922363281,1459300,0.0,0
2019-03-26,97.03815110080393,97.8223949711949,96.82083502656177,97.78459930419922,1490400,0.0,0
2019-03-27,97.70901485072967,98.2097948213638,96.9531159309284,97.27436828613281,1371200,0.0,0
2019-03-28,97.44444138735587,97.95467205703116,97.30271665310111,97.7279052734375,968600,0.0,0
2019-03-29,98.1625408243802,98.26647709801367,97.63341594681773,98.18144226074219,1977000,0.0,0
2019-04-01,98.81450195157518,99.02237449576998,97.33105640565904,98.28536987304688,1419100,0.0,0
2019-04-02,98.29481680704004,98.58772417597356,97.77514267534458,98.26647186279297,1150700,0.0,0
2019-04-03,98.33261625446777,98.74836134285735,97.70900583066906,98.28536987304688,1986600,0.0,0
2019-04-04,97.29326455062255,97.84129087789916,96.3200496090576,96.37673950195312,1670000,0.0,0
2019-04-05,96.51846517428696,96.76413337552181,96.32004335325378,96.56570434570312,2490100,0.0,0
2019-04-08,96.55626950228222,96.60350867793795,95.36573126045099,96.46177673339844,2834800,0.0,0
2019-04-09,96.33893339469559,96.49955954634623,95.75311146605857,96.03657531738281,1345800,0.0,0
2019-04-10,96.73578129899491,97.41608880524092,96.14051583542239,97.25546264648438,1882000,0.0,0
2019-04-11,94.63818078670653,95.25234050751946,92.17206955882418,95.02557373046875,3433500,0.0,0
2019-04-12,95.46967688449374,96.20667441769872,94.93110120955265,96.17832946777344,1232800,0.0,0
2019-04-15,99.48536862549929,99.85386736902217,97.45389657224085,98.51215362548828,2907600,0.0,0
2019-04-16,98.90898722984382,99.08851482819978,98.23813042649478,98.68222045898438,1373400,0.0,0
2019-04-17,99.12632158267398,99.78772774201249,98.73892139735679,99.35308837890625,1717700,0.0,0
2019-04-18,99.45701217136808,100.16566462828126,99.0412670898343,99.9483413696289,2195400,0.0,0
2019-04-22,99.67432996113378,100.20346204017292,99.35307763527582,99.91999816894531,1292300,0.0,0
2019-04-23,99.84440859570434,100.41132913933079,99.27748805207787,100.36408996582031,1560500,0.0,0
2019-04-24,100.326302969173,100.90267428081,99.957804223541,100.26016235351562,1703700,0.0,0
2019-04-25,101.10109331280512,101.33731082054531,99.55150703873231,99.70268249511719,1600400,0.0,0
2019-04-26,99.93890626090473,100.50583408201051,99.6082031711175,99.98615264892578,1067400,0.0,0
2019-04-29,100.06173148030047,100.82707385083765,100.06173148030047,100.58140563964844,1294700,0.0,0
2019-04-30,100.87432887043288,101.52628430498736,100.19402127890959,101.42234802246094,1410000,0.0,0
2019-05-01,101.33730946118274,101.34676017982572,100.12787699118233,100.2034683227539,964000,0.0,0
2019-05-02,100.06172941018235,100.4774672873026,99.5231538256159,100.31684112548828,1323600,0.0,0
2019-05-03,100.6003126714753,100.74204461692099,99.98614571373473,100.53417205810547,1677400,0.0,0
2019-05-06,99.52315175575117,100.22235348759006,99.34362416170093,100.05227661132812,1377700,0.0,0
2019-05-07,99.47590218234164,99.74046460163746,98.31371623918,98.94677734375,1330000,0.0,0
2019-05-08,98.8239441356975,99.63653286549803,98.54993819524472,99.04126739501953,1079800,0.0,0
2019-05-09,98.64442687918206,99.43811419834645,98.11529479095331,99.41921997070312,1011100,0.0,0
2019-05-10,99.28694624631818,101.31841828866405,98.83340545199519,101.09164428710938,1565500,0.0,0
2019-05-13,99.9294451256709,100.8176179517677,99.47590439053506,100.62864685058594,1543400,0.0,0
2019-05-14,100.99716682718704,101.5546439480857,100.36410557515907,100.40190124511719,1586400,0.0,0
2019-05-15,100.36410371681559,101.61133196719224,99.92001361401408,101.37511444091797,1277600,0.0,0
2019-05-16,101.79084774584045,102.75461196899415,101.40344758762514,102.04595947265625,1210000,0.0,0
2019-05-17,101.45068154779132,102.90578202714234,101.42232939602944,102.16877746582031,1362400,0.0,0
2019-05-20,101.93256800612002,102.91523362298496,101.76249112610905,102.42390441894531,1372600,0.0,0
2019-05-21,103.08531157249313,103.55774655422663,102.83019985422276,103.26483917236328,1338100,0.0,0
2019-05-22,103.23651430800453,103.61446380866565,102.83966336747743,103.39714050292969,1447500,0.0,0
2019-05-23,103.08530221637035,103.5955328153878,102.7262542580033,103.54828643798828,1412100,0.0,0
2019-05-24,103.67113842431723,103.92625015459451,102.36721319974029,102.45225524902344,1200100,0.0,0
2019-05-28,102.82075570234912,102.99083259498586,101.80974506522685,102.20658874511719,3224300,0.0,0
2019-05-29,101.77194036697914,101.99870713410724,100.8081762000956,101.32785034179688,2009600,0.0,0
2019-05-30,101.33728951429451,102.71679860439997,101.10107205621924,102.43334197998047,2161900,0.0,0
2019-05-31,101.96092530319159,103.49161009171493,101.85698902634296,103.321533203125,2413100,0.0,0
2019-06-03,104.53096223515828,105.66481052496366,104.1719142415521,105.23017120361328,2752100,0.0,0
2019-06-04,105.40024074332959,105.71204233317576,104.28529396753235,105.30574798583984,2366200,0.0,0
2019-06-05,105.26796555240367,107.2427403057461,105.19237422560383,107.18605041503906,2220000,0.0,0
2019-06-06,107.38823134594158,108.05264211688738,106.89467009345815,107.79637145996094,1974200,0.513,0
2019-06-07,108.43228628502709,109.55229795606913,108.25195039362335,108.54618835449219,1566400,0.0,0
2019-06-10,108.57466781583332,108.94484050929772,107.74889406189487,108.03364562988281,1458700,0.0,0
2019-06-11,108.4228201133081,108.66011070449919,106.83771346058566,107.38822937011719,1398100,0.0,0
2019-06-12,107.48312665223695,108.56517099251028,107.39770552925731,108.35636138916016,1259800,0.0,0
2019-06-13,108.5936492248593,108.77398511603782,107.51159767012425,107.87228393554688,1309500,0.0,0
2019-06-14,107.98619373972772,108.97332341949706,107.35975037540386,108.75502014160156,1345600,0.0,0
2019-06-17,109.06824024435565,109.1441677226149,108.1475516810861,108.176025390625,978700,0.0,0
2019-06-18,108.38485421091805,108.84044809688788,108.09060894963102,108.1095962524414,1286300,0.0,0
2019-06-19,108.10958060604334,108.8973870033697,107.75838797022077,108.60314178466797,1413600,0.0,0
2019-06-20,108.98282309780565,110.37809294117135,108.88790830905668,110.15978240966797,2456900,0.0,0
2019-06-21,110.52046142982041,110.87164684910036,109.85604346948648,109.95095825195312,2675600,0.0,0
2019-06-24,110.29265477819082,111.18486964465812,110.02689049665594,111.02351379394531,1520400,0.0,0
2019-06-25,111.30826665942406,111.37470773489615,110.49199369285314,110.50148010253906,1447500,0.0,0
2019-06-26,110.18824691588681,110.52994592006138,108.49873919609782,108.7645034790039,1949800,0.0,0
2019-06-27,108.93535487233926,110.11232134783351,108.80247272857922,109.95095825195312,1055300,0.0,0
2019-06-28,109.98892749564091,110.4160548863514,109.48587262257789,109.5048599243164,2462500,0.0,0
2019-07-01,110.19775908717607,110.39708233285556,108.62215318448044,109.42893981933594,1939000,0.0,0
2019-07-02,109.78010982267851,110.20722994055623,109.42891718158944,109.9984130859375,1906900,0.0,0
2019-07-03,110.51095924226865,111.30825204323895,110.3685834588002,111.25130462646484,1311100,0.0,0
2019-07-05,111.06148075463403,111.25131031460896,110.11231847169236,110.55842590332031,1088800,0.0,0
2019-07-08,110.67232811020914,111.0425008458763,110.21673423932677,110.94758605957031,2160000,0.0,0
2019-07-09,110.90960822415623,111.24181356562588,110.49198175553724,111.06147766113281,1432300,0.0,0
2019-07-10,111.06148105301261,112.10555811874677,111.042493752044,111.80182647705078,1616400,0.0,0
2019-07-11,111.63096746664418,112.0201202049481,111.00451693564816,111.28926849365234,1997600,0.0,0
2019-07-12,111.7923223584725,112.08656032213212,110.85265381145452,111.91571807861328,1323600,0.0,0
2019-07-15,111.96318386772784,112.1435270217427,111.50759001968368,112.02962493896484,1236000,0.0,0
2019-07-16,112.00113501529947,112.67503928072965,111.78282453196141,112.16249084472656,1433800,0.0,0
2019-07-17,112.47573366513033,112.84590638647768,112.1814956665039,112.1814956665039,1291400,0.0,0
2019-07-18,111.22284762080258,111.99166682884209,110.52995589935313,111.97268676757812,1548900,0.0,0
2019-07-19,111.98217424580434,112.0296280171154,110.72928026695766,110.85266876220703,1214600,0.0,0
2019-07-22,110.95706600530963,111.44114076967176,110.4540111826443,111.17536926269531,1183200,0.0,0
2019-07-23,111.80181857561107,111.97266806458636,110.6438395105044,111.2323226928711,1473900,0.0,0
2019-07-24,110.9001321744311,111.05200163551024,109.38147377131223,109.91300964355469,2279500,0.0,0
2019-07-25,109.91299679074474,111.75436672103223,109.62824520528639,110.78622436523438,2341600,0.0,0
2019-07-26,110.86216542628135,112.67506174999585,110.55843376380663,112.47573852539062,1845600,0.0,0
2019-07-29,112.38081425823871,112.60861117549436,111.50758670748093,111.96318054199219,1308500,0.0,0
2019-07-30,111.73539268505898,112.63709401839859,111.5930168846543,112.01065063476562,1244000,0.0,0
2019-07-31,112.05808869473493,112.4282613789621,110.04586943514789,111.0519790649414,1438300,0.0,0
2019-08-01,111.04250416711062,112.12454869473723,110.19775023311325,110.34012603759766,1717000,0.0,0
2019-08-02,110.48249765174685,111.63098321236897,110.08385120753763,110.79572296142578,1612600,0.0,0
2019-08-05,109.78011419034374,110.46350495783052,107.13195052615654,107.98619079589844,2909600,0.0,0
2019-08-06,108.20450681023685,110.31164836466058,107.73941929105044,110.19774627685547,1868800,0.0,0
2019-08-07,109.23907935395634,111.48859648264647,108.5556886201137,110.90960693359375,1523100,0.0,0
2019-08-08,111.12793052771065,112.63709519984134,110.64385569787092,112.447265625,1459100,0.0,0
2019-08-09,112.70353153171064,113.48184434225696,112.02962715539293,113.00726318359375,2242400,0.0,0
2019-08-12,113.00726103069846,113.1496368238918,111.31775329668955,111.74488067626953,1044000,0.0,0
2019-08-13,111.2797839826555,113.37743175818468,111.2797839826555,112.96929168701172,1979800,0.0,0
2019-08-14,112.50420848738226,112.7699727779977,110.06486161775659,110.10282897949219,3009300,0.0,0
2019-08-15,110.38757645863063,112.51369794586728,110.15028588777506,112.19097900390625,2133900,0.0,0
2019-08-16,112.63709683128336,113.43439698854013,112.42827995101291,113.06422424316406,1613400,0.0,0
2019-08-19,113.46287077750574,114.45000051301872,113.18761282073955,113.91846466064453,2770600,0.0,0
2019-08-20,113.59573709951636,113.88997507643576,112.03911160624408,112.10555267333984,1566300,0.0,0
2019-08-21,112.60860776087623,113.17810365751326,112.26690877458735,112.675048828125,1479800,0.0,0
2019-08-22,112.60861100979677,112.95980365626309,111.81131817980851,112.06758880615234,1358400,0.0,0
2019-08-23,111.86826809209994,112.41878395833382,109.49536236681618,110.03638458251953,1987900,0.0,0
2019-08-26,110.48249221970529,111.13740927683929,109.92248270191602,111.09944915771484,1586700,0.0,0
2019-08-27,111.82080239819999,112.57064144497227,111.44114329128065,111.76385498046875,1148300,0.0,0
2019-08-28,111.53604823279089,112.45673669310412,110.8621439634405,112.2384262084961,1109800,0.0,0
2019-08-29,112.95030432856885,113.36793802320877,112.06758317314645,113.25403594970703,1132200,0.0,0
2019-08-30,113.9848945378835,114.36456089755275,112.91234377023638,113.28251647949219,1149600,0.0,0
2019-09-03,113.52928859397964,114.12725815866263,113.04521385597948,113.45335388183594,1204300,0.0,0
2019-09-04,113.89947676835166,114.60185484746039,113.5862514692706,114.51643371582031,1213800,0.0,0
2019-09-05,115.56782413523352,116.07302709462729,113.33730376225976,113.5184097290039,1671100,0.513,0
2019-09-06,113.50888853919098,114.0808163093914,113.28011161314589,113.7471923828125,941500,0.0,0
2019-09-09,113.75670398512636,113.90922191528934,111.888402975361,112.11717987060547,1427900,0.0,0
2019-09-10,111.39273605327965,111.56431509126726,106.91262723270528,108.36151123046875,3654400,0.0,0
2019-09-11,108.4854423695622,109.02877485677787,105.93082480612826,106.96983337402344,2830500,0.0,0
2019-09-12,107.41783299416703,108.55215424016278,107.24625395164882,107.7800521850586,1726700,0.0,0
2019-09-13,108.17088134696338,109.00017404884782,106.55994507486585,106.71245574951172,1661200,0.0,0
2019-09-16,106.34068272152639,106.76963391425626,105.9022046132026,106.66477966308594,2077800,0.0,0
2019-09-17,107.1795323119927,108.83812492328217,106.95075540029673,108.53309631347656,2547500,0.0,0
2019-09-18,108.695142113271,109.02876602181504,107.79911738250495,108.98110961914062,1017700,0.0,0
2019-09-19,109.5625705835989,110.3823363359236,109.13361932857,109.36239624023438,1324700,0.0,0
2019-09-20,109.78181869514046,110.20123580910986,109.41006526137906,109.88667297363281,1984100,0.0,0
2019-09-23,109.95339301554824,110.44906908746852,109.31474045408964,109.57210540771484,1093000,0.0,0
2019-09-24,109.68648244497926,110.72549088627292,109.14315002396778,109.73414611816406,1646600,0.0,0
2019-09-25,109.77227847419992,110.05823870342387,108.50450036785233,108.59028625488281,1470300,0.0,0
2019-09-26,108.83812139151448,110.2774785062915,108.3901090445507,109.7055435180664,2398000,0.0,0
2019-09-27,110.02963856194128,110.30607186206902,107.4082965776619,108.27571868896484,1693100,0.0,0
2019-09-30,108.27571401728885,109.81992530130337,108.21852343092146,109.6197509765625,1707400,0.0,0
2019-10-01,109.76274109514907,110.54437733490947,109.14314970781884,109.49584197998047,2576500,0.0,0
2019-10-02,108.79999728433954,109.68648783295204,108.19947424397203,109.40052032470703,2892900,0.0,0
2019-10-03,109.2194149859554,110.12496664651867,108.69514364197295,109.6102294921875,2608800,0.0,0
2019-10-04,110.12497507543281,111.56433237979756,110.01059388068623,111.15444946289062,2890900,0.0,0
2019-10-07,110.925672555876,111.01145844633287,110.09637258584652,110.29654693603516,1299900,0.0,0
2019-10-08,109.61976305068899,110.51578778889788,108.95251522805843,109.40052032470703,1390900,0.0,0
2019-10-09,109.71508847831795,110.52532009457292,109.20988549191625,110.19169616699219,1358800,0.0,0
2019-10-10,110.09636248614314,112.27922630336822,110.05823300306369,111.94560241699219,1918100,0.0,0
2019-10-11,112.49846619951818,112.76537259165346,110.82081251225846,110.89706420898438,1537500,0.0,0
2019-10-14,111.15445112253107,112.15533022624632,110.54439383325247,110.71597290039062,962400,0.0,0
2019-10-15,111.12583987279486,111.56431803199767,110.11542672358749,110.23934936523438,1853700,0.0,0
2019-10-16,109.94385438655098,109.99151806277688,108.09462156277282,109.52444458007812,2126700,0.0,0
2019-10-17,109.83900256291656,111.07817809332452,109.71507991915682,110.83987426757812,1681700,0.0,0
2019-10-18,109.65789526936248,111.79309562744663,109.24801237597323,111.57386016845703,2615000,0.0,0
2019-10-21,112.04092627852714,112.18391002679802,110.67782812026172,111.78355407714844,1931100,0.0,0
2019-10-22,111.81216239700117,112.74630935851161,111.2021051606192,111.44993591308594,1817100,0.0,0
2019-10-23,111.17350152565889,112.18391472259968,107.87537735044695,108.06602478027344,3138700,0.0,0
2019-10-24,108.19946317194746,108.34244691143847,105.91174515745658,107.8753662109375,2455400,0.0,0
2019-10-25,107.8563085726032,108.18993246050135,105.6543763675648,106.14051818847656,2380400,0.0,0
2019-10-28,106.03566202133833,106.39788846950593,105.66390865687015,106.07379150390625,1519700,0.0,0
2019-10-29,105.8736257098171,107.6466067936513,105.6734513645398,106.78871154785156,1702200,0.0,0
2019-10-30,107.2939112996972,107.94209799132642,106.52180923777695,107.39876556396484,1164600,0.0,0
2019-10-31,107.33203473444517,108.08507564789699,106.46461264638889,106.96028137207031,1664200,0.0,0
2019-11-01,107.25579504718986,107.41784719443098,105.63533175443035,106.02615356445312,1864900,0.0,0
2019-11-04,106.00707596767299,106.25491398973973,105.12058541994945,105.63532257080078,2181900,0.0,0
2019-11-05,105.44467668352361,105.6257826410964,102.82333466869845,103.24274444580078,3574600,0.0,0
2019-11-06,102.86145761811564,104.78694915771484,102.72800079699809,104.78694915771484,1884200,0.0,0
2019-11-07,104.94899782266961,105.37794904967339,104.22455219464153,105.18730163574219,2329400,0.0,0
2019-11-08,104.92040916770954,105.94034926130037,104.91087497829588,105.83549499511719,1222000,0.0,0
2019-11-11,105.74970147613557,106.08332535698015,104.8822721134845,105.30168914794922,1094300,0.0,0
2019-11-12,105.33028345975009,105.63531204402945,104.54864725800581,104.85367584228516,1603000,0.0,0
2019-11-13,104.91087594580647,106.13099039360216,104.55819093126114,105.74971008300781,1462700,0.0,0
2019-11-14,105.77830313413506,106.96982226059426,105.67344886921019,106.80777740478516,1378700,0.0,0
2019-11-15,107.04608536874913,107.236725527371,106.39789864799656,106.91263580322266,2030800,0.0,0
2019-11-18,106.90310698116619,107.66567492639811,106.69339843267913,107.14141082763672,1927000,0.0,0
2019-11-19,107.15094626035302,107.64661506687895,106.6266748830557,107.26532745361328,1996500,0.0,0
2019-11-20,107.3225126451839,108.390116454069,106.63620370281775,107.30345153808594,1876600,0.0,0
2019-11-21,107.33204113153955,107.5703449561089,105.83549340414233,106.00707244873047,1836900,0.0,0
2019-11-22,105.63533305276647,106.20726085297827,104.5391338600942,105.5876693725586,2007900,0.0,0
2019-11-25,105.67344887592715,106.57900050311146,105.11104806652575,105.14917755126953,1929500,0.0,0
2019-11-26,105.1968536051706,107.73240282315051,105.12059462670865,107.59895324707031,3499100,0.0,0
2019-11-27,107.81819569230993,108.07556065333299,107.42737388312123,107.6561508178711,1589200,0.0,0
2019-11-29,107.72288357019418,108.15182762776531,107.34159592321042,107.6275634765625,706900,0.0,0
2019-12-02,107.44643087418363,107.81818426317436,106.397895487993,106.4264907836914,1495400,0.0,0
2019-12-03,106.27397440037173,107.56081363284343,106.0070752733353,106.78871154785156,1811700,0.0,0
2019-12-04,106.71245034356936,108.26619594302055,106.71245034356936,107.57987976074219,1845500,0.0,0
2019-12-05,107.74553127568242,107.96577509569082,106.41451254853449,106.7400894165039,2525600,0.513,0
2019-12-06,107.38166010407758,107.71680739665449,106.66348420327147,106.88372802734375,1212300,0.0,0
2019-12-09,106.8549888806108,107.1135362816177,106.52941933049858,107.02735137939453,2105600,0.0,0
2019-12-10,107.08483785475404,107.46786653971381,106.47199488108423,106.53902435302734,1419200,0.0,0
2019-12-11,106.62517624246219,107.16141919427346,106.15597005208224,106.67305755615234,1476500,0.0,0
2019-12-12,106.52942380768134,106.83584522887917,105.43779703806017,105.96446228027344,1826200,0.0,0
2019-12-13,105.75379488188698,107.29547969303287,105.48567705484645,107.2667465209961,1846100,0.0,0
2019-12-16,107.80299429980225,107.91789777043445,106.76881923013327,107.27632904052734,1537600,0.0,0
2019-12-17,108.14773722958849,108.86591326260452,107.84131574772822,108.16688537597656,1766500,0.0,0
2019-12-18,108.2243263333298,108.57862910434106,107.19972892058229,107.8030014038086,1833400,0.0,0
2019-12-19,107.86045958441777,108.34882131294161,107.59234171171107,107.7072525024414,1677200,0.0,0
2019-12-20,108.6456644542362,108.74141979314825,107.49658577596331,108.3583984375,2840700,0.0,0
2019-12-23,108.36795806174067,108.6743794991318,107.93705542673115,108.1189956665039,921200,0.0,0
2019-12-24,108.01366916010058,108.08069862529112,107.30506360732764,107.82215118408203,498800,0.0,0
2019-12-26,107.93704501244372,108.38710305330203,107.75510479022543,108.37752532958984,798200,0.0,0
2019-12-27,108.29134635015943,109.09570715573412,108.02322851685554,109.05740356445312,804600,0.0,0
2019-12-30,108.68395713375904,109.01910443911814,108.3009285109215,108.94249725341797,1058500,0.0,0
2019-12-31,108.86589531004587,109.30637566097846,108.37753364254233,109.12443542480469,1248600,0.0,0
2020-01-02,109.24890933463085,109.37339782714845,107.72638000395965,109.37339782714844,2071700,0.0,0
2020-01-03,108.34880397432775,110.57036109995906,108.30092265943632,110.4363021850586,1424900,0.0,0
2020-01-06,109.73728191503331,111.02999714288687,109.65110430915269,111.01084899902344,1840700,0.0,0
2020-01-07,110.62781233846945,111.26938104343236,110.0053917759797,111.08744812011719,2325500,0.0,0
2020-01-08,111.17363575406472,111.53751624486404,110.77145897486254,111.15448760986328,1824600,0.0,0
2020-01-09,111.25024337973412,112.1503595796764,111.11618445280614,111.20236206054688,1634200,0.0,0
2020-01-10,111.36514128941442,111.61410366455186,110.88635737554019,111.26937866210938,1289600,0.0,0
2020-01-13,111.51835646142824,112.99301190019513,111.41302340825466,112.66744232177734,1340900,0.0,0
2020-01-14,112.68659243288397,113.29943531350585,112.38017099257303,113.06004333496094,1622400,0.0,0
2020-01-15,113.19409659215815,114.10379044848885,112.84937157585686,113.20367431640625,1273000,0.0,0
2020-01-16,113.6728751848289,114.67832431941461,113.50051268477598,114.4197769165039,1725800,0.0,0
2020-01-17,114.64001987224053,115.10922605556105,114.35274660574727,114.57299041748047,1988000,0.0,0
2020-01-21,114.29529398380089,115.41564656419888,114.20910908225964,115.30074310302734,1642200,0.0,0
2020-01-22,115.67420489691646,116.15298884548703,115.13796190666639,115.21456909179688,1378200,0.0,0
2020-01-23,115.11881800310167,116.00935647246847,114.50597511081307,115.9997787475586,1740600,0.0,0
2020-01-24,116.17212881074838,116.75624577133735,115.36777534049239,115.86570739746094,1052900,0.0,0
2020-01-27,115.16668520026121,116.16255666770608,114.74536030278834,116.04765319824219,1191100,0.0,0
2020-01-28,116.1146854890626,116.69880249195967,115.42523543281271,115.9135971069336,1395800,0.0,0
2020-01-29,116.1529806032558,116.68921624979124,115.68376710687453,116.31576538085938,1641400,0.0,0
2020-01-30,115.91360037252129,117.62764053119506,115.46354227836423,117.55104064941406,1155800,0.0,0
2020-01-31,117.26377207027657,117.97237031850703,115.95190132871278,116.53601837158203,1657500,0.0,0
2020-02-03,116.97649137107477,118.00108867229015,116.90945460853473,117.48400115966797,1246300,0.0,0
2020-02-04,118.07769982903257,118.51818020283342,117.57976771689442,117.64679718017578,1145300,0.0,0
2020-02-05,117.66593957271513,118.48944854172522,117.26376281268598,118.3649673461914,1601300,0.0,0
2020-02-06,118.0968419076758,118.87246951006478,117.98193113834816,118.48944091796875,1171700,0.0,0
2020-02-07,118.86288808780063,119.09270961930503,118.38410418899356,118.65222930908203,1292400,0.0,0
2020-02-10,118.96823383449733,119.97368305162813,118.84375263755277,119.73429107666016,1233900,0.0,0
2020-02-11,120.06944843812308,120.14605562988903,119.45660551532323,119.67684936523438,1504600,0.0,0
2020-02-12,119.2650859454565,120.30883145917389,118.04897061029102,120.28010559082031,2028500,0.0,0
2020-02-13,119.69598033540962,119.89706870569357,117.69466705091975,118.95865631103516,2107100,0.0,0
2020-02-14,119.3129647115577,120.41416931152344,118.74800312965758,120.41416931152344,1299900,0.0,0
2020-02-18,120.40457626565747,121.09402626853914,119.95451821901734,120.86421203613281,2094300,0.0,0
2020-02-19,120.89293758304956,121.41002508384668,119.90664389484239,119.91622161865234,1431500,0.0,0
2020-02-20,119.4470252127241,119.96411278749167,117.96279925901813,118.78630828857422,2352800,0.0,0
2020-02-21,118.70011131756277,119.55234613043851,118.42241576085473,119.27465057373047,2058000,0.0,0
2020-02-24,116.74667839791435,119.29381255753951,116.4977160001891,118.72884368896484,2324900,0.0,0
2020-02-25,119.10228845936629,120.42373678914225,116.63176891912586,116.77539825439453,3080300,0.0,0
2020-02-26,116.44982194003232,118.1159878835818,115.77952739540397,115.79867553710938,2694700,0.0,0
2020-02-27,115.10925130300576,116.11470065059939,108.70311888381815,108.79888153076172,4280200,0.0,0
2020-02-28,106.4145299905289,107.22846864103053,102.086325813273,106.10810852050781,6444500,0.0,0
2020-03-02,107.09438377785884,112.22694798753838,107.07523563553995,112.06416320800781,4006600,0.0,0
2020-03-03,112.5908252263886,113.9601474914543,107.57316462527838,107.9274673461914,4321500,0.0,0
2020-03-04,112.01629698670767,115.4348141228177,111.19278800215112,115.18584442138672,3474800,0.0,0
2020-03-05,113.46880642477863,115.52732777420044,112.36258989764295,113.22832489013672,3226100,0.545,0
2020-03-06,110.07320496762091,113.13213028838645,109.68843305616406,112.67040252685547,2701800,0.0,0
2020-03-09,105.96578732400432,110.90046579039034,105.10966630583468,107.80306243896484,3516200,0.0,0
2020-03-10,110.07321392420364,110.78503724802542,105.20586976412638,109.14014434814453,4783300,0.0,0
2020-03-11,106.3313176321475,109.37100045364213,104.5998476244572,105.78302001953125,2750400,0.0,0
2020-03-12,99.03028791188513,100.42508514407065,93.9224627285263,94.0186538696289,5118700,0.0,0
2020-03-13,97.26035783648317,101.31006622314455,93.65313461736402,101.31006622314453,5971400,0.0,0
2020-03-16,86.57335087378678,101.66597405790273,82.24468333009744,96.08679962158203,5165900,0.0,0
2020-03-17,96.8852028622044,106.62951210561249,96.8852028622044,104.7826156616211,5104000,0.0,0
2020-03-18,98.74172064827891,101.9545504627931,95.09601966342919,98.55895233154297,4560200,0.0,0
2020-03-19,97.98179041788265,98.73209158086442,94.1917993404569,96.0483169555664,4052100,0.0,0
2020-03-20,96.28881975775029,96.72169098978559,92.93169907461345,94.56697082519531,6880200,0.0,0
2020-03-23,94.93249270708436,95.71165052876556,83.76452968138865,84.52445220947266,6777400,0.0,0
2020-03-24,87.71803715330769,90.00741846606981,86.57334282747003,88.56452941894531,4782900,0.0,0
2020-03-25,88.36253990861216,90.13248056568025,82.09077707493405,87.47756958007812,6434400,0.0,0
2020-03-26,87.43908711046986,94.48038612279305,87.2947967224846,93.96094512939453,5056600,0.0,0
2020-03-27,91.67156219482422,94.60543245822026,90.0074267776799,91.67156219482422,4126100,0.0,0
2020-03-30,92.47957415881638,93.9513199095046,89.07435490285455,90.99820709228516,3812000,0.0,0
2020-03-31,90.01704210019776,90.17094645295421,87.36212413019996,89.03587341308594,4798600,0.0,0
2020-04-01,86.7176396822922,86.8619300655733,83.59137984649458,85.06312561035156,3437900,0.0,0
2020-04-02,84.2647327984115,88.38177571846958,84.02425125084817,87.66995239257812,3859600,0.0,0
2020-04-03,87.16013514197245,88.07396211289722,84.61102919818933,85.63066864013672,2702600,0.0,0
2020-04-06,88.50681981767052,88.93006229830618,87.09278731955261,87.8142318725586,5680000,0.0,0
2020-04-07,91.87357426791198,91.87357426791198,87.69881070500603,87.94891357421875,5158500,0.0,0
2020-04-08,88.70883484632911,92.52768301337963,87.44871387976922,91.97938537597656,3765200,0.0,0
2020-04-09,92.87396531688096,98.07798155743428,92.8547226856225,96.0483169555664,3557900,0.0,0
2020-04-13,95.84631090856685,96.80823695729909,92.42185652353236,93.06634521484375,1978000,0.0,0
2020-04-14,95.0383148720576,96.12528887466607,93.22027487658,95.83670806884766,3052400,0.0,0
2020-04-15,93.6915996510977,94.20141928834134,92.16213340045337,92.95091247558594,2212900,0.0,0
2020-04-16,93.2298735983685,93.98017476401617,91.80622711455334,93.83589172363281,2083000,0.0,0
2020-04-17,96.15413678581291,96.8467247859682,94.67276963857276,96.45233154296875,2917200,0.0,0
2020-04-20,95.10563190003853,96.23108362541818,94.40342264928861,94.46113586425781,1427100,0.0,0
2020-04-21,92.49881394765063,94.4226660779537,92.06594281498435,93.04711151123047,2420200,0.0,0
2020-04-22,94.29763038164707,95.50965952784593,93.67237684295397,94.99983978271484,2369400,0.0,0
2020-04-23,94.75934519048107,96.03870136674189,93.95132342445501,94.06675720214844,1956700,0.0,0
2020-04-24,94.34571970570107,95.25954662379714,93.12406937048765,94.7304916381836,1559900,0.0,0
2020-04-27,95.46154699514148,97.85674834057218,95.26916470489077,97.27958679199219,1641300,0.0,0
2020-04-28,98.97257847685643,99.26115925010487,96.25994709619397,97.78941345214844,2446500,0.0,0
2020-04-29,98.99182804993463,99.11687581302253,96.68320371882054,97.09683227539062,2322800,0.0,0
2020-04-30,96.19261773291946,96.52929042720181,94.38419916154973,96.21185302734375,1823600,0.0,0
2020-05-01,94.90362765679727,94.90362765679727,93.38378273579957,94.47075653076172,1601800,0.0,0
2020-05-04,94.08598517615398,96.03869389534314,93.56654422531479,95.76935577392578,1680300,0.0,0
2020-05-05,96.12528002120983,96.62547838778842,94.85553780260285,95.24992370605469,3045000,0.0,0
2020-05-06,96.67358006962611,96.77939253542242,92.08519546857806,93.11445617675781,4564100,0.0,0
2020-05-07,94.70163137554836,98.45314502020626,94.36495867361171,97.58740997314453,2504000,0.0,0
2020-05-08,98.07799920395854,99.02069015456925,96.51006206430895,97.12569427490234,1761600,0.0,0
2020-05-11,96.20223460476255,97.37578566110895,95.48079000509851,96.67357635498047,1487400,0.0,0
2020-05-12,97.14493356514981,97.14493356514981,94.45154436778468,94.56697082519531,2141900,0.0,0
2020-05-13,94.5092434876452,95.03830580151315,92.42186552004624,92.84510803222656,2246500,0.0,0
2020-05-14,92.16213904468694,93.63388483144082,90.54610287240715,93.47998046875,2324200,0.0,0
2020-05-15,92.69119349181594,93.61464160646095,91.48878594583338,92.2775650024414,3174000,0.0,0
2020-05-18,94.9517206478182,96.70242578615152,94.44190100946105,95.86555480957031,2943700,0.0,0
2020-05-19,95.56735831018656,96.23108967974416,94.55734029011396,94.58619689941406,1773000,0.0,0
2020-05-20,95.3076509580091,96.73129764364559,94.3553387229944,95.66355895996094,1601800,0.0,0
2020-05-21,95.2691577905466,96.29841838040655,94.87476458356838,95.16334533691406,1361800,0.0,0
2020-05-22,95.11526962603554,95.23070342371014,94.39382490312865,95.15374755859375,1079000,0.0,0
2020-05-26,96.74092185695649,98.62629641046198,96.68320863089366,97.73170471191406,2088000,0.0,0
2020-05-27,98.7801939545094,100.52127785405547,98.53009111260825,100.32889556884766,2842100,0.0,0
2020-05-28,101.33890536749581,103.18580157600701,101.08880254584956,102.44512176513672,2681400,0.0,0
2020-05-29,103.07037980570534,103.35895322318204,102.10845373628936,102.68560791015625,3078800,0.0,0
2020-06-01,102.92609016100319,103.03190261650609,101.91606484535316,101.97378540039062,1629000,0.0,0
2020-06-02,101.98340234993037,103.91687587449134,101.53130324559176,103.3397216796875,1773400,0.0,0
2020-06-03,104.22469468038017,106.4659843238166,103.64754047036972,106.01387786865234,2336100,0.0,0
2020-06-04,105.37102144093755,105.98004395559477,103.54394652157971,104.39464569091797,1728000,0.545,0
2020-06-05,106.27004932781624,109.04449972901287,105.11966619493718,108.46446990966797,2931700,0.0,0
2020-06-08,108.13580012343691,109.78886751303858,107.74911601101515,109.75019836425781,2422300,0.0,0
2020-06-09,108.31947262665423,108.65781844641667,106.57939787446782,107.54610443115234,2820200,0.0,0
2020-06-10,107.97145330094706,108.1164533782654,105.33234126297197,105.69002532958984,2109900,0.0,0
2020-06-11,103.59228678294436,104.07564010154626,99.68679108359466,99.76412200927734,2826000,0.0,0
2020-06-12,101.91021232442246,102.68358058737924,98.46873904257613,100.43115234375,2581500,0.0,0
2020-06-15,98.25604970833625,101.96820656543483,98.1690496620705,101.01116180419922,2064200,0.0,0
2020-06-16,103.43761457625823,103.98863708786395,100.85650951533597,102.18089294433594,2094200,0.0,0
2020-06-17,103.05093042986778,103.08959958204548,101.74587788926334,102.18089294433594,1254700,0.0,0
2020-06-18,101.7748653135534,102.18088029808962,100.65348954073163,101.15617370605469,1200900,0.0,0
2020-06-19,102.73190093391997,103.1765924334094,98.34305972525613,98.38172149658203,3413300,0.0,0
2020-06-22,98.5460688104596,100.33447446637247,97.71470058115771,100.24746704101562,2161100,0.0,0
2020-06-23,101.06919064222109,101.4462056734231,99.5611231420261,100.40216064453125,1954000,0.0,0
2020-06-24,99.97679258374916,100.10246915920789,97.89837196478531,97.99504852294922,2893400,0.0,0
2020-06-25,97.63736516671332,99.61911661777624,97.10567359436398,98.98108673095703,3195700,0.0,0
2020-06-26,99.0487467914799,100.01545328842043,98.7007318625505,99.38709259033203,5907700,0.0,0
2020-06-29,100.14113685983178,100.41182091317351,98.96176095950979,100.11213684082031,1952200,0.0,0
2020-06-30,100.08313698624414,102.76091850195905,99.91879862798496,102.38390350341797,1929300,0.0,0
2020-07-01,102.3838929648522,102.82857708722115,101.23350982467637,101.5911865234375,1255000,0.0,0
2020-07-02,102.1518885339405,102.62558009621995,101.26252019823488,101.4751968383789,1438600,0.0,0
2020-07-06,102.2679060299386,102.5579136242117,100.94351515239164,101.70721435546875,1868200,0.0,0
2020-07-07,101.23352527256175,101.75554776771081,100.8468411233343,101.13685607910156,1585000,0.0,0
2020-07-08,100.58582023015536,101.03050436143585,99.06809123031638,99.68678283691406,1728400,0.0,0
2020-07-09,99.45476491066736,99.5707723491255,97.58902101726541,98.68140411376953,2029500,0.0,0
2020-07-10,98.6233972748961,100.40214113123874,98.6233972748961,100.36347198486328,1189200,0.0,0
2020-07-13,100.85649108886719,101.9391976504861,100.26679953282033,100.85649108886719,2439500,0.0,0
2020-07-14,101.02083970612894,102.69324536940026,100.98217055708027,102.66423797607422,1811800,0.0,0
2020-07-15,103.36025781364222,103.81461105135777,102.73189710989486,103.23458862304688,2015600,0.0,0
2020-07-16,103.0412638445358,104.54933131519022,102.9735946703991,103.8823013305664,1637200,0.0,0
2020-07-17,104.32697133667696,105.74803117562446,103.81461803428328,105.08100128173828,3224700,0.0,0
2020-07-20,104.65566347032998,104.78133267906192,102.75125019929932,103.02192687988281,1407600,0.0,0
2020-07-21,103.3699314062355,104.73298380283914,103.21525481846977,103.9402847290039,1266700,0.0,0
2020-07-22,103.47627016819835,104.86832996262426,103.0412477947474,104.60731506347656,1239700,0.0,0
2020-07-23,104.7813187690972,105.42901036528033,103.92095055914994,104.43330383300781,1497200,0.0,0
2020-07-24,105.06167318059642,105.33234984749788,103.48594408377093,103.70828247070312,1224000,0.0,0
2020-07-27,103.92094837072487,103.98861753046249,103.04124191875056,103.50526428222656,1214000,0.0,0
2020-07-28,103.21525481846977,104.42363800269334,103.21525481846977,103.9402847290039,1402000,0.0,0
2020-07-29,104.55898369923693,106.46338940215016,104.31730706240481,105.99937438964844,1466100,0.0,0
2020-07-30,104.92632759933213,106.0090415675352,103.72761356783315,105.73835754394531,1873100,0.0,0
2020-07-31,105.18734307415365,105.97038043756216,104.65565886792814,105.95104217529297,1467500,0.0,0
2020-08-03,106.29906826864317,106.29906826864317,105.0326848467432,105.35169982910156,1486100,0.0,0
2020-08-04,104.78132971430706,105.34202132272908,104.4139838546786,105.19701385498047,1276100,0.0,0
2020-08-05,105.64169787309807,106.27005864891244,105.09067539669788,105.54502868652344,1522000,0.0,0
2020-08-06,105.52569756379881,106.73408083174968,105.52569756379881,106.6954116821289,1437100,0.0,0
2020-08-07,106.4247276001438,109.46019315360365,106.4247276001438,108.96717071533203,1867400,0.0,0
2020-08-10,108.55148001553184,108.94782586813515,107.27542765712985,107.89411926269531,1770900,0.0,0
2020-08-11,108.36780114573178,108.64814692605043,107.16908710691642,107.8747787475586,1563300,0.0,0
2020-08-12,108.30013313330502,108.97683214051763,107.87477989307914,108.51280975341797,1506400,0.0,0
2020-08-13,107.64277154748162,108.00045562173445,106.84040335072788,107.63310241699219,891200,0.0,0
2020-08-14,107.47843564563358,108.31947300804927,106.96608234884849,107.75878143310547,1057600,0.0,0
2020-08-17,107.76846363586917,108.43548622797603,106.87908788741562,107.17877197265625,1468200,0.0,0
2020-08-18,107.21742536500892,107.8554478430749,106.94674133981444,107.31409454345703,1193400,0.0,0
2020-08-19,107.93279577883978,108.11646502168476,106.56007414623348,106.87908172607422,935500,0.0,0
2020-08-20,106.46339641773892,106.96608798569143,106.12505057895518,106.48273468017578,1118700,0.0,0
2020-08-21,106.69539979064297,107.75877547284645,106.20237740715955,107.45909881591797,1495300,0.0,0
2020-08-24,107.7781001869503,108.82214492441395,107.44942353370335,108.76414489746094,1332100,0.0,0
2020-08-25,109.23784743098562,109.59553153346504,108.96717075900602,109.42152404785156,2106100,0.0,0
2020-08-26,109.47952647985971,111.17126309213127,108.99617316206783,110.1078872680664,2122400,0.0,0
2020-08-27,110.20454576258128,111.19058319002417,110.03053829004598,110.4655532836914,1289300,0.0,0
2020-08-28,110.42690240928253,110.4945715788691,109.44085750915116,110.21422576904297,1242300,0.0,0
2020-08-31,109.85652152236383,110.65888965424158,109.79852149488808,110.20453643798828,1504600,0.0,0
2020-09-01,109.53752191879329,110.03054434734896,109.06383775235366,109.85653686523438,1290000,0.0,0
2020-09-02,109.8565335555361,111.22925510898017,109.59552602792071,110.34955596923828,2806600,0.0,0
2020-09-03,110.24756143370605,110.84979747681503,107.4015227672246,108.03289794921875,2324200,0.545,0
2020-09-04,108.57685928650095,109.06253141242787,105.9348017357355,108.023193359375,2224200,0.0,0
2020-09-08,107.99404673296263,108.47971882522981,106.95470875194157,107.294677734375,1490100,0.0,0
2020-09-09,107.56664948152793,110.16014400350709,107.40152275402035,109.3344955444336,1738000,0.0,0
2020-09-10,109.58704516247757,109.69389361033349,108.15916809637365,108.4797134399414,1123700,0.0,0
2020-09-11,108.70312809457539,110.3544101960675,108.39229085020551,109.9075927734375,1505900,0.0,0
2020-09-14,110.56810476990222,113.24900924927768,110.39326252900663,113.02560424804688,2111300,0.0,0
2020-09-15,113.16158229354836,114.41461701252862,112.83132887234909,113.71524810791016,1709100,0.0,0
2020-09-16,114.16209370109392,115.51226167704613,113.33645253325369,113.50157928466797,2050700,0.0,0
2020-09-17,112.82161676022099,114.08435962208168,111.94740560307606,112.24851989746094,2097400,0.0,0
2020-09-18,111.93770351109579,113.21987755841434,111.5685953830445,111.96684265136719,3063300,0.0,0
2020-09-21,110.97607277093861,111.14119950326072,110.02415221203422,111.02464294433594,2109400,0.0,0
2020-09-22,110.8109422280317,112.17082551794495,110.68466274584839,111.6754379272461,1088400,0.0,0
2020-09-23,109.96586731809386,110.61666610217151,108.49913561678133,108.52828216552734,1580400,0.0,0
2020-09-24,108.61570667834374,109.22765084818955,107.09069660140301,108.11061096191406,1818500,0.0,0
2020-09-25,107.81920026513205,110.58752960059675,107.6734971609986,110.37383270263672,1174800,0.0,0
2020-09-28,111.31604511334949,111.90856567500028,110.61667609561295,110.7720947265625,1265500,0.0,0
2020-09-29,110.90808038939619,111.36461334638983,110.08243930648568,110.16014862060547,1029700,0.0,0
2020-09-30,110.53896877785058,111.04406448216582,109.31507305674539,109.92701721191406,2130500,0.0,0
2020-10-01,110.6943825381679,110.72352167802262,108.81968796291129,109.65504455566406,1510700,0.0,0
2020-10-02,108.46029516898794,111.27718737465865,108.38258585566473,110.62638854980469,1089700,0.0,0
2020-10-05,111.53945127608539,111.76285628206365,110.57781522534061,110.96635437011719,1242600,0.0,0
2020-10-06,111.52001706481587,111.7531449914988,109.66475363226174,110.00472259521484,1404600,0.0,0
2020-10-07,110.58752956250878,111.12177180722486,110.08243386722351,110.61666870117188,1085800,0.0,0
2020-10-08,111.05377727203712,111.59772761883107,110.64581451194167,111.41316986083984,910500,0.0,0
2020-10-09,111.83085113248477,112.3845170105195,111.39374922221394,112.04454803466797,1097200,0.0,0
2020-10-12,112.51080626499758,113.83183503796371,112.36510314533234,113.4724349975586,1217300,0.0,0
2020-10-13,113.78325809394734,114.23007553311626,111.78229142924128,112.19025421142578,1614200,0.0,0
2020-10-14,111.88912846087152,112.50107257167693,111.00520177894083,111.2966079711914,1020700,0.0,0
2020-10-15,111.04406862585489,112.1805395610483,110.7332387783464,111.96684265136719,884000,0.0,0
2020-10-16,112.26796139988137,113.12274160505166,112.18053657062954,112.54965209960938,1910100,0.0,0
2020-10-19,112.6759281390195,112.87990953342727,110.286422276398,110.44183349609375,1456400,0.0,0
2020-10-20,111.46174133208392,112.27766686179078,110.79151149641916,111.03434753417969,832800,0.0,0
2020-10-21,110.63609393167899,111.85027405074753,110.3641187707304,110.89835357666016,1008000,0.0,0
2020-10-22,111.0052063358574,112.71477408498836,110.79150944087007,112.45250701904297,1324400,0.0,0
2020-10-23,112.91875595167973,113.48213732985083,112.19024784876567,113.3558578491211,1594000,0.0,0
2020-10-26,112.47194071193898,112.69534571778784,109.57733186633642,110.15042877197266,1392600,0.0,0
2020-10-27,108.80996849677804,109.38306539926974,107.18782554375142,107.45980072021484,2480800,0.0,0
2020-10-28,106.09022149162489,106.67302656672754,103.69099997852983,103.89498138427734,1884100,0.0,0
2020-10-29,104.30292922145966,105.49768575304748,103.06932544644158,104.46806335449219,2082600,0.0,0
2020-10-30,104.28351437611057,105.22571944009123,103.17618257596808,104.81775665283203,1930700,0.0,0
2020-11-02,105.95421603779663,108.69340609900235,105.77937380364446,107.49864959716797,2064400,0.0,0
2020-11-03,108.98482121143566,111.8308601427588,108.98482121143566,111.42289733886719,2357000,0.0,0
2020-11-04,110.88865502868519,114.78373985061253,110.88865502868519,112.72449493408203,1989200,0.0,0
2020-11-05,114.6089032391586,117.14411226383626,113.70555281185082,116.26019287109375,2682300,0.0,0
2020-11-06,116.56129983188212,116.91098432423921,115.50253824891111,115.86193084716797,1311800,0.0,0
2020-11-09,119.95128923218678,121.96197136353085,117.28980828686223,117.49378967285156,2398700,0.0,0
2020-11-10,117.43550734200232,120.19412112678565,116.71671475749461,119.84443664550781,1963400,0.0,0
2020-11-11,119.88329553630379,120.1941253738932,118.75654015408013,119.28106689453125,1025700,0.0,0
2020-11-12,118.94109246594428,119.31991610515958,117.23153203642781,117.62006378173828,1216800,0.0,0
2020-11-13,118.51369435284346,119.08678380808331,117.8240409390681,118.42626953125,865100,0.0,0
2020-11-16,118.96051111622516,119.65988004221053,117.57148878010624,118.4942626953125,1678100,0.0,0
2020-11-17,117.8920446988577,118.18344350368882,117.15382105390327,117.82405090332031,1634100,0.0,0
2020-11-18,118.63996780462014,119.23248829859881,117.01782493588325,117.07610321044922,1204500,0.0,0
2020-11-19,116.70700128385764,117.62005974693757,115.47339006143348,117.12467956542969,1172700,0.0,0
2020-11-20,117.56179000215195,117.73663225854152,116.5515911219865,116.90127563476562,950900,0.0,0
2020-11-23,117.37721361626785,117.54234774000568,116.15332542637859,116.66813659667969,935800,0.0,0
2020-11-24,117.29951107853022,118.05715826166093,116.6098576833531,116.97896575927734,1433100,0.0,0
2020-11-25,116.56130866436236,116.65844160609565,115.26941904808126,116.21162414550781,1400600,0.0,0
2020-11-27,116.39617291654505,116.54187602325585,115.46368340867085,115.7745132446289,616100,0.0,0
2020-11-30,115.24996843617274,116.44471742018,114.90028399920313,115.7162094116211,1566600,0.0,0
2020-12-01,116.72643540638579,117.14411372553049,115.85222410924939,116.21162414550781,1545200,0.0,0
2020-12-02,115.92020634661046,116.31846100199036,113.27815650547231,113.7735366821289,1621700,0.0,0
2020-12-03,113.78818389126788,115.08611266406596,113.39782842146401,114.3151626586914,1619500,0.545,0
2020-12-04,113.98336025315291,114.83237535820324,113.98336025315291,114.70551300048828,1638500,0.0,0
2020-12-07,114.70551423110403,115.06659433135106,113.65155673206766,113.9540786743164,1173500,0.0,0
2020-12-08,113.12457642488368,114.44201955783312,112.98795313378736,113.93456268310547,1234700,0.0,0
2020-12-09,114.45177793927127,114.45177793927127,112.8122910372657,113.76866149902344,1611700,0.0,0
2020-12-10,113.33926408447954,113.83696743479508,111.94374847331234,112.16820526123047,1672900,0.0,0
2020-12-11,112.06086940854524,113.3587981651974,111.40702828586889,112.62688446044922,1426100,0.0,0
2020-12-14,113.17338284564937,114.02239801711536,111.96328754956409,112.01207733154297,1227700,0.0,0
2020-12-15,113.23192299980805,114.00287295911058,112.77325590860433,113.96383666992188,1479400,0.0,0
2020-12-16,113.83697001283504,114.30539057457872,113.08553450381412,113.28071594238281,997200,0.0,0
2020-12-17,113.7296294501732,115.49597877252987,113.55396986678778,114.67623901367188,1890600,0.0,0
2020-12-18,114.99827479402049,115.76922477021401,114.10046245924235,114.57865142822266,3232700,0.0,0
2020-12-21,113.68083366171186,113.89552953805116,111.41678091693487,113.70035552978516,1392300,0.0,0
2020-12-22,113.97360763412824,115.17394198932348,113.1733822488609,115.07635498046875,1695200,0.0,0
2020-12-23,114.9690028861806,115.45694535824882,113.42711033295761,113.44662475585938,957100,0.0,0
2020-12-24,113.65156430618254,114.19805751451288,113.40759306026197,114.17854309082031,466100,0.0,0
2020-12-28,114.66647999663013,115.43742998963128,113.88576906955242,115.24224853515625,1172200,0.0,0
2020-12-29,115.6423632483927,116.03271870624586,113.71986876093001,114.00287628173828,863900,0.0,0
2020-12-30,114.05167115121775,114.6274396694699,113.65155476769125,114.11022186279297,735900,0.0,0
2020-12-31,113.75890130097936,115.21296770199999,113.67107523469858,115.08610534667969,898500,0.0,0
2021-01-04,115.15442856347467,115.22274021480604,111.50462079372046,112.06087493896484,1731000,0.0,0
2021-01-05,111.74858518872844,112.63663660158458,111.29967901530286,112.43170166015625,1336100,0.0,0
2021-01-06,113.00747071439741,115.58380617078231,112.43169477055261,114.92020416259766,1617800,0.0,0
2021-01-07,114.66647687430728,115.53501384819043,114.0614255500268,115.20321655273438,1827600,0.0,0
2021-01-08,115.53502475988175,116.08151797832211,114.40300202948217,115.73995971679688,1372700,0.0,0
2021-01-11,114.76406826094883,115.27153260274322,113.84674147378573,114.21757507324219,1541600,0.0,0
2021-01-12,114.37371344340566,114.80310520499437,112.73422642555305,113.59300994873047,1477600,0.0,0
2021-01-13,113.32950493975707,114.02238228974426,112.82204809378426,113.40757751464844,1444800,0.0,0
2021-01-14,113.81745133930619,113.94432113928768,111.67050757269438,111.87544250488281,1605700,0.0,0
2021-01-15,111.49485461454667,112.71471079194872,111.34847038417618,111.95352172851562,3799200,0.0,0
2021-01-19,112.77325872684118,113.52469428303337,112.01206968216621,112.23652648925781,1636900,0.0,0
2021-01-20,112.29508052402815,113.05626959122274,112.06087022152471,112.27556610107422,1916200,0.0,0
2021-01-21,112.14869182613032,112.42193840906964,110.24571923393789,111.81689453125,2268400,0.0,0
2021-01-22,111.68027449848356,113.00747860755315,111.07522315759822,112.57808685302734,1978100,0.0,0
2021-01-25,112.57809347019683,113.2221736944324,111.20209205526596,111.43630981445312,1542500,0.0,0
2021-01-26,111.74858037194636,111.77785572725837,110.91907970799258,111.20207977294922,1709500,0.0,0
2021-01-27,110.27499340094496,110.49945020331707,107.49372293256968,108.28418731689453,2504800,0.0,0
2021-01-28,108.8111656130512,111.69978400403805,108.61599161253743,109.40645599365234,1952600,0.0,0
2021-01-29,109.01609253168083,109.92366571362015,107.78647557170262,108.635498046875,1891900,0.0,0
2021-02-01,109.19177360722497,109.87489013877516,108.47938171652432,109.38694763183594,1229600,0.0,0
2021-02-02,110.18716020580686,111.16304504002889,109.87486991126181,110.27498626708984,1579500,0.0,0
2021-02-03,110.16764265233266,110.55799809038447,109.3479029332935,109.51380157470703,1343100,0.0,0
2021-02-04,109.47476002924122,110.76292770116522,109.1819916034088,110.35305786132812,1206400,0.0,0
2021-02-05,110.85077312041196,111.8364190510745,110.58728744747648,110.9874038696289,1423200,0.0,0
2021-02-08,111.32895072938567,111.98279182284703,110.90931992626358,111.62171173095703,1618200,0.0,0
2021-02-09,111.6217082108259,112.00230271265377,110.72389592166326,110.81172943115234,1155700,0.0,0
2021-02-10,111.49484978971351,111.66074843576239,109.72850050380403,110.94835662841797,1733900,0.0,0
2021-02-11,111.25087405825295,111.39725827635908,110.16764126784237,110.48968505859375,1289800,0.0,0
2021-02-12,110.11884268389903,110.60678510794058,109.66018305944482,110.51895904541016,1123100,0.0,0
2021-02-16,109.5235708893227,111.04594902427138,109.4162229495085,109.8846435546875,2077700,0.0,0
2021-02-17,109.45526142741305,110.0993416337537,109.23080460911451,109.5040512084961,2088400,0.0,0
2021-02-18,108.44033409053758,110.89956079254159,108.41105128903537,110.69462585449219,3645300,0.0,0
2021-02-19,110.81173105554657,110.81173105554657,108.18659834691951,108.93802642822266,2934300,0.0,0
2021-02-22,108.4696129633993,108.55743903452037,106.60566914744314,107.89383697509766,3271800,0.0,0
2021-02-23,107.68890267664217,109.79681774113253,106.4788074241077,107.26927185058594,2892400,0.0,0
2021-02-24,107.66939269225426,109.26984347960678,107.34734885877914,109.17225646972656,3076400,0.0,0
2021-02-25,108.90875047390534,110.75317229054889,108.90875047390534,109.56259155273438,2567100,0.0,0
2021-02-26,109.98223847590198,110.98740629790672,108.04022937611336,108.21588897705078,2607600,0.0,0
2021-03-01,108.97705297455786,110.44088016307926,108.97705297455786,109.76752471923828,1937100,0.0,0
2021-03-02,109.63090545256448,111.73882039806314,109.13320951716413,111.57292175292969,3244900,0.0,0
2021-03-03,111.57292255365914,112.03158964854053,110.60679114066647,111.22160339355469,2824000,0.0,0
2021-03-04,111.54365661553075,113.94433278199318,111.29968536960475,112.7342300415039,3803500,0.0,0
2021-03-05,112.80253537915375,116.1595819177382,112.80253537915375,115.81802368164062,3281200,0.0,0
2021-03-08,116.08150547399241,120.00456692780814,115.85705611720145,118.79447174072266,3121800,0.0,0
2021-03-09,118.25772780990464,119.30192431385363,116.71582794189452,116.71582794189453,2268600,0.0,0
2021-03-10,116.95980761179656,119.3214473603516,116.06199526125003,118.75543975830078,2625100,0.0,0
2021-03-11,118.70150179469492,118.70150179469492,116.95618102353765,117.66215515136719,1956200,0.575,0
2021-03-12,118.15240550190912,119.5545463809546,117.81903301075876,119.41727447509766,1768900,0.0,0
2021-03-15,118.75052547055381,120.24090941216025,118.28968085285898,120.23110961914062,1598100,0.0,0
2021-03-16,120.31935670432912,120.74097972191059,119.81929045539334,120.51546478271484,1544100,0.0,0
2021-03-17,120.9272889406247,120.9272889406247,116.16197077526317,116.67183685302734,3825700,0.0,0
2021-03-18,116.85812885070875,119.64279622056067,116.62280663879015,119.52513885498047,2105800,0.0,0
2021-03-19,119.81929222786245,120.34877282619902,118.46618013039676,119.20156860351562,3643800,0.0,0
2021-03-22,119.48592270047045,121.12338594620408,118.77994855169082,120.96650695800781,2098800,0.0,0
2021-03-23,120.85864997038546,122.3784483718171,120.36839097364778,121.68228149414062,1961400,0.0,0
2021-03-24,121.3783199499004,123.45702073159678,120.96650419942308,122.38825225830078,2078900,0.0,0
2021-03-25,122.98635953995498,125.07485995764308,122.00584164757895,124.94739532470703,2953300,0.0,0
2021-03-26,124.8591593553482,127.43792650009578,124.63364440308096,127.271240234375,2239000,0.0,0
2021-03-29,126.47700716103056,128.8204443038055,126.43777806724736,127.80069732666016,2394400,0.0,0
2021-03-30,127.27124135493912,127.91838683568284,126.32993747735576,126.76136779785156,2069500,0.0,0
2021-03-31,126.280901676157,127.40850630877097,126.2416875407651,126.50643157958984,1814700,0.0,0
2021-04-01,126.73195345431935,127.54578520225144,125.44747724835436,126.76136779785156,1308200,0.0,0
2021-04-05,127.2810303764994,128.6145353626626,127.173172805504,128.43804931640625,1593500,0.0,0
2021-04-06,128.82043295902542,129.9578222328077,128.18308741405957,129.03614807128906,1806800,0.0,0
2021-04-07,130.22259979486734,130.63441558038463,129.45779691297548,129.8303985595703,1698200,0.0,0
2021-04-08,129.73232559271165,130.457914250795,129.52642520480015,130.2519989013672,1543700,0.0,0
2021-04-09,130.47753278316713,132.06596709877067,130.28141722095506,132.05615234375,1599300,0.0,0
2021-04-12,132.23265164708113,132.8209684030742,131.45804904782298,131.85025024414062,1795400,0.0,0
2021-04-13,130.8010924756582,132.2718694448516,130.55596298079266,131.8404541015625,1387800,0.0,0
2021-04-14,131.73260370559058,131.8698756317368,131.12467235135645,131.27175903320312,1193600,0.0,0
2021-04-15,131.4286477612452,132.27189397844748,131.4286477612452,131.89930725097656,1296400,0.0,0
2021-04-16,132.58563156002396,132.94841839513396,131.9090718155636,132.4189453125,1349900,0.0,0
2021-04-19,131.92869222445347,132.32089341705134,131.2031035604793,131.81101989746094,1507300,0.0,0
2021-04-20,131.6737447112204,132.71310627265328,131.35018696420306,132.24244689941406,1392700,0.0,0
2021-04-21,132.36011891532053,133.69362388002813,132.22284700549102,132.91900634765625,1181000,0.0,0
2021-04-22,132.92883358418194,133.32103480294637,131.86987233969705,132.1248016357422,1612900,0.0,0
2021-04-23,132.21303827079473,133.21317078024182,131.79142272909175,132.8601837158203,1089600,0.0,0
2021-04-26,132.36993171882355,133.18376346477325,131.2815561262303,131.32077026367188,1483700,0.0,0
2021-04-27,131.84047009054268,133.35046137897157,131.2423534520733,132.42877197265625,1744400,0.0,0
2021-04-28,132.94842735248855,133.90934573097869,132.39933968564668,133.57595825195312,1383700,0.0,0
2021-04-29,134.2034881159429,135.1447919386353,134.13485963887558,134.5074462890625,1705700,0.0,0
2021-04-30,134.31134058818208,135.8605606982691,134.1250397894066,135.2820587158203,1725200,0.0,0
2021-05-03,136.01746158376008,137.9392685337286,135.7625322834836,137.60589599609375,1410700,0.0,0
2021-05-04,137.47844592028565,138.55700682619988,137.2725305414054,138.13539123535156,1558500,0.0,0
2021-05-05,138.34126636408362,139.1354834660482,137.380363015171,138.88055419921875,1410100,0.0,0
2021-05-06,139.10607999976088,139.62575332837238,138.45894950852943,138.7236785888672,1437500,0.0,0
2021-05-07,138.46875439697146,139.3806289636094,138.01770952986453,138.62564086914062,1584100,0.0,0
2021-05-10,139.2923756095992,141.7240559019214,139.282575816384,140.468994140625,1807600,0.0,0
2021-05-11,140.1062203159579,140.66512277302158,137.91966930440498,138.4491424560547,1790000,0.0,0
2021-05-12,138.17458533829335,138.2628283615092,135.42913213328578,135.4879608154297,1447600,0.0,0
2021-05-13,135.9978307926329,139.19432874679828,135.66445829481071,138.6648406982422,1272300,0.0,0
2021-05-14,139.08648536363424,140.1258320578547,138.77271241967168,139.1747283935547,977000,0.0,0
2021-05-17,138.98841195691307,139.8316579471405,137.86082235950562,138.75308227539062,1482200,0.0,0
2021-05-18,138.28245561908736,139.1453162672147,137.7039535761464,137.73336791992188,1672600,0.0,0
2021-05-19,137.22345834270263,137.22345834270263,134.93885015281893,136.4390411376953,1311400,0.0,0
2021-05-20,136.654790871877,138.29225416045463,136.30180378825133,137.6941375732422,1029500,0.0,0
2021-05-21,138.41971815274874,139.06686359493844,137.42940040262206,138.22361755371094,1573500,0.0,0
2021-05-24,138.86094437797985,139.2335459788479,138.2726425972325,138.3608856201172,1137400,0.0,0
2021-05-25,138.1942109237541,138.54719800632697,137.7137517120107,137.94908142089844,1561000,0.0,0
2021-05-26,137.44899805615472,138.0177002584268,136.79205282978432,137.0469970703125,1259100,0.0,0
2021-05-27,137.5568538584552,138.0863419192653,136.49790765986756,137.81179809570312,2207000,0.0,0
2021-05-28,138.53737129455104,138.79231553088948,137.9000406267373,137.9392547607422,925600,0.0,0
2021-06-01,138.66486166313703,138.7236903526452,137.22349892411387,137.34117126464844,1117600,0.0,0
2021-06-02,137.57649499706827,138.488384628484,137.07643614211074,138.37071228027344,1354700,0.0,0
2021-06-03,138.31656257149342,139.0155701427211,137.80460299659833,138.40516662597656,890600,0.575,0
2021-06-04,138.78912271294897,139.0352550842179,137.85382270667253,138.57252502441406,641900,0.0,0
2021-06-07,138.5233053001621,138.8088272836675,137.21387919007668,137.41079711914062,1087200,0.0,0
2021-06-08,137.62737671567095,137.8439744146038,136.71177146150532,137.18434143066406,1112100,0.0,0
2021-06-09,137.02681819686475,137.7061460030834,136.85944997286913,137.42063903808594,890300,0.0,0
2021-06-10,137.7947627201684,138.03104019812298,137.3911019983576,137.7652130126953,941500,0.0,0
2021-06-11,138.1393349749317,138.24763382337588,137.03666671639337,137.7455291748047,1262700,0.0,0
2021-06-14,137.74554003049653,138.09997128763482,137.1154416869984,138.0802764892578,813700,0.0,0
2021-06-15,138.0113440086939,138.926964294719,137.26310696483668,138.6808319091797,934100,0.0,0
2021-06-16,139.31092372963113,139.31092372963113,137.2532606877718,137.65692138671875,1395700,0.0,0
2021-06-17,137.46987031961757,137.71600271507762,136.1899788586795,137.1449737548828,1215300,0.0,0
2021-06-18,135.9339923695753,136.44593688226553,134.8510039336389,134.949462890625,2710800,0.0,0
2021-06-21,135.6681617244189,137.2433998367027,135.50079352001714,137.2040252685547,1461400,0.0,0
2021-06-22,137.1351207725393,137.87351796930076,136.95791265622668,137.50924682617188,1047500,0.0,0
2021-06-23,137.37141416758874,137.37141416758874,136.35734987932977,136.37704467773438,937800,0.0,0
2021-06-24,136.8397635595579,137.05636125603982,135.9438380898125,136.39671325683594,1072400,0.0,0
2021-06-25,136.14073970337424,137.32217211310567,136.14073970337424,136.95790100097656,1540400,0.0,0
2021-06-28,136.9086557130796,137.32215625760557,136.29825229345457,137.02679443359375,1014300,0.0,0
2021-06-29,137.01696826757404,137.60769197474798,136.72160641398705,137.302490234375,1146500,0.0,0
2021-06-30,137.25326094469696,138.1688661670814,137.00712857015563,137.9424285888672,1206200,0.0,0
2021-07-01,139.507837680594,139.507837680594,138.4642387354216,138.9860382080078,1292000,0.0,0
2021-07-02,138.96634491123996,140.46283408677812,138.70053273965965,139.77366638183594,1470200,0.0,0
2021-07-06,140.1773133972217,140.6498833453963,138.88758217076378,140.561279296875,1198600,0.0,0
2021-07-07,140.5612734084287,142.50079762158026,140.1773075248606,141.81161499023438,1630900,0.0,0
2021-07-08,140.77788724631645,141.05355432140337,139.62598946340424,139.97056579589844,1317300,0.0,0
2021-07-09,140.728658718065,141.15199922098748,139.97056674507076,140.8271026611328,894800,0.0,0
2021-07-12,140.76801771571064,141.45718533184956,140.36437205515398,140.89601135253906,1087900,0.0,0
2021-07-13,141.27997441379944,141.49657209207083,140.0197779344353,140.3151397705078,1197400,0.0,0
2021-07-14,140.64005752591532,141.860864599369,140.40376501682945,141.76242065429688,848200,0.0,0
2021-07-15,141.24062110797087,143.25889474237937,141.23076619755784,143.11122131347656,1217400,0.0,0
2021-07-16,143.64284701182984,144.64707130099924,143.4656389140088,143.54440307617188,1125700,0.0,0
2021-07-19,142.7469503422605,143.25889491154766,140.0394939758303,141.40798950195312,1951800,0.0,0
2021-07-20,141.72302134382352,144.12527577531708,141.6836467730394,142.9241485595703,1669500,0.0,0
2021-07-21,143.30810785572612,143.7019286590284,142.3531130639685,142.60910034179688,976300,0.0,0
2021-07-22,142.85522955540912,143.0422775322783,142.0085336254178,142.73707580566406,1065900,0.0,0
2021-07-23,142.78629880396684,144.57814953697812,142.78629880396684,144.12525939941406,908200,0.0,0
2021-07-26,143.93819895279034,144.7455202923245,143.4754689211504,144.42062377929688,1249200,0.0,0
2021-07-27,145.91712428136137,147.63019600240796,144.48954448351853,144.68646240234375,1876300,0.0,0
2021-07-28,144.98181067370393,144.98181067370393,143.11121060812738,143.41641235351562,1224200,0.0,0
2021-07-29,144.38123942571772,144.98180299775012,143.87913480886206,143.94805908203125,943500,0.0,0
2021-07-30,143.86930147957858,146.34046513077845,143.86930147957858,145.96633911132812,1388200,0.0,0
2021-08-02,146.39953872410192,146.84257400992536,144.34187560317562,144.99166870117188,928500,0.0,0
2021-08-03,145.15901713994342,147.15761062012953,145.00148883048874,147.09854125976562,1344600,0.0,0
2021-08-04,146.85241444798953,148.4965768052719,146.42905897820495,146.5570526123047,1553700,0.0,0
2021-08-05,146.86227958423495,147.44314844655693,145.45440945799052,146.0352783203125,1135900,0.0,0
2021-08-06,146.03525075198243,147.08868942014635,145.2279294162277,145.55282592773438,1201700,0.0,0
2021-08-09,145.52329940647286,146.01556414434617,144.656908660543,144.9522705078125,1055600,0.0,0
2021-08-10,144.72582577634984,145.71035520339984,144.4698535334985,144.7061309814453,1273700,0.0,0
2021-08-11,145.44455601760723,146.89181575546596,145.3461120696097,146.82290649414062,1224200,0.0,0
2021-08-12,146.6949002724072,147.97479166859137,146.54722685169418,147.75819396972656,1356900,0.0,0
2021-08-13,148.14214999613478,148.81162282231028,147.57112110295287,148.2799835205078,906300,0.0,0
2021-08-16,148.339057567654,149.64848360189796,147.87632750206674,149.57955932617188,1141300,0.0,0
2021-08-17,149.61896134801302,150.0521567664837,148.52613291422713,149.35313415527344,1295100,0.0,0
2021-08-18,148.91992824118242,149.34328374220655,147.12809234520094,147.24623107910156,1366200,0.0,0
2021-08-19,146.0746471902776,149.60911975651172,146.0746471902776,149.2743682861328,1345600,0.0,0
2021-08-20,149.30389262442213,150.91852040306435,148.91992672043793,150.57394409179688,1404300,0.0,0
2021-08-23,150.8889798611942,151.03666829405552,149.36297121405224,149.4121856689453,1337600,0.0,0
2021-08-24,149.41221222486547,150.19983893859992,148.92980231753478,150.032470703125,1249700,0.0,0
2021-08-25,150.10139656256356,150.82993888665519,149.56974214055757,150.46566772460938,1080300,0.0,0
2021-08-26,150.63303110468263,151.5191017491477,150.2392252677492,151.2237548828125,888900,0.0,0
2021-08-27,151.8242974004619,152.25747775165667,151.29264306965615,151.7652130126953,1061200,0.0,0
2021-08-30,151.77506200452595,152.9958688950069,151.70613773284936,152.7300567626953,658500,0.0,0
2021-08-31,152.93682578719668,153.21249287577322,151.93261640283777,152.71038818359375,1732600,0.0,0
2021-09-01,152.15904292372943,153.90166441030664,151.80461168955657,153.43893432617188,1533100,0.0,0
2021-09-02,154.05653775739552,154.7482725952734,153.39446205340258,153.9676055908203,1710900,0.575,0
2021-09-03,154.15536550692664,154.34312124924836,153.48341345899655,153.5624542236328,1419300,0.0,0
2021-09-07,153.24624034253628,153.5130519181264,151.27976590039245,151.44775390625,1565100,0.0,0
2021-09-08,151.1908405125188,153.0683677947288,150.92402892496756,152.4161834716797,1811600,0.0,0
2021-09-09,152.55451252029633,152.73237684237532,151.73432518565014,151.9813690185547,1383700,0.0,0
2021-09-10,152.32721687887178,153.06834835589197,151.76396479708288,152.62367248535156,1249900,0.0,0
2021-09-13,153.65138274904393,154.88660187343163,152.36675184400903,153.29563903808594,1971000,0.0,0
2021-09-14,153.68103875558666,154.27393493439513,152.4260518056513,152.7521514892578,1051400,0.0,0
2021-09-15,152.72250270388778,154.49132993833183,152.34699124742158,153.78973388671875,1054500,0.0,0
2021-09-16,154.0466633103598,154.24429537572377,152.00114806238463,152.0703125,850000,0.0,0
2021-09-17,151.29954180906253,151.7837532015523,150.43983400368165,150.87461853027344,3109000,0.0,0
2021-09-20,149.20459583716126,151.17105505855167,148.73026083082385,150.92401123046875,1453000,0.0,0
2021-09-21,151.24022695675657,152.43591058062339,150.8251951558671,150.9437713623047,1127300,0.0,0
2021-09-22,151.84303299868904,152.34699701590282,150.86473394112846,151.60586547851562,1194200,0.0,0
2021-09-23,152.5050933005058,153.1968129832322,151.43786218500296,151.68490600585938,1110500,0.0,0
2021-09-24,151.33904944181035,152.38652798292787,151.33904944181035,152.36676025390625,1240200,0.0,0
2021-09-27,151.99124306589863,152.3272190548077,149.78761633135437,150.25205993652344,2123900,0.0,0
2021-09-28,149.7777302694167,150.03465040687573,147.51480049715457,148.14723205566406,1795000,0.0,0
2021-09-29,148.72038939502124,150.18288468341046,148.17688993969983,149.80738830566406,1557400,0.0,0
2021-09-30,150.2322984667032,150.6473303076497,147.5444602867419,147.5938720703125,1587100,0.0,0
2021-10-01,147.9496153108322,148.87850255678066,145.7855088715181,148.0681915283203,1241900,0.0,0
2021-10-04,147.62350514128758,148.93778007901295,146.15111853924378,147.07012939453125,1413600,0.0,0
2021-10-05,147.31717999763453,148.6709753745846,146.49699266437693,148.0780792236328,1123200,0.0,0
2021-10-06,147.238126578152,149.66904456418877,146.90215057926306,149.4911651611328,1493000,0.0,0
2021-10-07,150.43982154588562,152.32722501529184,150.43982154588562,152.16912841796875,1649600,0.0,0
2021-10-08,152.0801918437472,153.34505518120883,151.43788384897823,152.8905029296875,1563400,0.0,0
2021-10-11,152.86084419499926,153.89843130706763,152.2481803155352,152.258056640625,1035000,0.0,0
2021-10-12,152.88063456730822,154.0466743916866,152.2185437292534,152.6335906982422,1603700,0.0,0
2021-10-13,152.83119553532057,153.80947943228966,150.2026456181961,153.1375274658203,1316900,0.0,0
2021-10-14,154.34310382696987,156.2008782317817,154.1948684836991,156.09217834472656,1346500,0.0,0
2021-10-15,157.11988524989172,157.64361699445593,156.21076571067917,156.29969787597656,1162500,0.0,0
2021-10-18,155.96371139220585,156.28981105475674,154.77790403279448,155.3016357421875,1554800,0.0,0
2021-10-19,155.83524223257567,157.02104958023875,155.30163420355277,156.96176147460938,1960300,0.0,0
2021-10-20,156.72461521620295,158.67132184551187,156.72461521620295,158.60214233398438,1446800,0.0,0
2021-10-21,160.16346763190353,160.41051147726154,158.55273693509423,159.96583557128906,1489500,0.0,0
2021-10-22,160.31167793846356,162.64377229675142,160.16345767181002,162.4757843017578,1249000,0.0,0
2021-10-25,161.9915719671052,162.87106247168472,158.6515496594671,159.24444580078125,2778800,0.0,0
2021-10-26,155.9340805630458,158.33533953861502,152.1888873669174,157.39657592773438,3007400,0.0,0
2021-10-27,156.93212456144244,158.04876752945924,152.87072327911244,153.31539916992188,2572100,0.0,0
2021-10-28,154.17512370940034,155.83525107465243,153.56244473363023,155.6376190185547,1845200,0.0,0
2021-10-29,155.63761274938852,158.7207149197302,155.41033664794892,158.3353271484375,1609000,0.0,0
2021-11-01,159.01718297464873,159.63973829943777,156.6653207062101,157.39657592773438,1284900,0.0,0
2021-11-02,157.5349066818677,159.90653648148015,157.1791629658438,159.32350158691406,1168900,0.0,0
2021-11-03,159.1258824755589,159.89665807654234,156.68508804632475,157.8313751220703,1107900,0.0,0
2021-11-04,157.72266298494662,159.60019005632503,157.72266298494662,158.80966186523438,1064500,0.0,0
2021-11-05,159.1950425874472,159.76817097710503,157.38668002759314,157.9993438720703,1136300,0.0,0
2021-11-08,158.78001093183428,159.93618938163613,157.61397123491892,158.157470703125,1304000,0.0,0
2021-11-09,157.7226677357815,158.39461973412048,157.21870373702725,157.69302368164062,1196600,0.0,0
2021-11-10,157.06059731701714,160.54885520231005,156.77401801292243,160.16346740722656,1777500,0.0,0
2021-11-11,159.88678034420101,160.37097663280838,158.76026100818507,159.33340454101562,972100,0.0,0
2021-11-12,160.11406229325186,161.5172695819744,159.4915069528109,161.05282592773438,2196600,0.0,0
2021-11-15,161.07258605957028,162.07063775970542,160.51921026233262,161.0725860595703,1240400,0.0,0
2021-11-16,161.41845580033495,162.7623749323082,161.29986450038803,162.68331909179688,1450300,0.0,0
2021-11-17,163.0489307962595,163.9481739727905,162.25838751006037,163.45408630371094,1739000,0.0,0
2021-11-18,163.45407181368904,164.38295896175129,162.33742895548346,162.54495239257812,1684800,0.0,0
2021-11-19,162.88095227722016,163.5627957127681,160.6674339627162,161.45797729492188,1881500,0.0,0
2021-11-22,161.60618650554434,162.30779762289748,160.78601425226574,161.09234619140625,1794400,0.0,0
2021-11-23,160.89471998562573,163.04893504128594,160.37097317067514,162.8908233642578,1067600,0.0,0
2021-11-24,162.4560230410136,163.958053809122,161.88289460156372,163.7604217529297,1194300,0.0,0
2021-11-26,162.16944941240368,163.8197003573208,161.16150638243545,161.53701782226562,1120800,0.0,0
2021-11-29,162.89082537803284,166.0529835658909,162.278161469924,164.8572998046875,2030100,0.0,0
2021-11-30,163.54303064987133,164.58061784791414,158.38475379410204,158.7701416015625,4340600,0.0,0
2021-12-01,160.06463369338053,162.66353960326393,158.47367082920368,158.6120147705078,1652300,0.0,0
2021-12-02,159.6483799332154,163.40703778008174,159.21201716267552,162.38555908203125,1332000,0.575,0
2021-12-03,162.9409259261587,163.50620306058713,160.3425880766866,161.86985778808594,1204000,0.0,0
2021-12-06,163.4367891229827,164.36901593090911,161.8698569549359,162.12770080566406,2162100,0.0,0
2021-12-07,163.73431711010863,165.38057427292142,162.14754608014948,162.89134216308594,1407300,0.0,0
2021-12-08,162.89133729901982,163.11943052052303,160.83845290778234,162.1772918701172,1248200,0.0,0
2021-12-09,161.27481319611238,162.35580828844056,160.8682161899422,161.4434051513672,1598100,0.0,0
2021-12-10,162.77233645058863,164.28967921951445,161.97895095111704,163.35745239257812,1490600,0.0,0
2021-12-13,163.3574426619809,164.30949309858087,162.48471715129025,162.87149047851562,2328400,0.0,0
2021-12-14,162.2467200778145,162.8318360136911,159.80706234062706,161.2351531982422,1971200,0.0,0
2021-12-15,161.65167553766273,162.24671843316042,159.87648894929134,161.18556213378906,3044800,0.0,0
2021-12-16,162.25662726129818,165.12272072748144,161.85994209335894,164.66651916503906,2269000,0.0,0
2021-12-17,164.49794008310067,164.81530034833912,159.83682089854608,159.9756622314453,2603800,0.0,0
2021-12-20,158.6963195858137,159.60870753443993,156.30625146211906,159.2615966796875,1397600,0.0,0
2021-12-21,160.28309716272136,161.14591093476804,157.68477427804655,158.7062530517578,1186900,0.0,0
2021-12-22,158.8649260132968,159.67813518253712,158.21038183855742,159.33103942871094,1495600,0.0,0
2021-12-23,159.38062730019104,161.2649046098633,159.34094970252676,160.60044860839844,1778800,0.0,0
2021-12-27,161.14590049512566,162.5343137483097,160.7194495535673,162.4351348876953,1295300,0.0,0
2021-12-28,162.69299160182584,163.9029010481027,162.48472205046994,163.7739715576172,1004000,0.0,0
2021-12-29,164.24008828418405,165.47974838682643,163.5756322850761,165.00372314453125,773100,0.0,0
2021-12-30,165.61858394051308,166.04501973732556,164.0714906075493,164.3590850830078,822300,0.0,0
2021-12-31,163.92272637831118,166.22354276920578,163.92272637831118,165.5194091796875,844600,0.0,0
2022-01-03,165.09298636746297,165.25166650330527,159.66823217549126,161.3938446044922,2704000,0.0,0
2022-01-04,161.65166850629646,164.66651505201,161.62191787607256,162.94091796875,2111400,0.0,0
2022-01-05,162.99051360859872,163.66488142946673,160.1442437706299,160.5012664794922,1761300,0.0,0
2022-01-06,160.0252493474483,162.6533228009069,159.66822662050956,161.5029296875,1171700,0.0,0
2022-01-07,161.30457346100923,162.52440995007967,159.360794810456,160.42193603515625,1560300,0.0,0
2022-01-10,158.67648553750928,159.42028156346638,156.99055090518704,158.09136962890625,2299900,0.0,0
2022-01-11,158.47814459679873,158.6169859177778,156.52443913779857,158.14096069335938,2161900,0.0,0
2022-01-12,158.66658651024926,159.58888639323817,157.31783566902524,158.1112060546875,1569300,0.0,0
2022-01-13,158.53765130995453,158.8351727601604,155.85006155760664,156.1475830078125,1392700,0.0,0
2022-01-14,154.41206359317658,156.11783715179675,153.83685947386792,155.3542022705078,2086300,0.0,0
2022-01-18,154.12445792607278,154.8980045846489,152.488097584801,154.06495666503906,1955900,0.0,0
2022-01-19,154.22363125357816,155.98890605948804,153.638515306887,153.7971954345703,1490300,0.0,0
2022-01-20,154.47156480150898,155.67156247166295,151.58564750523297,151.96249389648438,2424700,0.0,0
2022-01-21,151.65505973829104,152.87488106821087,149.8996967583587,150.1476287841797,2526500,0.0,0
2022-01-24,148.48152074524856,149.2649792247247,145.72451805319372,148.55093383789062,4117100,0.0,0
2022-01-25,147.51955931262972,147.86667021109935,144.31628169038947,146.78567504882812,3642900,0.0,0
2022-01-26,146.87492530138672,149.51291032460915,145.387333276589,146.736083984375,2401000,0.0,0
2022-01-27,147.02369366507244,148.83855793903874,144.07825994056958,145.0402374267578,2856800,0.0,0
2022-01-28,145.14932014581822,146.70632533836485,142.85843073771397,146.67657470703125,3214500,0.0,0
2022-01-31,146.28980081211103,149.39391448507544,146.16088645434425,149.19557189941406,2040100,0.0,0
2022-02-01,149.25506336381525,149.9988593606449,146.68649148657994,148.52117919921875,3067400,0.0,0
2022-02-02,141.79727834470225,147.3410498792529,141.79727834470225,146.89476013183594,4096900,0.0,0
2022-02-03,145.55593378742336,147.14268962769145,145.0501427843895,145.21873474121094,2224500,0.0,0
2022-02-04,143.80057163382358,145.49643330935308,143.05677557364862,143.830322265625,1627700,0.0,0
2022-02-07,144.47493219023923,145.29806827129516,143.58238301599818,143.8898162841797,1670900,0.0,0
2022-02-08,143.99891499231384,144.62370852861946,143.1162776014957,143.94932556152344,1762500,0.0,0
2022-02-09,144.5741152171604,146.2699768562254,144.5047021219728,145.427001953125,1559600,0.0,0
2022-02-10,144.06834327419682,145.38734344433738,142.09479893555286,142.63034057617188,1924300,0.0,0
2022-02-11,142.70967024861972,143.36421443887357,140.3096900169257,141.46009826660156,2289200,0.0,0
2022-02-14,141.32124727923323,141.96586445940912,139.40721940427753,140.5972900390625,2143300,0.0,0
2022-02-15,141.82702794322978,142.20388945783276,140.67663486574688,141.499755859375,2092400,0.0,0
2022-02-16,141.04355991707294,141.9658597100918,140.14108378896282,141.3906707763672,2023300,0.0,0
2022-02-17,140.736136186816,142.3427308422381,140.349362838934,141.87661743164062,1915300,0.0,0
2022-02-18,141.58902697564181,142.79893648449632,140.8948203228327,141.1526641845703,1746100,0.0,0
2022-02-22,141.0733135873626,141.35099622775505,139.6154721590177,140.35926818847656,2407800,0.0,0
2022-02-23,140.78573206395316,141.35100922940094,139.36755296840317,139.43698120117188,2201100,0.0,0
2022-02-24,138.0485550819337,141.24192092694454,137.43368847301122,140.73614501953125,3067700,0.0,0
2022-02-25,141.03364912649502,144.3261783013277,140.82537958286616,143.95924377441406,1605500,0.0,0
2022-02-28,142.67992119048873,144.15760155160137,141.97580269257708,143.20553588867188,2230100,0.0,0
2022-03-01,143.11628089154704,146.06171458388565,142.86834886446513,145.3675079345703,3224800,0.0,0
2022-03-02,146.11130016749988,149.75094041329206,145.84352934818443,148.9178924560547,2150500,0.0,0
2022-03-03,149.9988661504314,153.15255405610986,149.89968729333742,151.54595947265625,2215700,0.0,0
2022-03-04,150.49474457917572,156.69304542675297,149.8798779775186,156.51454162597656,2631200,0.0,0
2022-03-07,155.90957227679937,157.12939353240137,154.1542094038128,154.56082153320312,2972700,0.0,0
2022-03-08,153.71784256242867,154.97734138054327,146.63690512969438,146.736083984375,3031000,0.0,0
2022-03-09,148.62036210370815,149.83027150214266,147.03359121418362,148.73936462402344,1959800,0.0,0
2022-03-10,147.69804575917405,150.5641542449164,147.69804575917405,150.19720458984375,1920500,0.0,0
2022-03-11,150.94101354912246,152.30960316732916,150.13771621063412,150.21705627441406,1415500,0.0,0
2022-03-14,150.9608444916256,153.37073638167053,149.87986455245075,153.17239379882812,1839000,0.0,0
2022-03-15,154.30296806876885,154.7492426774838,152.57737089739496,153.88644409179688,1965300,0.0,0
2022-03-16,154.28480749788415,155.0317324074573,151.57595861013405,153.8665313720703,2051600,0.65,0
2022-03-17,153.86652589650654,155.0815249218728,153.5876751558873,154.9918975830078,1339900,0.0,0
2022-03-18,155.02176949491061,155.80852366569454,153.47812173599374,155.03172302246094,2834700,0.0,0
2022-03-21,155.40021231733178,156.684931686708,154.8425108097248,155.3902587890625,1509600,0.0,0
2022-03-22,155.60935113042464,156.41602757528864,153.58767565623623,154.19517517089844,1304900,0.0,0
2022-03-23,154.06570416710665,154.35452363426418,152.79095357140113,152.92042541503906,1318200,0.0,0
2022-03-24,153.32875362614226,154.45411016749387,152.71128536141012,154.40431213378906,1322100,0.0,0
2022-03-25,154.71304166169742,155.70894147233923,154.0955734456664,155.63922119140625,1106900,0.0,0
2022-03-28,155.92804330689768,157.52147391337738,155.6591460984933,157.5115203857422,1439100,0.0,0
2022-03-29,158.387899260323,158.56716912834597,155.3703240485915,157.1031951904297,1278900,0.0,0
2022-03-30,157.4816541805011,158.82610991180664,157.15300539385495,158.79623413085938,1166000,0.0,0
2022-03-31,159.1448010340574,160.51913251059148,157.85012817382812,157.85012817382812,1625900,0.0,0
2022-04-01,157.78040796525013,159.34397804399526,157.15300138513552,159.15475463867188,1605600,0.0,0
2022-04-04,158.995409210148,159.34398024542534,157.56132615276914,158.73648071289062,962900,0.0,0
2022-04-05,158.66676723720073,161.61462220604488,158.5970469553399,159.93154907226562,1291400,0.0,0
2022-04-06,159.47344433484372,161.50507329780814,159.12487331652207,160.43946838378906,1799900,0.0,0
2022-04-07,160.74819697123877,163.83547736037937,159.95147405925147,163.1084747314453,1968500,0.0,0
2022-04-08,163.43712545366736,165.11022991221176,162.62048028016895,164.4728546142578,1536100,0.0,0
2022-04-11,164.32347544567543,165.16999639767374,162.98897329218048,163.48692321777344,1381200,0.0,0
2022-04-12,162.62048442698355,163.87532799911608,160.90755061698607,161.1864013671875,1666800,0.0,0
2022-04-13,160.98720971415506,161.7341346250396,157.74058157215174,159.08505249023438,1802000,0.0,0
2022-04-14,159.4336106389897,160.48926209692604,158.38791270936784,158.50743103027344,1282700,0.0,0
2022-04-18,157.98955863707405,159.3738588824174,156.43595723323278,157.3621368408203,1098500,0.0,0
2022-04-19,157.71070052757446,159.08504718052342,157.66090249593233,158.42774963378906,1343100,0.0,0
2022-04-20,159.04519883684773,160.56892435170965,158.8161461322949,159.93154907226562,1546000,0.0,0
2022-04-21,160.83782410013765,161.99307156120182,160.08094569266058,160.4992218017578,1352000,0.0,0
2022-04-22,160.54902315848904,160.84778095958563,156.66500458574833,156.8641815185547,1599900,0.0,0
2022-04-25,156.7944688488045,156.99364577197997,152.52205014499893,155.32054138183594,2538400,0.0,0
2022-04-26,164.9708090485614,167.06220487511592,161.37560987380223,163.47695922851562,3388400,0.0,0
2022-04-27,164.32347612808198,167.6896225018616,163.87532423243235,166.763427734375,3318300,0.0,0
2022-04-28,166.2854023829033,169.482232453281,164.73180101828316,168.95440673828125,2162900,0.0,0
2022-04-29,168.297125050403,168.92453163711394,163.4371288061725,163.76577758789062,2238000,0.0,0
2022-05-02,162.92922511609487,164.2238827925424,156.40607791611427,158.38790893554688,2388500,0.0,0
2022-05-03,158.50742614143937,161.55487729657685,157.82025280327582,158.67672729492188,1706500,0.0,0
2022-05-04,158.3680025524411,161.8835278993777,157.76050302017077,161.6644287109375,1698600,0.0,0
2022-05-05,161.11667257410946,161.36564753051601,156.75462647507456,157.9895477294922,1938400,0.0,0
2022-05-06,157.22271171948776,161.6743854703274,156.14713800825538,161.11668395996094,1933700,0.0,0
2022-05-09,160.0909004668764,160.31995317683138,157.88000158998727,158.58709716796875,2040700,0.0,0
2022-05-10,159.65269676142907,160.22036694963444,154.4640672400344,156.3064727783203,2149500,0.0,0
2022-05-11,156.4558673180902,158.71654896123766,156.40606928799872,157.13307189941406,1423700,0.0,0
2022-05-12,157.56131621198287,158.81614450660513,153.40840061617132,154.84249877929688,2337100,0.0,0
2022-05-13,156.8442713498809,158.04930164699107,155.47987823497212,157.25257873535156,2052500,0.0,0
2022-05-16,157.401968338995,158.18872250420168,155.99774595686367,156.7845001220703,1810000,0.0,0
2022-05-17,158.2982760841242,158.2982760841242,154.5238223874652,156.5853271484375,1796600,0.0,0
2022-05-18,156.35628206329616,156.78451171998154,152.024111481778,152.43243408203125,1954500,0.0,0
2022-05-19,151.2274049029935,153.46817966331704,149.67378830433898,152.1436309814453,1850200,0.0,0
2022-05-20,152.51210692819527,154.29476102603704,150.6597325446048,153.8665313720703,2706000,0.0,0
2022-05-23,154.41427260244856,155.7587282632384,152.7311994483062,155.44004821777344,1781700,0.0,0
2022-05-24,155.63923177070436,157.521481932911,154.08563039189588,156.95382690429688,1661000,0.0,0
2022-05-25,157.11315555570476,157.64098126282593,154.9819304751893,155.37033081054688,1604700,0.0,0
2022-05-26,156.68492656736433,157.9497236426511,156.07742704580696,157.34222412109375,1585000,0.0,0
2022-05-27,157.62107195885366,160.34982779533863,157.62107195885366,160.33987426757812,1518500,0.0,0
2022-05-31,159.16471844908443,159.34397312466146,157.202794564289,157.86007690429688,4298000,0.0,0
2022-06-01,158.41779932150243,158.81615319027375,157.1530022340031,157.8800048828125,1302400,0.0,0
2022-06-02,158.35000610351562,159.5500030517578,156.39999389648438,159.3800048828125,1064600,0.65,0
2022-06-03,158.39999389648438,159.47000122070312,157.63999938964844,159.1199951171875,1007800,0.0,0
2022-06-06,160.0,160.19000244140625,157.77000427246094,157.94000244140625,1230700,0.0,0
2022-06-07,157.3000030517578,159.83999633789062,156.88999938964844,159.8000030517578,1287500,0.0,0
2022-06-08,158.72999572753906,159.4600067138672,156.91000366210938,157.05999755859375,1075400,0.0,0
2022-06-09,156.72000122070312,157.2899932861328,153.27999877929688,153.35000610351562,1046800,0.0,0
2022-06-10,151.85000610351562,153.05999755859375,150.44000244140625,151.41000366210938,1372800,0.0,0
2022-06-13,149.0,150.39999389648438,147.10000610351562,147.86000061035156,1683800,0.0,0
2022-06-14,147.25999450683594,148.66000366210938,145.17999267578125,145.6199951171875,1394600,0.0,0
2022-06-15,146.47999572753906,147.5399932861328,143.22999572753906,145.41000366210938,1291900,0.0,0
2022-06-16,143.75,144.4199981689453,141.6199951171875,142.33999633789062,1834300,0.0,0
2022-06-17,141.44000244140625,141.9600067138672,138.88999938964844,140.64999389648438,3307700,0.0,0
2022-06-21,141.99000549316406,144.57000732421875,141.1699981689453,143.99000549316406,1529000,0.0,0
2022-06-22,143.2100067138672,146.24000549316406,142.58999633789062,144.91000366210938,1400400,0.0,0
2022-06-23,145.5800018310547,147.5399932861328,145.08999633789062,147.19000244140625,1357800,0.0,0
2022-06-24,148.1300048828125,150.6199951171875,147.5500030517578,150.30999755859375,4927000,0.0,0
2022-06-27,149.80999755859375,150.57000732421875,149.10000610351562,149.52999877929688,1096000,0.0,0
2022-06-28,150.08999633789062,150.8699951171875,148.55999755859375,148.8800048828125,1153800,0.0,0
2022-06-29,149.7899932861328,151.6699981689453,148.5800018310547,151.25,1282000,0.0,0
2022-06-30,150.11000061035156,153.44000244140625,150.0399932861328,152.97999572753906,1841300,0.0,0
2022-07-01,152.94000244140625,156.00999450683594,152.80999755859375,155.64999389648438,1519300,0.0,0
2022-07-05,154.5,154.9199981689453,150.35000610351562,151.6999969482422,1434900,0.0,0
2022-07-06,151.75999450683594,155.42999267578125,151.27999877929688,154.55999755859375,1608100,0.0,0
2022-07-07,154.38999938964844,155.19000244140625,153.1999969482422,153.55999755859375,1124000,0.0,0
2022-07-08,153.35000610351562,153.77000427246094,152.35000610351562,152.75999450683594,881100,0.0,0
2022-07-11,152.44000244140625,153.66000366210938,152.10000610351562,152.5800018310547,1121000,0.0,0
2022-07-12,152.16000366210938,153.60000610351562,150.60000610351562,151.02999877929688,1667900,0.0,0
